0 , 34.75 , 130.00 , 0.00 , 0
1 , 33.00 , 130.00 , 0.00 , 0
2 , 33.75 , 130.00 , 0.00 , 0
3 , 33.75 , 130.00 , 0.00 , 0
4 , 34.00 , 130.00 , 0.00 , 0
5 , 34.00 , 130.00 , 0.00 , 0
6 , 33.50 , 130.00 , 0.00 , 0
7 , 33.50 , 130.00 , 0.00 , 0
8 , 39.75 , 130.00 , 0.00 , 0
9 , 37.25 , 130.00 , 0.00 , 0
10 , 38.75 , 130.00 , 0.00 , 0
11 , 40.75 , 130.00 , 0.00 , 0
12 , 43.25 , 130.00 , 0.00 , 0
13 , 44.75 , 130.00 , 0.00 , 0
14 , 48.50 , 130.00 , 0.00 , 0
15 , 50.75 , 130.00 , 0.00 , 0
16 , 53.50 , 130.00 , 0.00 , 0
17 , 56.50 , 130.00 , 0.00 , 0
18 , 58.25 , 130.00 , 0.00 , 0
19 , 60.25 , 130.00 , 0.00 , 0
20 , 62.75 , 130.00 , 0.00 , 0
21 , 65.00 , 130.00 , 0.00 , 0
22 , 67.75 , 130.00 , 0.00 , 0
23 , 69.75 , 130.00 , 0.00 , 0
24 , 72.00 , 130.00 , 0.00 , 0
25 , 74.25 , 130.00 , 0.00 , 0
26 , 75.75 , 130.00 , 0.00 , 0
27 , 78.75 , 130.00 , 0.00 , 0
28 , 80.50 , 130.00 , 0.00 , 0
29 , 82.50 , 130.00 , 0.00 , 0
30 , 84.50 , 130.00 , 0.00 , 0
31 , 86.50 , 130.00 , 0.00 , 0
32 , 88.50 , 130.00 , 0.00 , 0
33 , 91.00 , 130.00 , 0.00 , 0
34 , 93.25 , 130.00 , 0.00 , 0
Temperature has reached 95, please wait 60s for the initial denaturing to complete
35 , 95.00 , 118.12 , 0.00 , 0
Initial Denaturing has completed, Amplification Loop will start now
Going to Denaturing Temperature
Denaturing DNA Now
36 , 97.00 , 100.87 , 0.00 , 1
37 , 98.00 , 80.37 , 0.00 , 1
38 , 98.00 , 68.37 , 0.00 , 1
39 , 98.00 , 65.37 , 0.00 , 1
40 , 98.00 , 62.38 , 0.00 , 1
Going to Annealing Temperature
41 , 97.25 , 62.38 , 0.00 , 1
42 , 95.75 , 62.38 , 0.00 , 1
43 , 92.50 , 62.38 , 0.00 , 1
44 , 88.75 , 62.38 , 0.00 , 1
45 , 85.00 , 62.38 , 0.00 , 1
46 , 81.00 , 62.38 , 0.00 , 1
47 , 77.50 , 62.38 , 0.00 , 1
48 , 74.00 , 62.38 , 0.00 , 1
49 , 71.25 , 62.38 , 0.00 , 1
50 , 68.75 , 62.38 , 0.00 , 1
51 , 66.00 , 62.38 , 0.00 , 1
52 , 63.75 , 62.38 , 0.00 , 1
53 , 61.50 , 62.38 , 0.00 , 1
54 , 59.00 , 62.38 , 0.00 , 1
55 , 57.00 , 62.38 , 0.00 , 1
56 , 55.50 , 62.38 , 0.00 , 1
57 , 53.75 , 62.38 , 0.00 , 1
58 , 51.75 , 62.38 , 0.00 , 1
Annealing DNA Now
59 , 50.75 , 62.38 , 49.25 , 1
60 , 49.75 , 62.38 , 57.88 , 1
61 , 50.25 , 62.38 , 65.00 , 1
62 , 51.50 , 62.38 , 62.38 , 1
63 , 53.25 , 62.38 , 50.38 , 1
64 , 54.25 , 62.38 , 33.00 , 1
65 , 54.75 , 62.38 , 21.87 , 1
66 , 55.00 , 62.38 , 15.00 , 1
67 , 54.75 , 62.38 , 10.25 , 1
68 , 54.50 , 62.38 , 10.13 , 1
Going to Extension Temperature
69 , 54.50 , 130.00 , 10.13 , 1
70 , 57.00 , 130.00 , 10.13 , 1
71 , 60.25 , 130.00 , 10.13 , 1
72 , 64.75 , 130.00 , 10.13 , 1
73 , 68.50 , 118.12 , 10.13 , 1
Extending DNA Now
74 , 72.25 , 84.62 , 10.13 , 1
75 , 73.75 , 49.25 , 10.13 , 1
76 , 75.25 , 33.38 , 10.13 , 1
77 , 75.00 , 16.75 , 10.13 , 1
78 , 74.75 , 16.00 , 10.13 , 1
79 , 74.00 , 15.38 , 10.13 , 1
80 , 73.00 , 19.62 , 10.13 , 1
81 , 72.00 , 26.62 , 10.13 , 1
82 , 71.75 , 34.13 , 10.13 , 1
83 , 71.50 , 35.00 , 10.13 , 1
84 , 71.00 , 36.00 , 10.13 , 1
85 , 71.25 , 39.50 , 10.13 , 1
86 , 70.75 , 36.13 , 10.13 , 1
87 , 71.25 , 39.75 , 10.13 , 1
88 , 70.75 , 34.13 , 10.13 , 1
89 , 70.50 , 37.75 , 10.13 , 1
90 , 70.75 , 39.25 , 10.13 , 1
91 , 70.00 , 36.13 , 10.13 , 1
92 , 70.75 , 42.38 , 10.13 , 1
93 , 70.75 , 34.75 , 10.13 , 1
94 , 70.75 , 34.75 , 10.13 , 1
Going to Denaturing Temperature
95 , 70.25 , 130.00 , 10.13 , 2
96 , 73.50 , 130.00 , 10.13 , 2
97 , 77.50 , 130.00 , 10.13 , 2
98 , 81.00 , 130.00 , 10.13 , 2
99 , 85.25 , 130.00 , 10.13 , 2
100 , 89.00 , 130.00 , 10.13 , 2
101 , 92.75 , 125.87 , 10.13 , 2
Denaturing DNA Now
102 , 96.00 , 91.75 , 10.13 , 2
103 , 98.25 , 60.50 , 10.13 , 2
104 , 98.75 , 37.13 , 10.13 , 2
105 , 98.00 , 29.25 , 10.13 , 2
106 , 97.00 , 33.00 , 10.13 , 2
Going to Annealing Temperature
107 , 96.00 , 33.00 , 10.13 , 2
108 , 94.25 , 33.00 , 10.13 , 2
109 , 91.25 , 33.00 , 10.13 , 2
110 , 87.25 , 33.00 , 10.13 , 2
111 , 83.25 , 33.00 , 10.13 , 2
112 , 79.75 , 33.00 , 10.13 , 2
113 , 75.75 , 33.00 , 10.13 , 2
114 , 72.25 , 33.00 , 10.13 , 2
115 , 69.75 , 33.00 , 10.13 , 2
116 , 66.75 , 33.00 , 10.13 , 2
117 , 64.25 , 33.00 , 10.13 , 2
118 , 62.00 , 33.00 , 10.13 , 2
119 , 59.75 , 33.00 , 10.13 , 2
120 , 57.75 , 33.00 , 10.13 , 2
121 , 56.00 , 33.00 , 10.13 , 2
122 , 54.25 , 33.00 , 10.13 , 2
123 , 52.50 , 33.00 , 10.13 , 2
124 , 51.25 , 33.00 , 10.13 , 2
Annealing DNA Now
125 , 49.75 , 33.00 , 53.75 , 2
126 , 48.25 , 33.00 , 65.00 , 2
127 , 49.75 , 33.00 , 65.00 , 2
128 , 51.25 , 33.00 , 65.00 , 2
129 , 52.75 , 33.00 , 53.13 , 2
130 , 55.00 , 33.00 , 38.25 , 2
131 , 56.00 , 33.00 , 15.50 , 2
132 , 56.50 , 33.00 , 3.50 , 2
133 , 56.00 , 33.00 , 0.00 , 2
134 , 55.50 , 33.00 , 0.00 , 2
Going to Extension Temperature
135 , 54.75 , 130.00 , 0.00 , 2
136 , 55.50 , 130.00 , 0.00 , 2
137 , 59.50 , 130.00 , 0.00 , 2
138 , 64.00 , 130.00 , 0.00 , 2
139 , 68.50 , 124.12 , 0.00 , 2
Extending DNA Now
140 , 73.00 , 83.87 , 0.00 , 2
141 , 75.50 , 41.38 , 0.00 , 2
142 , 76.75 , 15.63 , 0.00 , 2
143 , 76.00 , 0.50 , 0.00 , 2
144 , 75.25 , 3.75 , 0.00 , 2
145 , 73.25 , 7.38 , 0.00 , 2
146 , 72.75 , 23.25 , 0.00 , 2
147 , 72.50 , 25.87 , 0.00 , 2
148 , 72.25 , 26.37 , 0.00 , 2
149 , 71.50 , 27.00 , 0.00 , 2
150 , 70.75 , 32.50 , 0.00 , 2
151 , 70.25 , 38.38 , 0.00 , 2
152 , 70.25 , 42.25 , 0.00 , 2
153 , 70.75 , 41.63 , 0.00 , 2
154 , 71.25 , 36.25 , 0.00 , 2
155 , 71.25 , 30.62 , 0.00 , 2
156 , 71.25 , 29.50 , 0.00 , 2
157 , 71.00 , 28.37 , 0.00 , 2
158 , 70.75 , 29.62 , 0.00 , 2
159 , 70.75 , 31.00 , 0.00 , 2
160 , 70.75 , 31.00 , 0.00 , 2
Going to Denaturing Temperature
161 , 70.75 , 130.00 , 0.00 , 3
162 , 74.00 , 130.00 , 0.00 , 3
163 , 78.50 , 130.00 , 0.00 , 3
164 , 82.25 , 130.00 , 0.00 , 3
165 , 86.75 , 130.00 , 0.00 , 3
166 , 90.75 , 130.00 , 0.00 , 3
167 , 95.00 , 103.12 , 0.00 , 3
Denaturing DNA Now
168 , 97.50 , 63.38 , 0.00 , 3
169 , 99.00 , 38.13 , 0.00 , 3
170 , 98.75 , 21.12 , 0.00 , 3
171 , 97.75 , 20.00 , 0.00 , 3
172 , 97.00 , 26.12 , 0.00 , 3
Going to Annealing Temperature
173 , 95.75 , 26.12 , 0.00 , 3
174 , 93.75 , 26.12 , 0.00 , 3
175 , 90.75 , 26.12 , 0.00 , 3
176 , 87.00 , 26.12 , 0.00 , 3
177 , 83.00 , 26.12 , 0.00 , 3
178 , 79.25 , 26.12 , 0.00 , 3
179 , 75.25 , 26.12 , 0.00 , 3
180 , 72.00 , 26.12 , 0.00 , 3
181 , 69.50 , 26.12 , 0.00 , 3
182 , 66.75 , 26.12 , 0.00 , 3
183 , 64.00 , 26.12 , 0.00 , 3
184 , 61.50 , 26.12 , 0.00 , 3
185 , 60.00 , 26.12 , 0.00 , 3
186 , 57.75 , 26.12 , 0.00 , 3
187 , 55.75 , 26.12 , 0.00 , 3
188 , 54.25 , 26.12 , 0.00 , 3
189 , 52.00 , 26.12 , 0.00 , 3
Annealing DNA Now
190 , 51.25 , 26.12 , 47.00 , 3
191 , 50.00 , 26.12 , 53.13 , 3
192 , 50.25 , 26.12 , 64.37 , 3
193 , 52.00 , 26.12 , 62.00 , 3
194 , 54.00 , 26.12 , 45.25 , 3
195 , 55.50 , 26.12 , 25.25 , 3
196 , 56.00 , 26.12 , 9.00 , 3
197 , 56.00 , 26.12 , 1.50 , 3
198 , 55.50 , 26.12 , 0.00 , 3
199 , 55.00 , 26.12 , 0.25 , 3
Going to Extension Temperature
200 , 54.75 , 130.00 , 0.25 , 3
201 , 55.25 , 130.00 , 0.25 , 3
202 , 59.25 , 130.00 , 0.25 , 3
203 , 64.25 , 130.00 , 0.25 , 3
204 , 69.25 , 120.75 , 0.25 , 3
Extending DNA Now
205 , 73.50 , 75.62 , 0.25 , 3
206 , 76.75 , 35.13 , 0.25 , 3
207 , 77.50 , 2.00 , 0.25 , 3
208 , 76.75 , 0.00 , 0.25 , 3
209 , 75.75 , 0.00 , 0.25 , 3
210 , 74.25 , 0.00 , 0.25 , 3
211 , 73.25 , 10.38 , 0.25 , 3
212 , 71.75 , 17.25 , 0.25 , 3
213 , 72.00 , 29.37 , 0.25 , 3
214 , 71.75 , 25.62 , 0.25 , 3
215 , 71.25 , 26.50 , 0.25 , 3
216 , 71.00 , 29.87 , 0.25 , 3
217 , 70.50 , 31.12 , 0.25 , 3
218 , 69.75 , 34.88 , 0.25 , 3
219 , 70.25 , 41.25 , 0.25 , 3
220 , 70.50 , 36.13 , 0.25 , 3
221 , 70.75 , 33.13 , 0.25 , 3
222 , 70.00 , 30.00 , 0.25 , 3
223 , 70.50 , 36.25 , 0.25 , 3
224 , 70.00 , 31.00 , 0.25 , 3
225 , 70.00 , 31.00 , 0.25 , 3
Going to Denaturing Temperature
226 , 70.25 , 130.00 , 0.25 , 4
227 , 73.25 , 130.00 , 0.25 , 4
228 , 77.25 , 130.00 , 0.25 , 4
229 , 82.00 , 130.00 , 0.25 , 4
230 , 86.50 , 130.00 , 0.25 , 4
231 , 90.75 , 130.00 , 0.25 , 4
232 , 95.50 , 102.75 , 0.25 , 4
Denaturing DNA Now
233 , 98.25 , 58.25 , 0.25 , 4
234 , 98.75 , 30.37 , 0.25 , 4
235 , 98.50 , 22.50 , 0.25 , 4
236 , 97.00 , 21.50 , 0.25 , 4
237 , 96.25 , 32.50 , 0.25 , 4
Going to Annealing Temperature
238 , 94.75 , 32.50 , 0.25 , 4
239 , 93.25 , 32.50 , 0.25 , 4
240 , 90.25 , 32.50 , 0.25 , 4
241 , 86.00 , 32.50 , 0.25 , 4
242 , 81.75 , 32.50 , 0.25 , 4
243 , 78.25 , 32.50 , 0.25 , 4
244 , 74.50 , 32.50 , 0.25 , 4
245 , 71.50 , 32.50 , 0.25 , 4
246 , 68.50 , 32.50 , 0.25 , 4
247 , 66.00 , 32.50 , 0.25 , 4
248 , 63.75 , 32.50 , 0.25 , 4
249 , 61.25 , 32.50 , 0.25 , 4
250 , 58.50 , 32.50 , 0.25 , 4
251 , 57.50 , 32.50 , 0.25 , 4
252 , 55.00 , 32.50 , 0.25 , 4
253 , 53.50 , 32.50 , 0.25 , 4
254 , 51.75 , 32.50 , 0.25 , 4
Annealing DNA Now
255 , 50.75 , 32.50 , 49.25 , 4
256 , 49.50 , 32.50 , 57.88 , 4
257 , 50.50 , 32.50 , 65.00 , 4
258 , 51.50 , 32.50 , 60.13 , 4
259 , 54.25 , 32.50 , 50.38 , 4
260 , 55.50 , 32.50 , 23.50 , 4
261 , 56.75 , 32.50 , 9.50 , 4
262 , 56.25 , 32.50 , 0.00 , 4
263 , 56.25 , 32.50 , 0.00 , 4
264 , 55.25 , 32.50 , 0.00 , 4
Going to Extension Temperature
265 , 55.25 , 130.00 , 0.00 , 4
266 , 55.75 , 130.00 , 0.00 , 4
267 , 60.00 , 130.00 , 0.00 , 4
268 , 65.00 , 130.00 , 0.00 , 4
269 , 69.75 , 112.25 , 0.00 , 4
Extending DNA Now
270 , 74.25 , 69.12 , 0.00 , 4
271 , 76.25 , 26.00 , 0.00 , 4
272 , 77.25 , 4.38 , 0.00 , 4
273 , 76.25 , 0.00 , 0.00 , 4
274 , 75.50 , 0.00 , 0.00 , 4
275 , 74.50 , 0.12 , 0.00 , 4
276 , 73.50 , 6.38 , 0.00 , 4
277 , 72.50 , 13.13 , 0.00 , 4
278 , 71.75 , 20.37 , 0.00 , 4
279 , 70.75 , 25.75 , 0.00 , 4
280 , 70.75 , 33.88 , 0.00 , 4
281 , 70.50 , 33.00 , 0.00 , 4
282 , 70.25 , 34.50 , 0.00 , 4
283 , 70.25 , 36.13 , 0.00 , 4
284 , 70.25 , 35.50 , 0.00 , 4
285 , 70.50 , 34.88 , 0.00 , 4
286 , 69.75 , 31.87 , 0.00 , 4
287 , 70.25 , 38.25 , 0.00 , 4
288 , 70.50 , 33.13 , 0.00 , 4
289 , 70.00 , 30.12 , 0.00 , 4
290 , 70.50 , 30.12 , 0.00 , 4
Going to Denaturing Temperature
291 , 69.75 , 130.00 , 0.00 , 5
292 , 73.75 , 130.00 , 0.00 , 5
293 , 77.75 , 130.00 , 0.00 , 5
294 , 82.50 , 130.00 , 0.00 , 5
295 , 86.50 , 130.00 , 0.00 , 5
296 , 91.50 , 130.00 , 0.00 , 5
297 , 96.00 , 94.00 , 0.00 , 5
Denaturing DNA Now
298 , 98.75 , 51.50 , 0.00 , 5
299 , 99.00 , 23.37 , 0.00 , 5
300 , 98.00 , 17.62 , 0.00 , 5
301 , 96.50 , 23.62 , 0.00 , 5
302 , 95.25 , 34.88 , 0.00 , 5
Going to Annealing Temperature
303 , 94.75 , 34.88 , 0.00 , 5
304 , 93.00 , 34.88 , 0.00 , 5
305 , 89.25 , 34.88 , 0.00 , 5
306 , 85.75 , 34.88 , 0.00 , 5
307 , 81.50 , 34.88 , 0.00 , 5
308 , 77.75 , 34.88 , 0.00 , 5
309 , 74.75 , 34.88 , 0.00 , 5
310 , 71.00 , 34.88 , 0.00 , 5
311 , 68.00 , 34.88 , 0.00 , 5
312 , 65.50 , 34.88 , 0.00 , 5
313 , 62.75 , 34.88 , 0.00 , 5
314 , 60.75 , 34.88 , 0.00 , 5
315 , 58.75 , 34.88 , 0.00 , 5
316 , 56.75 , 34.88 , 0.00 , 5
317 , 55.25 , 34.88 , 0.00 , 5
318 , 53.25 , 34.88 , 0.00 , 5
319 , 51.25 , 34.88 , 0.00 , 5
Annealing DNA Now
320 , 50.25 , 34.88 , 53.75 , 5
321 , 49.50 , 34.88 , 62.63 , 5
322 , 50.50 , 34.88 , 65.00 , 5
323 , 52.25 , 34.88 , 60.25 , 5
324 , 54.00 , 34.88 , 43.38 , 5
325 , 55.25 , 34.88 , 25.62 , 5
326 , 56.00 , 34.88 , 11.75 , 5
327 , 56.50 , 34.88 , 2.00 , 5
328 , 55.75 , 34.88 , 0.00 , 5
329 , 55.50 , 34.88 , 0.00 , 5
Going to Extension Temperature
330 , 55.00 , 130.00 , 0.00 , 5
331 , 55.75 , 130.00 , 0.00 , 5
332 , 60.25 , 130.00 , 0.00 , 5
333 , 65.00 , 130.00 , 0.00 , 5
334 , 69.75 , 112.62 , 0.00 , 5
Extending DNA Now
335 , 74.25 , 69.50 , 0.00 , 5
336 , 76.75 , 26.37 , 0.00 , 5
337 , 77.00 , 0.00 , 0.00 , 5
338 , 76.25 , 0.00 , 0.00 , 5
339 , 74.75 , 0.00 , 0.00 , 5
340 , 75.00 , 7.50 , 0.00 , 5
341 , 73.25 , 2.25 , 0.00 , 5
342 , 72.00 , 15.88 , 0.00 , 5
343 , 71.50 , 25.62 , 0.00 , 5
344 , 71.25 , 28.87 , 0.00 , 5
345 , 70.25 , 30.00 , 0.00 , 5
346 , 70.50 , 38.38 , 0.00 , 5
347 , 70.50 , 35.38 , 0.00 , 5
348 , 70.50 , 34.63 , 0.00 , 5
349 , 70.75 , 33.88 , 0.00 , 5
350 , 70.50 , 30.75 , 0.00 , 5
351 , 70.75 , 32.25 , 0.00 , 5
352 , 69.75 , 29.12 , 0.00 , 5
353 , 69.75 , 37.75 , 0.00 , 5
354 , 69.75 , 37.38 , 0.00 , 5
355 , 69.75 , 37.38 , 0.00 , 5
Going to Denaturing Temperature
356 , 70.00 , 130.00 , 0.00 , 6
357 , 73.50 , 130.00 , 0.00 , 6
358 , 77.25 , 130.00 , 0.00 , 6
359 , 81.50 , 130.00 , 0.00 , 6
360 , 86.00 , 130.00 , 0.00 , 6
361 , 90.50 , 130.00 , 0.00 , 6
362 , 94.75 , 105.37 , 0.00 , 6
Denaturing DNA Now
363 , 97.50 , 65.75 , 0.00 , 6
364 , 98.50 , 38.25 , 0.00 , 6
365 , 98.50 , 26.00 , 0.00 , 6
366 , 97.75 , 22.75 , 0.00 , 6
367 , 96.25 , 26.62 , 0.00 , 6
Going to Annealing Temperature
368 , 94.75 , 26.62 , 0.00 , 6
369 , 93.25 , 26.62 , 0.00 , 6
370 , 90.25 , 26.62 , 0.00 , 6
371 , 85.50 , 26.62 , 0.00 , 6
372 , 82.00 , 26.62 , 0.00 , 6
373 , 78.25 , 26.62 , 0.00 , 6
374 , 74.50 , 26.62 , 0.00 , 6
375 , 71.00 , 26.62 , 0.00 , 6
376 , 68.50 , 26.62 , 0.00 , 6
377 , 65.75 , 26.62 , 0.00 , 6
378 , 63.25 , 26.62 , 0.00 , 6
379 , 61.00 , 26.62 , 0.00 , 6
380 , 59.00 , 26.62 , 0.00 , 6
381 , 57.00 , 26.62 , 0.00 , 6
382 , 55.00 , 26.62 , 0.00 , 6
383 , 53.00 , 26.62 , 0.00 , 6
384 , 51.50 , 26.62 , 0.00 , 6
Annealing DNA Now
385 , 50.00 , 26.62 , 51.50 , 6
386 , 49.00 , 26.62 , 65.00 , 6
387 , 50.00 , 26.62 , 65.00 , 6
388 , 52.25 , 26.62 , 65.00 , 6
389 , 54.75 , 26.62 , 43.63 , 6
390 , 55.75 , 26.62 , 18.75 , 6
391 , 56.00 , 26.62 , 6.88 , 6
392 , 56.50 , 26.62 , 1.63 , 6
393 , 56.00 , 26.62 , 0.00 , 6
394 , 55.50 , 26.62 , 0.00 , 6
Going to Extension Temperature
395 , 55.25 , 130.00 , 0.00 , 6
396 , 55.75 , 130.00 , 0.00 , 6
397 , 60.25 , 130.00 , 0.00 , 6
398 , 65.25 , 130.00 , 0.00 , 6
399 , 69.75 , 109.62 , 0.00 , 6
Extending DNA Now
400 , 74.50 , 68.75 , 0.00 , 6
401 , 77.00 , 23.25 , 0.00 , 6
402 , 77.25 , 0.00 , 0.00 , 6
403 , 76.50 , 0.00 , 0.00 , 6
405 , 75.50 , 0.00 , 0.00 , 6
406 , 74.75 , 0.00 , 0.00 , 6
407 , 73.75 , 3.00 , 0.00 , 6
408 , 72.25 , 9.63 , 0.00 , 6
409 , 71.75 , 21.50 , 0.00 , 6
410 , 71.25 , 24.62 , 0.00 , 6
411 , 70.50 , 28.00 , 0.00 , 6
412 , 69.50 , 34.00 , 0.00 , 6
413 , 69.50 , 42.75 , 0.00 , 6
414 , 70.00 , 42.50 , 0.00 , 6
415 , 70.25 , 37.50 , 0.00 , 6
416 , 70.50 , 34.63 , 0.00 , 6
417 , 70.25 , 31.62 , 0.00 , 6
418 , 70.00 , 33.25 , 0.00 , 6
419 , 70.25 , 35.00 , 0.00 , 6
420 , 70.50 , 35.00 , 0.00 , 6
Going to Denaturing Temperature
421 , 69.75 , 130.00 , 0.00 , 7
422 , 73.75 , 130.00 , 0.00 , 7
423 , 77.75 , 130.00 , 0.00 , 7
424 , 82.25 , 130.00 , 0.00 , 7
425 , 86.25 , 130.00 , 0.00 , 7
426 , 90.75 , 130.00 , 0.00 , 7
427 , 95.25 , 101.75 , 0.00 , 7
Denaturing DNA Now
428 , 98.75 , 59.63 , 0.00 , 7
429 , 99.00 , 24.75 , 0.00 , 7
430 , 98.75 , 19.00 , 0.00 , 7
431 , 97.00 , 17.87 , 0.00 , 7
432 , 95.75 , 31.12 , 0.00 , 7
Going to Annealing Temperature
433 , 94.75 , 31.12 , 0.00 , 7
434 , 93.00 , 31.12 , 0.00 , 7
435 , 89.25 , 31.12 , 0.00 , 7
436 , 85.75 , 31.12 , 0.00 , 7
437 , 81.50 , 31.12 , 0.00 , 7
438 , 77.25 , 31.12 , 0.00 , 7
439 , 74.25 , 31.12 , 0.00 , 7
440 , 71.25 , 31.12 , 0.00 , 7
441 , 68.25 , 31.12 , 0.00 , 7
442 , 65.50 , 31.12 , 0.00 , 7
443 , 63.00 , 31.12 , 0.00 , 7
444 , 60.25 , 31.12 , 0.00 , 7
445 , 58.25 , 31.12 , 0.00 , 7
446 , 56.75 , 31.12 , 0.00 , 7
447 , 54.75 , 31.12 , 0.00 , 7
448 , 53.50 , 31.12 , 0.00 , 7
449 , 51.75 , 31.12 , 0.00 , 7
Annealing DNA Now
450 , 50.00 , 31.12 , 49.25 , 7
451 , 49.00 , 31.12 , 65.00 , 7
452 , 49.75 , 31.12 , 65.00 , 7
453 , 51.75 , 31.12 , 65.00 , 7
454 , 54.50 , 31.12 , 48.38 , 7
455 , 55.75 , 31.12 , 21.37 , 7
456 , 56.00 , 31.12 , 7.25 , 7
457 , 56.50 , 31.12 , 2.00 , 7
458 , 56.00 , 31.12 , 0.00 , 7
459 , 55.50 , 31.12 , 0.00 , 7
Going to Extension Temperature
460 , 55.50 , 130.00 , 0.00 , 7
461 , 56.25 , 130.00 , 0.00 , 7
462 , 59.75 , 130.00 , 0.00 , 7
463 , 65.25 , 130.00 , 0.00 , 7
464 , 70.00 , 109.87 , 0.00 , 7
Extending DNA Now
465 , 74.25 , 66.62 , 0.00 , 7
466 , 76.25 , 25.75 , 0.00 , 7
467 , 77.25 , 4.13 , 0.00 , 7
468 , 75.75 , 0.00 , 0.00 , 7
469 , 74.75 , 1.12 , 0.00 , 7
470 , 74.00 , 7.25 , 0.00 , 7
471 , 73.75 , 11.50 , 0.00 , 7
472 , 73.00 , 11.38 , 0.00 , 7
473 , 71.75 , 16.12 , 0.00 , 7
474 , 71.25 , 26.00 , 0.00 , 7
475 , 70.25 , 29.37 , 0.00 , 7
476 , 70.00 , 37.75 , 0.00 , 7
477 , 70.50 , 39.50 , 0.00 , 7
478 , 70.25 , 34.25 , 0.00 , 7
479 , 70.00 , 35.88 , 0.00 , 7
480 , 69.75 , 37.63 , 0.00 , 7
481 , 70.25 , 39.50 , 0.00 , 7
482 , 70.25 , 34.38 , 0.00 , 7
483 , 70.50 , 33.75 , 0.00 , 7
484 , 70.50 , 30.75 , 0.00 , 7
485 , 69.75 , 30.75 , 0.00 , 7
Going to Denaturing Temperature
486 , 70.25 , 130.00 , 0.00 , 8
487 , 74.00 , 130.00 , 0.00 , 8
488 , 77.75 , 130.00 , 0.00 , 8
489 , 82.25 , 130.00 , 0.00 , 8
490 , 87.25 , 130.00 , 0.00 , 8
491 , 91.75 , 130.00 , 0.00 , 8
492 , 96.75 , 92.00 , 0.00 , 8
Denaturing DNA Now
493 , 99.25 , 44.63 , 0.00 , 8
494 , 99.50 , 18.50 , 0.00 , 8
495 , 98.75 , 12.50 , 0.00 , 8
496 , 97.00 , 15.88 , 0.00 , 8
497 , 95.50 , 29.12 , 0.00 , 8
Going to Annealing Temperature
498 , 95.00 , 29.12 , 0.00 , 8
499 , 93.00 , 29.12 , 0.00 , 8
500 , 89.75 , 29.12 , 0.00 , 8
501 , 85.75 , 29.12 , 0.00 , 8
502 , 81.75 , 29.12 , 0.00 , 8
503 , 77.50 , 29.12 , 0.00 , 8
504 , 74.00 , 29.12 , 0.00 , 8
505 , 71.25 , 29.12 , 0.00 , 8
506 , 68.25 , 29.12 , 0.00 , 8
507 , 65.50 , 29.12 , 0.00 , 8
508 , 63.00 , 29.12 , 0.00 , 8
509 , 60.75 , 29.12 , 0.00 , 8
510 , 58.25 , 29.12 , 0.00 , 8
511 , 56.25 , 29.12 , 0.00 , 8
512 , 55.00 , 29.12 , 0.00 , 8
513 , 52.75 , 29.12 , 0.00 , 8
514 , 51.75 , 29.12 , 0.00 , 8
Annealing DNA Now
515 , 50.25 , 29.12 , 49.25 , 8
516 , 49.00 , 29.12 , 62.63 , 8
517 , 50.25 , 29.12 , 65.00 , 8
518 , 52.25 , 29.12 , 62.63 , 8
519 , 54.50 , 29.12 , 43.50 , 8
520 , 55.75 , 29.12 , 21.00 , 8
521 , 56.50 , 29.12 , 6.88 , 8
522 , 56.25 , 29.12 , 0.00 , 8
523 , 56.00 , 29.12 , 0.00 , 8
524 , 55.50 , 29.12 , 0.00 , 8
Going to Extension Temperature
525 , 55.00 , 130.00 , 0.00 , 8
526 , 55.50 , 130.00 , 0.00 , 8
527 , 60.00 , 130.00 , 0.00 , 8
528 , 64.75 , 130.00 , 0.00 , 8
529 , 69.75 , 114.62 , 0.00 , 8
Extending DNA Now
530 , 74.00 , 69.25 , 0.00 , 8
531 , 77.00 , 28.50 , 0.00 , 8
532 , 78.00 , 0.00 , 0.00 , 8
533 , 77.00 , 0.00 , 0.00 , 8
534 , 76.25 , 0.00 , 0.00 , 8
535 , 75.25 , 0.00 , 0.00 , 8
536 , 74.25 , 0.00 , 0.00 , 8
537 , 73.50 , 4.38 , 0.00 , 8
538 , 72.25 , 8.88 , 0.00 , 8
539 , 71.25 , 18.50 , 0.00 , 8
540 , 70.50 , 26.37 , 0.00 , 8
541 , 70.50 , 32.38 , 0.00 , 8
542 , 69.75 , 31.62 , 0.00 , 8
543 , 70.00 , 38.00 , 0.00 , 8
544 , 69.75 , 35.25 , 0.00 , 8
545 , 70.25 , 37.13 , 0.00 , 8
546 , 70.50 , 32.00 , 0.00 , 8
547 , 70.00 , 29.00 , 0.00 , 8
548 , 69.75 , 33.00 , 0.00 , 8
549 , 69.75 , 34.88 , 0.00 , 8
550 , 70.00 , 34.88 , 0.00 , 8
Going to Denaturing Temperature
551 , 70.25 , 130.00 , 0.00 , 9
552 , 73.00 , 130.00 , 0.00 , 9
553 , 77.25 , 130.00 , 0.00 , 9
554 , 81.50 , 130.00 , 0.00 , 9
555 , 87.00 , 130.00 , 0.00 , 9
556 , 91.25 , 130.00 , 0.00 , 9
557 , 96.00 , 95.25 , 0.00 , 9
Denaturing DNA Now
558 , 99.00 , 50.50 , 0.00 , 9
559 , 100.00 , 20.00 , 0.00 , 9
560 , 98.75 , 7.00 , 0.00 , 9
561 , 97.00 , 14.88 , 0.00 , 9
562 , 95.25 , 28.12 , 0.00 , 9
Going to Annealing Temperature
563 , 95.00 , 28.12 , 0.00 , 9
564 , 93.00 , 28.12 , 0.00 , 9
565 , 89.75 , 28.12 , 0.00 , 9
566 , 85.25 , 28.12 , 0.00 , 9
567 , 81.50 , 28.12 , 0.00 , 9
568 , 77.75 , 28.12 , 0.00 , 9
569 , 74.25 , 28.12 , 0.00 , 9
570 , 70.75 , 28.12 , 0.00 , 9
571 , 67.75 , 28.12 , 0.00 , 9
572 , 65.25 , 28.12 , 0.00 , 9
573 , 63.00 , 28.12 , 0.00 , 9
574 , 60.75 , 28.12 , 0.00 , 9
575 , 58.25 , 28.12 , 0.00 , 9
576 , 56.75 , 28.12 , 0.00 , 9
577 , 54.75 , 28.12 , 0.00 , 9
578 , 52.75 , 28.12 , 0.00 , 9
579 , 51.25 , 28.12 , 0.00 , 9
Annealing DNA Now
580 , 49.75 , 28.12 , 53.75 , 9
581 , 49.25 , 28.12 , 65.00 , 9
582 , 50.25 , 28.12 , 65.00 , 9
583 , 52.25 , 28.12 , 62.63 , 9
584 , 54.25 , 28.12 , 43.50 , 9
585 , 56.25 , 28.12 , 23.37 , 9
586 , 56.25 , 28.12 , 2.25 , 9
587 , 55.50 , 28.12 , 0.00 , 9
588 , 55.75 , 28.12 , 3.13 , 9
589 , 55.50 , 28.12 , 0.00 , 9
Going to Extension Temperature
590 , 55.75 , 130.00 , 0.00 , 9
591 , 56.25 , 130.00 , 0.00 , 9
592 , 61.00 , 130.00 , 0.00 , 9
593 , 65.25 , 130.00 , 0.00 , 9
594 , 69.75 , 109.12 , 0.00 , 9
Extending DNA Now
595 , 74.75 , 68.25 , 0.00 , 9
596 , 77.50 , 20.37 , 0.00 , 9
597 , 77.75 , 0.00 , 0.00 , 9
598 , 76.50 , 0.00 , 0.00 , 9
599 , 76.00 , 0.00 , 0.00 , 9
600 , 75.00 , 0.00 , 0.00 , 9
601 , 74.00 , 0.00 , 0.00 , 9
602 , 73.00 , 5.75 , 0.00 , 9
603 , 72.25 , 12.75 , 0.00 , 9
604 , 71.50 , 17.87 , 0.00 , 9
605 , 70.25 , 23.37 , 0.00 , 9
606 , 69.75 , 34.00 , 0.00 , 9
607 , 70.25 , 38.13 , 0.00 , 9
608 , 70.00 , 33.00 , 0.00 , 9
609 , 70.25 , 34.75 , 0.00 , 9
610 , 70.00 , 31.87 , 0.00 , 9
611 , 70.00 , 33.63 , 0.00 , 9
612 , 69.75 , 33.13 , 0.00 , 9
613 , 69.50 , 35.00 , 0.00 , 9
614 , 70.00 , 37.00 , 0.00 , 9
615 , 70.00 , 37.00 , 0.00 , 9
Going to Denaturing Temperature
616 , 70.50 , 130.00 , 0.00 , 10
617 , 73.25 , 130.00 , 0.00 , 10
618 , 78.00 , 130.00 , 0.00 , 10
619 , 82.00 , 130.00 , 0.00 , 10
620 , 87.25 , 130.00 , 0.00 , 10
621 , 91.75 , 129.75 , 0.00 , 10
622 , 96.50 , 89.37 , 0.00 , 10
Denaturing DNA Now
623 , 99.00 , 44.38 , 0.00 , 10
624 , 99.25 , 18.37 , 0.00 , 10
625 , 98.25 , 12.50 , 0.00 , 10
626 , 96.75 , 18.37 , 0.00 , 10
627 , 95.25 , 29.50 , 0.00 , 10
Going to Annealing Temperature
628 , 94.25 , 29.50 , 0.00 , 10
629 , 92.50 , 29.50 , 0.00 , 10
630 , 89.50 , 29.50 , 0.00 , 10
631 , 85.50 , 29.50 , 0.00 , 10
632 , 81.00 , 29.50 , 0.00 , 10
633 , 77.25 , 29.50 , 0.00 , 10
634 , 73.75 , 29.50 , 0.00 , 10
635 , 71.00 , 29.50 , 0.00 , 10
636 , 68.00 , 29.50 , 0.00 , 10
637 , 65.25 , 29.50 , 0.00 , 10
638 , 62.75 , 29.50 , 0.00 , 10
639 , 60.75 , 29.50 , 0.00 , 10
640 , 59.00 , 29.50 , 0.00 , 10
641 , 56.75 , 29.50 , 0.00 , 10
642 , 55.00 , 29.50 , 0.00 , 10
643 , 53.00 , 29.50 , 0.00 , 10
644 , 51.75 , 29.50 , 0.00 , 10
Annealing DNA Now
645 , 50.50 , 29.50 , 49.25 , 10
646 , 49.00 , 29.50 , 60.25 , 10
647 , 50.00 , 29.50 , 65.00 , 10
648 , 51.75 , 29.50 , 65.00 , 10
649 , 54.25 , 29.50 , 48.38 , 10
650 , 55.75 , 29.50 , 23.75 , 10
651 , 56.50 , 29.50 , 7.38 , 10
652 , 56.25 , 29.50 , 0.00 , 10
653 , 55.50 , 29.50 , 0.00 , 10
654 , 55.75 , 29.50 , 0.50 , 10
Going to Extension Temperature
655 , 55.00 , 130.00 , 0.50 , 10
656 , 55.75 , 130.00 , 0.50 , 10
657 , 60.00 , 130.00 , 0.50 , 10
658 , 65.00 , 130.00 , 0.50 , 10
659 , 69.50 , 112.75 , 0.50 , 10
Extending DNA Now
660 , 74.00 , 72.00 , 0.50 , 10
661 , 77.00 , 29.00 , 0.50 , 10
662 , 77.25 , 0.00 , 0.50 , 10
663 , 76.50 , 0.00 , 0.50 , 10
664 , 75.75 , 0.00 , 0.50 , 10
665 , 75.00 , 0.00 , 0.50 , 10
666 , 74.00 , 1.75 , 0.50 , 10
667 , 73.50 , 8.25 , 0.50 , 10
668 , 72.25 , 10.50 , 0.50 , 10
669 , 71.00 , 20.12 , 0.50 , 10
670 , 71.00 , 30.37 , 0.50 , 10
671 , 70.25 , 29.37 , 0.50 , 10
672 , 70.25 , 35.50 , 0.50 , 10
673 , 70.00 , 34.88 , 0.50 , 10
674 , 70.50 , 36.63 , 0.50 , 10
675 , 70.00 , 31.37 , 0.50 , 10
676 , 70.75 , 35.38 , 0.50 , 10
677 , 70.25 , 27.75 , 0.50 , 10
678 , 69.75 , 31.62 , 0.50 , 10
679 , 70.25 , 35.75 , 0.50 , 10
680 , 69.75 , 35.75 , 0.50 , 10
Going to Denaturing Temperature
681 , 70.50 , 130.00 , 0.50 , 11
682 , 73.50 , 130.00 , 0.50 , 11
683 , 78.00 , 130.00 , 0.50 , 11
684 , 81.75 , 130.00 , 0.50 , 11
685 , 86.50 , 130.00 , 0.50 , 11
686 , 91.75 , 130.00 , 0.50 , 11
687 , 96.00 , 90.87 , 0.50 , 11
Denaturing DNA Now
688 , 98.25 , 50.63 , 0.50 , 11
689 , 99.25 , 27.25 , 0.50 , 11
690 , 98.00 , 14.63 , 0.50 , 11
691 , 96.75 , 22.87 , 0.50 , 11
692 , 95.50 , 31.75 , 0.50 , 11
Going to Annealing Temperature
693 , 95.00 , 31.75 , 0.50 , 11
694 , 93.00 , 31.75 , 0.50 , 11
695 , 89.50 , 31.75 , 0.50 , 11
696 , 86.00 , 31.75 , 0.50 , 11
697 , 81.75 , 31.75 , 0.50 , 11
698 , 77.50 , 31.75 , 0.50 , 11
699 , 74.25 , 31.75 , 0.50 , 11
700 , 70.75 , 31.75 , 0.50 , 11
701 , 68.25 , 31.75 , 0.50 , 11
702 , 65.75 , 31.75 , 0.50 , 11
703 , 63.00 , 31.75 , 0.50 , 11
704 , 60.25 , 31.75 , 0.50 , 11
705 , 58.75 , 31.75 , 0.50 , 11
706 , 57.00 , 31.75 , 0.50 , 11
707 , 54.75 , 31.75 , 0.50 , 11
708 , 52.75 , 31.75 , 0.50 , 11
709 , 51.00 , 31.75 , 0.50 , 11
Annealing DNA Now
710 , 49.50 , 31.75 , 56.00 , 11
711 , 49.00 , 31.75 , 65.00 , 11
712 , 50.25 , 31.75 , 65.00 , 11
713 , 52.00 , 31.75 , 62.63 , 11
714 , 54.50 , 31.75 , 45.88 , 11
715 , 56.00 , 31.75 , 21.12 , 11
716 , 56.75 , 31.75 , 4.63 , 11
717 , 56.50 , 31.75 , 0.00 , 11
718 , 56.25 , 31.75 , 0.00 , 11
719 , 55.75 , 31.75 , 0.00 , 11
Going to Extension Temperature
720 , 55.25 , 130.00 , 0.00 , 11
721 , 55.25 , 130.00 , 0.00 , 11
722 , 60.00 , 130.00 , 0.00 , 11
723 , 64.50 , 130.00 , 0.00 , 11
724 , 69.75 , 116.50 , 0.00 , 11
Extending DNA Now
725 , 74.00 , 68.87 , 0.00 , 11
726 , 76.00 , 28.12 , 0.00 , 11
727 , 77.25 , 6.63 , 0.00 , 11
728 , 76.00 , 0.00 , 0.00 , 11
729 , 75.50 , 0.00 , 0.00 , 11
730 , 74.75 , 0.25 , 0.00 , 11
731 , 74.00 , 4.13 , 0.00 , 11
732 , 73.00 , 8.38 , 0.00 , 11
733 , 72.00 , 15.38 , 0.00 , 11
734 , 70.50 , 22.87 , 0.00 , 11
735 , 70.75 , 35.63 , 0.00 , 11
736 , 70.25 , 32.50 , 0.00 , 11
737 , 70.00 , 36.38 , 0.00 , 11
738 , 70.50 , 38.13 , 0.00 , 11
739 , 70.25 , 32.88 , 0.00 , 11
740 , 70.00 , 34.50 , 0.00 , 11
741 , 70.25 , 36.25 , 0.00 , 11
742 , 70.50 , 33.38 , 0.00 , 11
743 , 70.50 , 30.37 , 0.00 , 11
744 , 70.25 , 29.62 , 0.00 , 11
745 , 70.00 , 29.62 , 0.00 , 11
Going to Denaturing Temperature
746 , 70.00 , 130.00 , 0.00 , 12
747 , 73.25 , 130.00 , 0.00 , 12
748 , 77.50 , 130.00 , 0.00 , 12
749 , 81.75 , 130.00 , 0.00 , 12
750 , 86.25 , 130.00 , 0.00 , 12
751 , 91.00 , 130.00 , 0.00 , 12
752 , 95.00 , 99.25 , 0.00 , 12
Denaturing DNA Now
753 , 97.75 , 61.75 , 0.00 , 12
754 , 98.75 , 34.13 , 0.00 , 12
755 , 98.75 , 21.75 , 0.00 , 12
756 , 98.00 , 18.37 , 0.00 , 12
757 , 96.50 , 22.12 , 0.00 , 12
Going to Annealing Temperature
758 , 95.75 , 22.12 , 0.00 , 12
759 , 94.00 , 22.12 , 0.00 , 12
760 , 90.25 , 22.12 , 0.00 , 12
761 , 86.25 , 22.12 , 0.00 , 12
762 , 82.25 , 22.12 , 0.00 , 12
763 , 78.25 , 22.12 , 0.00 , 12
764 , 74.50 , 22.12 , 0.00 , 12
765 , 71.75 , 22.12 , 0.00 , 12
766 , 68.25 , 22.12 , 0.00 , 12
767 , 65.50 , 22.12 , 0.00 , 12
768 , 63.25 , 22.12 , 0.00 , 12
769 , 60.75 , 22.12 , 0.00 , 12
770 , 59.00 , 22.12 , 0.00 , 12
771 , 57.00 , 22.12 , 0.00 , 12
772 , 54.75 , 22.12 , 0.00 , 12
773 , 53.50 , 22.12 , 0.00 , 12
774 , 52.00 , 22.12 , 0.00 , 12
Annealing DNA Now
775 , 50.50 , 22.12 , 47.00 , 12
776 , 49.25 , 22.12 , 60.25 , 12
777 , 50.50 , 22.12 , 65.00 , 12
778 , 52.25 , 22.12 , 60.25 , 12
779 , 54.25 , 22.12 , 43.38 , 12
780 , 55.25 , 22.12 , 23.25 , 12
781 , 56.00 , 22.12 , 11.63 , 12
782 , 56.00 , 22.12 , 1.88 , 12
783 , 56.00 , 22.12 , 0.00 , 12
784 , 55.75 , 22.12 , 0.00 , 12
Going to Extension Temperature
785 , 54.75 , 130.00 , 0.00 , 12
786 , 56.00 , 130.00 , 0.00 , 12
787 , 60.25 , 130.00 , 0.00 , 12
788 , 65.00 , 130.00 , 0.00 , 12
789 , 69.75 , 112.50 , 0.00 , 12
Extending DNA Now
790 , 74.00 , 69.37 , 0.00 , 12
791 , 77.00 , 28.62 , 0.00 , 12
792 , 77.50 , 0.00 , 0.00 , 12
793 , 76.50 , 0.00 , 0.00 , 12
794 , 76.00 , 0.00 , 0.00 , 12
795 , 75.25 , 0.00 , 0.00 , 12
796 , 74.00 , 0.00 , 0.00 , 12
797 , 73.25 , 7.50 , 0.00 , 12
798 , 72.25 , 12.13 , 0.00 , 12
799 , 71.00 , 19.50 , 0.00 , 12
800 , 70.00 , 29.75 , 0.00 , 12
801 , 70.25 , 38.25 , 0.00 , 12
802 , 70.25 , 35.38 , 0.00 , 12
803 , 70.00 , 34.75 , 0.00 , 12
804 , 70.25 , 36.50 , 0.00 , 12
805 , 69.75 , 33.63 , 0.00 , 12
806 , 70.25 , 37.75 , 0.00 , 12
807 , 70.50 , 32.63 , 0.00 , 12
808 , 70.50 , 29.62 , 0.00 , 12
809 , 70.25 , 28.87 , 0.00 , 12
810 , 70.00 , 28.87 , 0.00 , 12
Going to Denaturing Temperature
811 , 69.75 , 130.00 , 0.00 , 13
812 , 73.00 , 130.00 , 0.00 , 13
813 , 76.75 , 130.00 , 0.00 , 13
814 , 81.75 , 130.00 , 0.00 , 13
815 , 86.00 , 130.00 , 0.00 , 13
816 , 90.75 , 130.00 , 0.00 , 13
817 , 94.75 , 101.62 , 0.00 , 13
Denaturing DNA Now
818 , 98.50 , 64.25 , 0.00 , 13
819 , 99.50 , 27.25 , 0.00 , 13
820 , 98.50 , 14.50 , 0.00 , 13
821 , 97.75 , 20.25 , 0.00 , 13
822 , 96.50 , 24.12 , 0.00 , 13
Going to Annealing Temperature
823 , 95.25 , 24.12 , 0.00 , 13
824 , 93.50 , 24.12 , 0.00 , 13
825 , 90.00 , 24.12 , 0.00 , 13
826 , 85.75 , 24.12 , 0.00 , 13
827 , 82.25 , 24.12 , 0.00 , 13
828 , 78.00 , 24.12 , 0.00 , 13
829 , 74.50 , 24.12 , 0.00 , 13
830 , 71.25 , 24.12 , 0.00 , 13
831 , 68.00 , 24.12 , 0.00 , 13
832 , 65.25 , 24.12 , 0.00 , 13
833 , 63.25 , 24.12 , 0.00 , 13
834 , 61.00 , 24.12 , 0.00 , 13
835 , 58.75 , 24.12 , 0.00 , 13
836 , 56.25 , 24.12 , 0.00 , 13
837 , 55.00 , 24.12 , 0.00 , 13
838 , 53.75 , 24.12 , 0.00 , 13
839 , 51.50 , 24.12 , 0.00 , 13
Annealing DNA Now
840 , 50.75 , 24.12 , 51.50 , 13
841 , 48.75 , 24.12 , 57.88 , 13
842 , 49.75 , 24.12 , 65.00 , 13
843 , 51.25 , 24.12 , 65.00 , 13
844 , 54.00 , 24.12 , 53.13 , 13
845 , 56.00 , 24.12 , 26.37 , 13
846 , 57.00 , 24.12 , 5.38 , 13
847 , 56.25 , 24.12 , 0.00 , 13
848 , 56.25 , 24.12 , 0.00 , 13
849 , 56.25 , 24.12 , 0.00 , 13
Going to Extension Temperature
850 , 55.50 , 130.00 , 0.00 , 13
851 , 56.50 , 130.00 , 0.00 , 13
852 , 59.75 , 130.00 , 0.00 , 13
853 , 64.25 , 130.00 , 0.00 , 13
854 , 69.25 , 118.75 , 0.00 , 13
Extending DNA Now
855 , 73.75 , 73.62 , 0.00 , 13
856 , 77.00 , 30.75 , 0.00 , 13
857 , 77.75 , 0.00 , 0.00 , 13
858 , 76.75 , 0.00 , 0.00 , 13
859 , 76.25 , 0.00 , 0.00 , 13
860 , 75.50 , 0.00 , 0.00 , 13
861 , 74.50 , 0.00 , 0.00 , 13
862 , 73.75 , 2.13 , 0.00 , 13
863 , 72.50 , 6.50 , 0.00 , 13
864 , 71.50 , 16.00 , 0.00 , 13
865 , 70.75 , 23.75 , 0.00 , 13
866 , 70.25 , 29.62 , 0.00 , 13
867 , 69.75 , 33.50 , 0.00 , 13
868 , 70.00 , 37.63 , 0.00 , 13
869 , 70.00 , 34.88 , 0.00 , 13
870 , 70.00 , 34.38 , 0.00 , 13
871 , 70.00 , 33.88 , 0.00 , 13
872 , 69.50 , 33.38 , 0.00 , 13
873 , 69.50 , 37.63 , 0.00 , 13
874 , 70.00 , 37.38 , 0.00 , 13
875 , 69.75 , 37.38 , 0.00 , 13
Going to Denaturing Temperature
877 , 70.00 , 130.00 , 0.00 , 14
878 , 72.75 , 130.00 , 0.00 , 14
879 , 77.25 , 130.00 , 0.00 , 14
880 , 81.50 , 130.00 , 0.00 , 14
881 , 85.50 , 130.00 , 0.00 , 14
882 , 89.75 , 130.00 , 0.00 , 14
883 , 94.75 , 110.87 , 0.00 , 14
Denaturing DNA Now
884 , 97.75 , 64.50 , 0.00 , 14
885 , 99.25 , 34.63 , 0.00 , 14
886 , 99.25 , 17.50 , 0.00 , 14
887 , 98.25 , 13.88 , 0.00 , 14
888 , 97.00 , 19.75 , 0.00 , 14
Going to Annealing Temperature
889 , 95.50 , 19.75 , 0.00 , 14
890 , 93.50 , 19.75 , 0.00 , 14
891 , 89.75 , 19.75 , 0.00 , 14
892 , 86.25 , 19.75 , 0.00 , 14
893 , 82.00 , 19.75 , 0.00 , 14
894 , 78.00 , 19.75 , 0.00 , 14
895 , 74.50 , 19.75 , 0.00 , 14
896 , 71.00 , 19.75 , 0.00 , 14
897 , 68.00 , 19.75 , 0.00 , 14
898 , 65.75 , 19.75 , 0.00 , 14
899 , 63.00 , 19.75 , 0.00 , 14
900 , 60.50 , 19.75 , 0.00 , 14
901 , 58.75 , 19.75 , 0.00 , 14
902 , 56.75 , 19.75 , 0.00 , 14
903 , 55.00 , 19.75 , 0.00 , 14
904 , 53.25 , 19.75 , 0.00 , 14
905 , 51.75 , 19.75 , 0.00 , 14
Annealing DNA Now
906 , 50.00 , 19.75 , 49.25 , 14
907 , 48.75 , 19.75 , 65.00 , 14
908 , 50.00 , 19.75 , 65.00 , 14
909 , 52.00 , 19.75 , 65.00 , 14
910 , 53.50 , 19.75 , 46.00 , 14
911 , 55.50 , 19.75 , 30.75 , 14
912 , 56.75 , 19.75 , 10.00 , 14
913 , 57.25 , 19.75 , 0.00 , 14
914 , 56.50 , 19.75 , 0.00 , 14
915 , 55.75 , 19.75 , 0.00 , 14
Going to Extension Temperature
916 , 56.00 , 130.00 , 0.00 , 14
917 , 56.50 , 130.00 , 0.00 , 14
918 , 60.50 , 130.00 , 0.00 , 14
919 , 64.75 , 130.00 , 0.00 , 14
920 , 69.50 , 113.25 , 0.00 , 14
Extending DNA Now
921 , 73.50 , 70.25 , 0.00 , 14
922 , 76.00 , 32.00 , 0.00 , 14
923 , 76.75 , 6.00 , 0.00 , 14
924 , 76.50 , 0.00 , 0.00 , 14
925 , 75.75 , 0.00 , 0.00 , 14
926 , 74.00 , 0.00 , 0.00 , 14
927 , 73.75 , 10.50 , 0.00 , 14
928 , 73.00 , 10.38 , 0.00 , 14
929 , 72.00 , 15.13 , 0.00 , 14
930 , 71.00 , 22.62 , 0.00 , 14
931 , 70.75 , 30.62 , 0.00 , 14
932 , 70.00 , 32.00 , 0.00 , 14
933 , 70.25 , 38.25 , 0.00 , 14
934 , 69.50 , 35.38 , 0.00 , 14
935 , 69.75 , 41.88 , 0.00 , 14
936 , 70.25 , 39.25 , 0.00 , 14
937 , 69.75 , 34.13 , 0.00 , 14
938 , 70.25 , 38.25 , 0.00 , 14
939 , 70.75 , 33.13 , 0.00 , 14
940 , 70.50 , 27.75 , 0.00 , 14
941 , 70.50 , 27.75 , 0.00 , 14
Going to Denaturing Temperature
942 , 70.25 , 130.00 , 0.00 , 15
943 , 73.50 , 130.00 , 0.00 , 15
944 , 77.25 , 130.00 , 0.00 , 15
945 , 81.75 , 130.00 , 0.00 , 15
946 , 85.50 , 130.00 , 0.00 , 15
947 , 90.00 , 130.00 , 0.00 , 15
948 , 95.00 , 109.12 , 0.00 , 15
Denaturing DNA Now
949 , 97.75 , 62.63 , 0.00 , 15
950 , 99.25 , 35.00 , 0.00 , 15
951 , 99.25 , 17.87 , 0.00 , 15
952 , 97.75 , 14.25 , 0.00 , 15
953 , 96.75 , 24.87 , 0.00 , 15
Going to Annealing Temperature
954 , 95.75 , 24.87 , 0.00 , 15
955 , 93.50 , 24.87 , 0.00 , 15
956 , 90.25 , 24.87 , 0.00 , 15
957 , 86.25 , 24.87 , 0.00 , 15
958 , 82.00 , 24.87 , 0.00 , 15
959 , 78.00 , 24.87 , 0.00 , 15
960 , 74.25 , 24.87 , 0.00 , 15
961 , 71.25 , 24.87 , 0.00 , 15
962 , 67.50 , 24.87 , 0.00 , 15
963 , 65.50 , 24.87 , 0.00 , 15
964 , 63.25 , 24.87 , 0.00 , 15
965 , 60.75 , 24.87 , 0.00 , 15
966 , 58.25 , 24.87 , 0.00 , 15
967 , 57.00 , 24.87 , 0.00 , 15
968 , 54.75 , 24.87 , 0.00 , 15
969 , 53.25 , 24.87 , 0.00 , 15
970 , 51.50 , 24.87 , 0.00 , 15
Annealing DNA Now
971 , 50.00 , 24.87 , 51.50 , 15
972 , 49.00 , 24.87 , 65.00 , 15
973 , 49.75 , 24.87 , 65.00 , 15
974 , 51.75 , 24.87 , 65.00 , 15
975 , 54.25 , 24.87 , 48.38 , 15
976 , 56.00 , 24.87 , 23.75 , 15
977 , 56.50 , 24.87 , 5.00 , 15
978 , 56.25 , 24.87 , 0.00 , 15
979 , 56.50 , 24.87 , 0.00 , 15
980 , 55.75 , 24.87 , 0.00 , 15
Going to Extension Temperature
981 , 55.50 , 130.00 , 0.00 , 15
982 , 56.50 , 130.00 , 0.00 , 15
983 , 60.25 , 130.00 , 0.00 , 15
984 , 64.25 , 130.00 , 0.00 , 15
985 , 68.50 , 118.50 , 0.00 , 15
Extending DNA Now
986 , 72.75 , 80.50 , 0.00 , 15
987 , 76.75 , 40.38 , 0.00 , 15
988 , 77.75 , 0.50 , 0.00 , 15
989 , 76.75 , 0.00 , 0.00 , 15
990 , 76.00 , 0.00 , 0.00 , 15
991 , 74.75 , 0.00 , 0.00 , 15
992 , 74.75 , 3.88 , 0.00 , 15
993 , 73.75 , 1.00 , 0.00 , 15
994 , 72.50 , 7.63 , 0.00 , 15
995 , 71.50 , 17.12 , 0.00 , 15
996 , 71.00 , 24.87 , 0.00 , 15
997 , 70.25 , 28.37 , 0.00 , 15
998 , 70.50 , 34.50 , 0.00 , 15
999 , 70.25 , 31.50 , 0.00 , 15
1000 , 70.00 , 33.13 , 0.00 , 15
1001 , 70.00 , 34.88 , 0.00 , 15
1002 , 70.00 , 34.38 , 0.00 , 15
1003 , 70.00 , 33.88 , 0.00 , 15
1004 , 70.00 , 33.38 , 0.00 , 15
1005 , 70.00 , 32.88 , 0.00 , 15
1006 , 70.25 , 32.88 , 0.00 , 15
Going to Denaturing Temperature
1007 , 69.75 , 130.00 , 0.00 , 16
1008 , 72.50 , 130.00 , 0.00 , 16
1009 , 76.50 , 130.00 , 0.00 , 16
1010 , 80.75 , 130.00 , 0.00 , 16
1011 , 85.00 , 130.00 , 0.00 , 16
1012 , 89.50 , 130.00 , 0.00 , 16
1013 , 93.75 , 114.25 , 0.00 , 16
Denaturing DNA Now
1014 , 97.25 , 75.12 , 0.00 , 16
1015 , 98.75 , 41.00 , 0.00 , 16
1016 , 98.50 , 24.12 , 0.00 , 16
1017 , 98.25 , 23.12 , 0.00 , 16
1018 , 97.00 , 22.25 , 0.00 , 16
Going to Annealing Temperature
1019 , 96.25 , 22.25 , 0.00 , 16
1020 , 93.50 , 22.25 , 0.00 , 16
1021 , 91.00 , 22.25 , 0.00 , 16
1022 , 86.75 , 22.25 , 0.00 , 16
1023 , 82.25 , 22.25 , 0.00 , 16
1024 , 78.50 , 22.25 , 0.00 , 16
1025 , 74.25 , 22.25 , 0.00 , 16
1026 , 71.25 , 22.25 , 0.00 , 16
1027 , 68.25 , 22.25 , 0.00 , 16
1028 , 65.75 , 22.25 , 0.00 , 16
1029 , 63.25 , 22.25 , 0.00 , 16
1030 , 61.00 , 22.25 , 0.00 , 16
1031 , 58.50 , 22.25 , 0.00 , 16
1032 , 56.75 , 22.25 , 0.00 , 16
1033 , 55.25 , 22.25 , 0.00 , 16
1034 , 53.00 , 22.25 , 0.00 , 16
1035 , 51.75 , 22.25 , 0.00 , 16
Annealing DNA Now
1036 , 50.25 , 22.25 , 49.25 , 16
1037 , 49.25 , 22.25 , 62.63 , 16
1038 , 50.25 , 22.25 , 65.00 , 16
1039 , 52.00 , 22.25 , 62.63 , 16
1040 , 54.25 , 22.25 , 45.88 , 16
1041 , 55.75 , 22.25 , 23.50 , 16
1042 , 56.25 , 22.25 , 7.13 , 16
1043 , 56.25 , 22.25 , 0.00 , 16
1044 , 56.00 , 22.25 , 0.00 , 16
1045 , 55.25 , 22.25 , 0.00 , 16
Going to Extension Temperature
1046 , 55.25 , 130.00 , 0.00 , 16
1047 , 55.00 , 130.00 , 0.00 , 16
1048 , 59.50 , 130.00 , 0.00 , 16
1049 , 64.25 , 130.00 , 0.00 , 16
1050 , 68.50 , 120.25 , 0.00 , 16
Extending DNA Now
1051 , 73.00 , 82.25 , 0.00 , 16
1052 , 76.00 , 39.75 , 0.00 , 16
1053 , 77.25 , 9.25 , 0.00 , 16
1054 , 76.00 , 0.00 , 0.00 , 16
1055 , 75.75 , 1.63 , 0.00 , 16
1056 , 74.25 , 0.50 , 0.00 , 16
1057 , 74.00 , 11.38 , 0.00 , 16
1058 , 72.75 , 11.13 , 0.00 , 16
1059 , 72.50 , 20.50 , 0.00 , 16
1060 , 71.50 , 21.00 , 0.00 , 16
1061 , 70.25 , 28.75 , 0.00 , 16
1062 , 70.25 , 39.38 , 0.00 , 16
1063 , 70.25 , 38.75 , 0.00 , 16
1064 , 69.75 , 38.13 , 0.00 , 16
1065 , 70.25 , 42.25 , 0.00 , 16
1066 , 70.25 , 37.13 , 0.00 , 16
1067 , 70.00 , 36.50 , 0.00 , 16
1068 , 70.25 , 38.25 , 0.00 , 16
1069 , 70.50 , 35.38 , 0.00 , 16
1070 , 70.50 , 32.38 , 0.00 , 16
1071 , 70.50 , 32.38 , 0.00 , 16
Going to Denaturing Temperature
1072 , 70.50 , 130.00 , 0.00 , 17
1073 , 73.25 , 130.00 , 0.00 , 17
1074 , 77.25 , 130.00 , 0.00 , 17
1075 , 80.50 , 130.00 , 0.00 , 17
1076 , 85.75 , 130.00 , 0.00 , 17
1077 , 90.25 , 130.00 , 0.00 , 17
1078 , 94.00 , 109.62 , 0.00 , 17
Denaturing DNA Now
1079 , 98.00 , 74.87 , 0.00 , 17
1080 , 100.00 , 35.88 , 0.00 , 17
1081 , 99.75 , 13.88 , 0.00 , 17
1082 , 98.25 , 12.25 , 0.00 , 17
1083 , 97.00 , 22.62 , 0.00 , 17
Going to Annealing Temperature
1084 , 95.50 , 22.62 , 0.00 , 17
1085 , 93.50 , 22.62 , 0.00 , 17
1086 , 90.00 , 22.62 , 0.00 , 17
1087 , 85.75 , 22.62 , 0.00 , 17
1088 , 82.00 , 22.62 , 0.00 , 17
1089 , 78.00 , 22.62 , 0.00 , 17
1090 , 73.75 , 22.62 , 0.00 , 17
1091 , 71.00 , 22.62 , 0.00 , 17
1092 , 68.25 , 22.62 , 0.00 , 17
1093 , 65.50 , 22.62 , 0.00 , 17
1094 , 63.00 , 22.62 , 0.00 , 17
1095 , 61.00 , 22.62 , 0.00 , 17
1096 , 58.25 , 22.62 , 0.00 , 17
1097 , 56.75 , 22.62 , 0.00 , 17
1098 , 54.50 , 22.62 , 0.00 , 17
1099 , 53.50 , 22.62 , 0.00 , 17
1100 , 51.75 , 22.62 , 0.00 , 17
Annealing DNA Now
1101 , 50.00 , 22.62 , 49.25 , 17
1102 , 49.25 , 22.62 , 65.00 , 17
1103 , 50.50 , 22.62 , 65.00 , 17
1104 , 51.75 , 22.62 , 60.25 , 17
1105 , 54.25 , 22.62 , 48.13 , 17
1106 , 55.50 , 22.62 , 23.50 , 17
1107 , 56.50 , 22.62 , 9.50 , 17
1108 , 56.25 , 22.62 , 0.00 , 17
1109 , 56.00 , 22.62 , 0.00 , 17
1110 , 55.75 , 22.62 , 0.00 , 17
Going to Extension Temperature
1111 , 54.75 , 130.00 , 0.00 , 17
1112 , 55.50 , 130.00 , 0.00 , 17
1113 , 60.25 , 130.00 , 0.00 , 17
1114 , 63.25 , 130.00 , 0.00 , 17
1115 , 68.50 , 129.13 , 0.00 , 17
Extending DNA Now
1116 , 73.25 , 82.12 , 0.00 , 17
1117 , 76.25 , 37.25 , 0.00 , 17
1118 , 77.75 , 6.63 , 0.00 , 17
1119 , 77.25 , 0.00 , 0.00 , 17
1120 , 75.75 , 0.00 , 0.00 , 17
1121 , 75.00 , 0.00 , 0.00 , 17
1122 , 74.75 , 3.00 , 0.00 , 17
1123 , 73.50 , 2.38 , 0.00 , 17
1124 , 72.75 , 11.38 , 0.00 , 17
1125 , 71.75 , 16.25 , 0.00 , 17
1126 , 71.00 , 23.87 , 0.00 , 17
1127 , 70.50 , 29.62 , 0.00 , 17
1128 , 70.25 , 33.38 , 0.00 , 17
1129 , 69.75 , 35.00 , 0.00 , 17
1130 , 69.00 , 39.13 , 0.00 , 17
1131 , 69.75 , 45.88 , 0.00 , 17
1132 , 70.00 , 38.75 , 0.00 , 17
1133 , 69.50 , 36.00 , 0.00 , 17
1134 , 70.25 , 40.25 , 0.00 , 17
1135 , 70.25 , 32.88 , 0.00 , 17
1136 , 70.25 , 32.88 , 0.00 , 17
Going to Denaturing Temperature
1137 , 70.00 , 130.00 , 0.00 , 18
1138 , 73.00 , 130.00 , 0.00 , 18
1139 , 76.50 , 130.00 , 0.00 , 18
1140 , 81.00 , 130.00 , 0.00 , 18
1141 , 84.75 , 130.00 , 0.00 , 18
1142 , 89.50 , 130.00 , 0.00 , 18
1143 , 93.25 , 116.12 , 0.00 , 18
Denaturing DNA Now
1144 , 97.75 , 81.75 , 0.00 , 18
1145 , 99.50 , 38.38 , 0.00 , 18
1146 , 99.50 , 18.87 , 0.00 , 18
1147 , 98.25 , 15.13 , 0.00 , 18
1148 , 97.00 , 23.25 , 0.00 , 18
Going to Annealing Temperature
1149 , 96.00 , 23.25 , 0.00 , 18
1150 , 94.25 , 23.25 , 0.00 , 18
1151 , 90.50 , 23.25 , 0.00 , 18
1152 , 86.25 , 23.25 , 0.00 , 18
1153 , 82.25 , 23.25 , 0.00 , 18
1154 , 78.00 , 23.25 , 0.00 , 18
1155 , 74.50 , 23.25 , 0.00 , 18
1156 , 71.25 , 23.25 , 0.00 , 18
1157 , 68.50 , 23.25 , 0.00 , 18
1158 , 65.50 , 23.25 , 0.00 , 18
1159 , 63.00 , 23.25 , 0.00 , 18
1160 , 60.75 , 23.25 , 0.00 , 18
1161 , 58.00 , 23.25 , 0.00 , 18
1162 , 56.50 , 23.25 , 0.00 , 18
1163 , 54.75 , 23.25 , 0.00 , 18
1164 , 53.00 , 23.25 , 0.00 , 18
1165 , 51.75 , 23.25 , 0.00 , 18
Annealing DNA Now
1166 , 50.00 , 23.25 , 49.25 , 18
1167 , 49.00 , 23.25 , 65.00 , 18
1168 , 50.25 , 23.25 , 65.00 , 18
1169 , 52.00 , 23.25 , 62.63 , 18
1170 , 54.00 , 23.25 , 45.88 , 18
1171 , 55.75 , 23.25 , 25.87 , 18
1172 , 56.25 , 23.25 , 7.25 , 18
1173 , 56.50 , 23.25 , 0.00 , 18
1174 , 56.25 , 23.25 , 0.00 , 18
1175 , 55.50 , 23.25 , 0.00 , 18
Going to Extension Temperature
1176 , 54.75 , 130.00 , 0.00 , 18
1177 , 56.00 , 130.00 , 0.00 , 18
1178 , 59.50 , 130.00 , 0.00 , 18
1179 , 64.00 , 130.00 , 0.00 , 18
1180 , 68.00 , 122.12 , 0.00 , 18
Extending DNA Now
1181 , 72.75 , 86.62 , 0.00 , 18
1182 , 75.75 , 42.00 , 0.00 , 18
1183 , 76.75 , 11.63 , 0.00 , 18
1184 , 76.00 , 0.00 , 0.00 , 18
1185 , 76.25 , 2.00 , 0.00 , 18
1186 , 75.25 , 0.00 , 0.00 , 18
1187 , 74.50 , 2.00 , 0.00 , 18
1188 , 73.50 , 6.00 , 0.00 , 18
1189 , 72.75 , 12.75 , 0.00 , 18
1190 , 71.75 , 17.62 , 0.00 , 18
1191 , 71.00 , 25.25 , 0.00 , 18
1192 , 70.75 , 31.00 , 0.00 , 18
1193 , 69.75 , 32.38 , 0.00 , 18
1194 , 70.00 , 41.00 , 0.00 , 18
1195 , 69.75 , 38.25 , 0.00 , 18
1196 , 70.00 , 40.13 , 0.00 , 18
1197 , 70.25 , 37.38 , 0.00 , 18
1198 , 70.25 , 34.50 , 0.00 , 18
1199 , 70.25 , 33.88 , 0.00 , 18
1200 , 70.00 , 33.25 , 0.00 , 18
1201 , 70.25 , 33.25 , 0.00 , 18
Going to Denaturing Temperature
1202 , 70.00 , 130.00 , 0.00 , 19
1203 , 73.00 , 130.00 , 0.00 , 19
1204 , 76.75 , 130.00 , 0.00 , 19
1205 , 80.50 , 130.00 , 0.00 , 19
1206 , 84.50 , 130.00 , 0.00 , 19
1207 , 89.50 , 130.00 , 0.00 , 19
1208 , 93.75 , 116.75 , 0.00 , 19
Denaturing DNA Now
1209 , 97.75 , 77.62 , 0.00 , 19
1210 , 99.75 , 38.75 , 0.00 , 19
1211 , 100.00 , 16.87 , 0.00 , 19
1212 , 98.25 , 10.63 , 0.00 , 19
1213 , 97.75 , 23.25 , 0.00 , 19
Going to Annealing Temperature
1214 , 96.50 , 23.25 , 0.00 , 19
1215 , 94.75 , 23.25 , 0.00 , 19
1216 , 91.00 , 23.25 , 0.00 , 19
1217 , 86.50 , 23.25 , 0.00 , 19
1218 , 82.75 , 23.25 , 0.00 , 19
1219 , 78.00 , 23.25 , 0.00 , 19
1220 , 75.00 , 23.25 , 0.00 , 19
1221 , 71.50 , 23.25 , 0.00 , 19
1222 , 68.50 , 23.25 , 0.00 , 19
1223 , 66.25 , 23.25 , 0.00 , 19
1224 , 63.00 , 23.25 , 0.00 , 19
1225 , 61.50 , 23.25 , 0.00 , 19
1226 , 59.25 , 23.25 , 0.00 , 19
1227 , 57.25 , 23.25 , 0.00 , 19
1228 , 54.75 , 23.25 , 0.00 , 19
1229 , 53.25 , 23.25 , 0.00 , 19
1230 , 52.00 , 23.25 , 0.00 , 19
Annealing DNA Now
1231 , 50.50 , 23.25 , 47.00 , 19
1232 , 49.00 , 23.25 , 60.25 , 19
1233 , 50.50 , 23.25 , 65.00 , 19
1234 , 52.25 , 23.25 , 60.25 , 19
1235 , 54.25 , 23.25 , 43.38 , 19
1236 , 55.25 , 23.25 , 23.25 , 19
1237 , 56.50 , 23.25 , 11.63 , 19
1238 , 56.25 , 23.25 , 0.00 , 19
1239 , 56.25 , 23.25 , 0.00 , 19
1240 , 56.00 , 23.25 , 0.00 , 19
Going to Extension Temperature
1241 , 55.50 , 130.00 , 0.00 , 19
1242 , 56.25 , 130.00 , 0.00 , 19
1243 , 59.75 , 130.00 , 0.00 , 19
1244 , 63.75 , 130.00 , 0.00 , 19
1245 , 68.50 , 123.50 , 0.00 , 19
Extending DNA Now
1246 , 73.00 , 81.00 , 0.00 , 19
1247 , 76.00 , 38.50 , 0.00 , 19
1248 , 77.00 , 8.00 , 0.00 , 19
1249 , 77.00 , 0.00 , 0.00 , 19
1250 , 76.25 , 0.00 , 0.00 , 19
1251 , 75.25 , 0.00 , 0.00 , 19
1252 , 74.75 , 0.00 , 0.00 , 19
1253 , 73.25 , 1.63 , 0.00 , 19
1254 , 72.75 , 13.00 , 0.00 , 19
1255 , 71.25 , 15.63 , 0.00 , 19
1256 , 70.50 , 28.00 , 0.00 , 19
1257 , 70.75 , 34.00 , 0.00 , 19
1258 , 70.50 , 30.87 , 0.00 , 19
1259 , 70.00 , 32.38 , 0.00 , 19
1260 , 70.25 , 36.38 , 0.00 , 19
1261 , 70.25 , 33.50 , 0.00 , 19
1262 , 71.00 , 32.88 , 0.00 , 19
1263 , 71.00 , 25.12 , 0.00 , 19
1264 , 70.25 , 24.12 , 0.00 , 19
1265 , 70.25 , 30.25 , 0.00 , 19
1266 , 69.75 , 30.25 , 0.00 , 19
Going to Denaturing Temperature
1267 , 69.75 , 130.00 , 0.00 , 20
1268 , 73.50 , 130.00 , 0.00 , 20
1269 , 77.25 , 130.00 , 0.00 , 20
1270 , 81.00 , 130.00 , 0.00 , 20
1271 , 85.00 , 130.00 , 0.00 , 20
1272 , 89.75 , 130.00 , 0.00 , 20
1273 , 94.25 , 110.75 , 0.00 , 20
Denaturing DNA Now
1274 , 97.00 , 69.12 , 0.00 , 20
1275 , 99.25 , 41.88 , 0.00 , 20
1276 , 98.50 , 18.00 , 0.00 , 20
1277 , 98.75 , 21.50 , 0.00 , 20
1278 , 97.50 , 15.88 , 0.00 , 20
Going to Annealing Temperature
1279 , 96.75 , 15.88 , 0.00 , 20
1280 , 95.00 , 15.88 , 0.00 , 20
1281 , 91.50 , 15.88 , 0.00 , 20
1282 , 88.00 , 15.88 , 0.00 , 20
1283 , 83.00 , 15.88 , 0.00 , 20
1284 , 78.50 , 15.88 , 0.00 , 20
1285 , 75.25 , 15.88 , 0.00 , 20
1286 , 72.50 , 15.88 , 0.00 , 20
1287 , 69.00 , 15.88 , 0.00 , 20
1288 , 66.50 , 15.88 , 0.00 , 20
1289 , 64.00 , 15.88 , 0.00 , 20
1290 , 61.25 , 15.88 , 0.00 , 20
1291 , 59.75 , 15.88 , 0.00 , 20
1292 , 57.50 , 15.88 , 0.00 , 20
1293 , 55.25 , 15.88 , 0.00 , 20
1294 , 54.00 , 15.88 , 0.00 , 20
1295 , 52.25 , 15.88 , 0.00 , 20
1296 , 50.50 , 15.88 , 0.00 , 20
Annealing DNA Now
1297 , 49.50 , 15.88 , 60.50 , 20
1298 , 48.75 , 15.88 , 65.00 , 20
1299 , 49.75 , 15.88 , 65.00 , 20
1300 , 51.75 , 15.88 , 65.00 , 20
1301 , 54.25 , 15.88 , 48.38 , 20
1302 , 55.75 , 15.88 , 23.75 , 20
1303 , 56.25 , 15.88 , 7.38 , 20
1304 , 56.50 , 15.88 , 0.00 , 20
1305 , 55.75 , 15.88 , 0.00 , 20
1306 , 55.75 , 15.88 , 0.00 , 20
Going to Extension Temperature
1307 , 55.00 , 130.00 , 0.00 , 20
1308 , 56.25 , 130.00 , 0.00 , 20
1309 , 60.25 , 130.00 , 0.00 , 20
1310 , 64.25 , 130.00 , 0.00 , 20
1311 , 68.50 , 119.37 , 0.00 , 20
Extending DNA Now
1312 , 73.25 , 81.37 , 0.00 , 20
1313 , 76.50 , 36.50 , 0.00 , 20
1314 , 76.75 , 3.50 , 0.00 , 20
1315 , 76.50 , 0.00 , 0.00 , 20
1316 , 75.50 , 0.00 , 0.00 , 20
1317 , 74.75 , 1.63 , 0.00 , 20
1318 , 73.50 , 5.50 , 0.00 , 20
1319 , 72.75 , 14.50 , 0.00 , 20
1320 , 71.75 , 19.37 , 0.00 , 20
1321 , 71.50 , 27.00 , 0.00 , 20
1322 , 71.25 , 28.00 , 0.00 , 20
1323 , 70.50 , 29.12 , 0.00 , 20
1324 , 70.75 , 35.13 , 0.00 , 20
1325 , 70.75 , 32.00 , 0.00 , 20
1326 , 70.75 , 31.12 , 0.00 , 20
1327 , 70.75 , 30.25 , 0.00 , 20
1328 , 70.75 , 29.37 , 0.00 , 20
1329 , 70.50 , 28.50 , 0.00 , 20
1330 , 70.50 , 30.00 , 0.00 , 20
1331 , 70.50 , 29.25 , 0.00 , 20
1332 , 70.50 , 29.25 , 0.00 , 20
Going to Denaturing Temperature
1333 , 70.25 , 130.00 , 0.00 , 21
1334 , 74.25 , 130.00 , 0.00 , 21
1336 , 77.50 , 130.00 , 0.00 , 21
1337 , 82.00 , 130.00 , 0.00 , 21
1338 , 86.25 , 130.00 , 0.00 , 21
1339 , 90.75 , 130.00 , 0.00 , 21
1340 , 95.00 , 100.25 , 0.00 , 21
Denaturing DNA Now
1341 , 97.75 , 60.50 , 0.00 , 21
1342 , 98.25 , 32.88 , 0.00 , 21
1343 , 99.25 , 25.25 , 0.00 , 21
1344 , 98.50 , 12.63 , 0.00 , 21
1345 , 97.00 , 16.12 , 0.00 , 21
Going to Annealing Temperature
1346 , 96.25 , 16.12 , 0.00 , 21
1347 , 93.75 , 16.12 , 0.00 , 21
1348 , 91.00 , 16.12 , 0.00 , 21
1349 , 86.75 , 16.12 , 0.00 , 21
1350 , 82.50 , 16.12 , 0.00 , 21
1351 , 78.25 , 16.12 , 0.00 , 21
1352 , 75.25 , 16.12 , 0.00 , 21
1353 , 72.00 , 16.12 , 0.00 , 21
1354 , 69.00 , 16.12 , 0.00 , 21
1355 , 66.00 , 16.12 , 0.00 , 21
1356 , 63.75 , 16.12 , 0.00 , 21
1357 , 61.50 , 16.12 , 0.00 , 21
1358 , 59.25 , 16.12 , 0.00 , 21
1359 , 57.25 , 16.12 , 0.00 , 21
1360 , 55.25 , 16.12 , 0.00 , 21
1361 , 53.50 , 16.12 , 0.00 , 21
1362 , 52.00 , 16.12 , 0.00 , 21
Annealing DNA Now
1363 , 50.50 , 16.12 , 47.00 , 21
1364 , 49.25 , 16.12 , 60.25 , 21
1365 , 50.75 , 16.12 , 65.00 , 21
1366 , 52.75 , 16.12 , 57.88 , 21
1367 , 54.50 , 16.12 , 38.50 , 21
1368 , 56.00 , 16.12 , 20.50 , 21
1369 , 56.50 , 16.12 , 4.00 , 21
1370 , 56.00 , 16.12 , 0.00 , 21
1371 , 55.50 , 16.12 , 0.00 , 21
1372 , 55.25 , 16.12 , 0.00 , 21
Going to Extension Temperature
1373 , 55.25 , 130.00 , 0.00 , 21
1374 , 55.75 , 130.00 , 0.00 , 21
1375 , 61.00 , 130.00 , 0.00 , 21
1376 , 65.25 , 130.00 , 0.00 , 21
1377 , 69.75 , 109.00 , 0.00 , 21
Extending DNA Now
1378 , 73.25 , 68.12 , 0.00 , 21
1379 , 75.00 , 34.50 , 0.00 , 21
1380 , 75.75 , 15.75 , 0.00 , 21
1381 , 75.75 , 5.63 , 0.00 , 21
1382 , 74.75 , 2.25 , 0.00 , 21
1383 , 74.25 , 8.38 , 0.00 , 21
1384 , 72.75 , 10.25 , 0.00 , 21
1385 , 71.75 , 21.87 , 0.00 , 21
1386 , 71.00 , 29.50 , 0.00 , 21
1387 , 71.25 , 35.25 , 0.00 , 21
1388 , 71.00 , 31.87 , 0.00 , 21
1389 , 70.25 , 33.13 , 0.00 , 21
1390 , 70.75 , 39.25 , 0.00 , 21
1391 , 71.00 , 33.88 , 0.00 , 21
1392 , 70.50 , 30.62 , 0.00 , 21
1393 , 70.25 , 34.38 , 0.00 , 21
1394 , 71.00 , 36.00 , 0.00 , 21
1395 , 70.75 , 28.25 , 0.00 , 21
1396 , 71.25 , 29.62 , 0.00 , 21
1397 , 71.00 , 24.00 , 0.00 , 21
1398 , 70.25 , 24.00 , 0.00 , 21
Going to Denaturing Temperature
1399 , 70.00 , 130.00 , 0.00 , 22
1400 , 73.75 , 130.00 , 0.00 , 22
1401 , 78.00 , 130.00 , 0.00 , 22
1402 , 81.75 , 130.00 , 0.00 , 22
1403 , 85.25 , 130.00 , 0.00 , 22
1404 , 91.00 , 130.00 , 0.00 , 22
1405 , 94.75 , 100.25 , 0.00 , 22
Denaturing DNA Now
1406 , 98.00 , 65.12 , 0.00 , 22
1407 , 99.25 , 32.88 , 0.00 , 22
1408 , 99.00 , 18.00 , 0.00 , 22
1409 , 98.50 , 16.75 , 0.00 , 22
1410 , 97.50 , 18.00 , 0.00 , 22
Going to Annealing Temperature
1411 , 96.50 , 18.00 , 0.00 , 22
1412 , 94.25 , 18.00 , 0.00 , 22
1413 , 91.25 , 18.00 , 0.00 , 22
1414 , 87.00 , 18.00 , 0.00 , 22
1415 , 82.75 , 18.00 , 0.00 , 22
1416 , 78.75 , 18.00 , 0.00 , 22
1417 , 74.75 , 18.00 , 0.00 , 22
1418 , 71.75 , 18.00 , 0.00 , 22
1419 , 68.50 , 18.00 , 0.00 , 22
1420 , 66.25 , 18.00 , 0.00 , 22
1421 , 63.00 , 18.00 , 0.00 , 22
1422 , 61.75 , 18.00 , 0.00 , 22
1423 , 59.25 , 18.00 , 0.00 , 22
1424 , 57.00 , 18.00 , 0.00 , 22
1425 , 55.00 , 18.00 , 0.00 , 22
1426 , 53.50 , 18.00 , 0.00 , 22
1427 , 51.75 , 18.00 , 0.00 , 22
Annealing DNA Now
1428 , 50.25 , 18.00 , 49.25 , 22
1429 , 48.25 , 18.00 , 62.63 , 22
1430 , 50.75 , 18.00 , 65.00 , 22
1431 , 52.50 , 18.00 , 57.88 , 22
1432 , 55.00 , 18.00 , 40.88 , 22
1433 , 56.00 , 18.00 , 15.88 , 22
1434 , 56.50 , 18.00 , 3.88 , 22
1435 , 56.00 , 18.00 , 0.00 , 22
1436 , 55.50 , 18.00 , 0.00 , 22
1437 , 55.00 , 18.00 , 0.00 , 22
Going to Extension Temperature
1438 , 54.25 , 130.00 , 0.00 , 22
1439 , 55.50 , 130.00 , 0.00 , 22
1440 , 60.75 , 130.00 , 0.00 , 22
1441 , 64.00 , 130.00 , 0.00 , 22
1442 , 69.25 , 121.62 , 0.00 , 22
Extending DNA Now
1443 , 73.50 , 74.25 , 0.00 , 22
1444 , 75.75 , 33.75 , 0.00 , 22
1445 , 77.00 , 10.13 , 0.00 , 22
1446 , 76.50 , 0.00 , 0.00 , 22
1447 , 75.25 , 0.00 , 0.00 , 22
1448 , 74.50 , 3.75 , 0.00 , 22
1449 , 73.75 , 7.75 , 0.00 , 22
1450 , 72.75 , 12.13 , 0.00 , 22
1451 , 72.00 , 19.25 , 0.00 , 22
1452 , 71.50 , 24.50 , 0.00 , 22
1453 , 71.50 , 27.75 , 0.00 , 22
1454 , 70.75 , 26.50 , 0.00 , 22
1455 , 70.25 , 32.38 , 0.00 , 22
1456 , 71.00 , 36.25 , 0.00 , 22
1457 , 71.25 , 28.50 , 0.00 , 22
1458 , 70.75 , 25.12 , 0.00 , 22
1459 , 70.75 , 28.75 , 0.00 , 22
1460 , 70.00 , 27.87 , 0.00 , 22
1461 , 70.25 , 34.13 , 0.00 , 22
1462 , 70.00 , 31.25 , 0.00 , 22
1463 , 70.00 , 31.25 , 0.00 , 22
Going to Denaturing Temperature
1464 , 70.00 , 130.00 , 0.00 , 23
1465 , 73.50 , 130.00 , 0.00 , 23
1466 , 76.75 , 130.00 , 0.00 , 23
1467 , 81.00 , 130.00 , 0.00 , 23
1468 , 85.25 , 130.00 , 0.00 , 23
1469 , 89.25 , 130.00 , 0.00 , 23
1470 , 93.75 , 116.37 , 0.00 , 23
Denaturing DNA Now
1471 , 96.75 , 75.00 , 0.00 , 23
1472 , 98.25 , 45.63 , 0.00 , 23
1473 , 98.75 , 29.00 , 0.00 , 23
1474 , 97.25 , 21.12 , 0.00 , 23
1475 , 96.75 , 32.00 , 0.00 , 23
Going to Annealing Temperature
1476 , 96.00 , 32.00 , 0.00 , 23
1477 , 94.00 , 32.00 , 0.00 , 23
1478 , 90.75 , 32.00 , 0.00 , 23
1479 , 86.75 , 32.00 , 0.00 , 23
1480 , 82.25 , 32.00 , 0.00 , 23
1481 , 78.25 , 32.00 , 0.00 , 23
1482 , 74.25 , 32.00 , 0.00 , 23
1483 , 71.50 , 32.00 , 0.00 , 23
1484 , 68.25 , 32.00 , 0.00 , 23
1485 , 65.00 , 32.00 , 0.00 , 23
1486 , 63.00 , 32.00 , 0.00 , 23
1487 , 61.00 , 32.00 , 0.00 , 23
1488 , 58.75 , 32.00 , 0.00 , 23
1489 , 57.00 , 32.00 , 0.00 , 23
1490 , 54.75 , 32.00 , 0.00 , 23
1491 , 53.25 , 32.00 , 0.00 , 23
1492 , 52.00 , 32.00 , 0.00 , 23
Annealing DNA Now
1493 , 50.00 , 32.00 , 47.00 , 23
1494 , 49.00 , 32.00 , 65.00 , 23
1495 , 51.00 , 32.00 , 65.00 , 23
1496 , 52.75 , 32.00 , 55.50 , 23
1497 , 54.75 , 32.00 , 38.38 , 23
1498 , 55.50 , 32.00 , 18.00 , 23
1499 , 55.75 , 32.00 , 8.50 , 23
1500 , 56.00 , 32.00 , 3.38 , 23
1501 , 55.00 , 32.00 , 0.00 , 23
1502 , 54.25 , 32.00 , 4.63 , 23
Going to Extension Temperature
1503 , 54.50 , 130.00 , 4.63 , 23
1504 , 58.25 , 130.00 , 4.63 , 23
1505 , 62.50 , 130.00 , 4.63 , 23
1506 , 66.25 , 130.00 , 4.63 , 23
1507 , 71.00 , 99.00 , 4.63 , 23
Extending DNA Now
1508 , 75.00 , 55.25 , 4.63 , 23
1509 , 76.25 , 16.25 , 4.63 , 23
1510 , 76.00 , 1.37 , 4.63 , 23
1511 , 75.50 , 0.12 , 4.63 , 23
1512 , 75.00 , 1.37 , 4.63 , 23
1513 , 74.00 , 2.88 , 4.63 , 23
1514 , 73.00 , 9.38 , 4.63 , 23
1515 , 71.75 , 16.37 , 4.63 , 23
1516 , 71.50 , 26.25 , 4.63 , 23
1517 , 70.75 , 27.25 , 4.63 , 23
1518 , 70.75 , 33.13 , 4.63 , 23
1519 , 70.50 , 32.25 , 4.63 , 23
1520 , 70.00 , 33.75 , 4.63 , 23
1521 , 70.25 , 37.75 , 4.63 , 23
1522 , 70.00 , 34.88 , 4.63 , 23
1523 , 70.00 , 36.63 , 4.63 , 23
1524 , 70.50 , 36.13 , 4.63 , 23
1525 , 70.25 , 30.87 , 4.63 , 23
1526 , 70.25 , 32.50 , 4.63 , 23
1527 , 70.25 , 31.87 , 4.63 , 23
1528 , 69.50 , 31.87 , 4.63 , 23
Going to Denaturing Temperature
1529 , 69.25 , 130.00 , 4.63 , 24
1530 , 73.50 , 130.00 , 4.63 , 24
1531 , 77.00 , 130.00 , 4.63 , 24
1532 , 80.75 , 130.00 , 4.63 , 24
1533 , 85.00 , 130.00 , 4.63 , 24
1534 , 89.00 , 130.00 , 4.63 , 24
1535 , 93.25 , 120.12 , 4.63 , 24
Denaturing DNA Now
1536 , 96.00 , 81.25 , 4.63 , 24
1537 , 98.00 , 54.50 , 4.63 , 24
1538 , 98.75 , 33.50 , 4.63 , 24
1539 , 98.75 , 23.37 , 4.63 , 24
1540 , 97.25 , 20.00 , 4.63 , 24
Going to Annealing Temperature
1541 , 96.50 , 20.00 , 4.63 , 24
1542 , 94.50 , 20.00 , 4.63 , 24
1543 , 91.00 , 20.00 , 4.63 , 24
1544 , 87.00 , 20.00 , 4.63 , 24
1545 , 82.50 , 20.00 , 4.63 , 24
1546 , 78.75 , 20.00 , 4.63 , 24
1547 , 74.75 , 20.00 , 4.63 , 24
1548 , 71.50 , 20.00 , 4.63 , 24
1549 , 68.50 , 20.00 , 4.63 , 24
1550 , 66.00 , 20.00 , 4.63 , 24
1551 , 63.00 , 20.00 , 4.63 , 24
1552 , 60.50 , 20.00 , 4.63 , 24
1553 , 58.75 , 20.00 , 4.63 , 24
1554 , 56.50 , 20.00 , 4.63 , 24
1555 , 55.00 , 20.00 , 4.63 , 24
1556 , 53.25 , 20.00 , 4.63 , 24
1557 , 51.50 , 20.00 , 4.63 , 24
Annealing DNA Now
1558 , 50.25 , 20.00 , 51.50 , 24
1559 , 48.75 , 20.00 , 62.63 , 24
1560 , 51.00 , 20.00 , 65.00 , 24
1561 , 52.50 , 20.00 , 55.50 , 24
1562 , 54.00 , 20.00 , 40.75 , 24
1563 , 55.50 , 20.00 , 25.25 , 24
1564 , 56.25 , 20.00 , 9.00 , 24
1565 , 56.00 , 20.00 , 0.00 , 24
1566 , 56.25 , 20.00 , 0.00 , 24
1567 , 55.75 , 20.00 , 0.00 , 24
Going to Extension Temperature
1568 , 55.25 , 130.00 , 0.00 , 24
1569 , 56.50 , 130.00 , 0.00 , 24
1570 , 61.00 , 130.00 , 0.00 , 24
1571 , 64.75 , 130.00 , 0.00 , 24
1572 , 69.50 , 113.37 , 0.00 , 24
Extending DNA Now
1573 , 72.75 , 70.37 , 0.00 , 24
1574 , 75.25 , 39.25 , 0.00 , 24
1575 , 76.00 , 13.63 , 0.00 , 24
1576 , 75.50 , 3.38 , 0.00 , 24
1577 , 74.75 , 4.63 , 0.00 , 24
1578 , 73.50 , 8.50 , 0.00 , 24
1579 , 72.75 , 17.50 , 0.00 , 24
1580 , 72.00 , 22.37 , 0.00 , 24
1581 , 70.75 , 27.62 , 0.00 , 24
1582 , 70.25 , 38.00 , 0.00 , 24
1583 , 70.25 , 41.88 , 0.00 , 24
1584 , 70.50 , 41.25 , 0.00 , 24
1585 , 70.75 , 38.25 , 0.00 , 24
1586 , 71.00 , 35.13 , 0.00 , 24
1587 , 70.50 , 31.87 , 0.00 , 24
1588 , 71.00 , 35.63 , 0.00 , 24
1589 , 71.00 , 30.12 , 0.00 , 24
1590 , 70.75 , 29.12 , 0.00 , 24
1591 , 70.00 , 30.50 , 0.00 , 24
1592 , 70.50 , 36.75 , 0.00 , 24
1593 , 70.25 , 36.75 , 0.00 , 24
Going to Denaturing Temperature
1594 , 70.25 , 130.00 , 0.00 , 25
1595 , 73.75 , 130.00 , 0.00 , 25
1596 , 77.75 , 130.00 , 0.00 , 25
1597 , 81.75 , 130.00 , 0.00 , 25
1598 , 86.00 , 130.00 , 0.00 , 25
1599 , 89.50 , 130.00 , 0.00 , 25
1600 , 94.25 , 115.62 , 0.00 , 25
Denaturing DNA Now
1601 , 97.25 , 71.75 , 0.00 , 25
1602 , 98.75 , 42.13 , 0.00 , 25
1603 , 99.00 , 25.25 , 0.00 , 25
1604 , 98.25 , 19.50 , 0.00 , 25
1605 , 97.25 , 23.12 , 0.00 , 25
Going to Annealing Temperature
1606 , 96.00 , 23.12 , 0.00 , 25
1607 , 94.00 , 23.12 , 0.00 , 25
1608 , 90.50 , 23.12 , 0.00 , 25
1609 , 86.50 , 23.12 , 0.00 , 25
1610 , 81.75 , 23.12 , 0.00 , 25
1611 , 78.25 , 23.12 , 0.00 , 25
1612 , 74.75 , 23.12 , 0.00 , 25
1613 , 70.50 , 23.12 , 0.00 , 25
1614 , 67.75 , 23.12 , 0.00 , 25
1615 , 65.75 , 23.12 , 0.00 , 25
1616 , 63.00 , 23.12 , 0.00 , 25
1617 , 61.00 , 23.12 , 0.00 , 25
1618 , 59.00 , 23.12 , 0.00 , 25
1619 , 57.00 , 23.12 , 0.00 , 25
1620 , 55.00 , 23.12 , 0.00 , 25
1621 , 53.25 , 23.12 , 0.00 , 25
1622 , 51.75 , 23.12 , 0.00 , 25
Annealing DNA Now
1623 , 49.75 , 23.12 , 49.25 , 25
1624 , 49.50 , 23.12 , 65.00 , 25
1625 , 50.25 , 23.12 , 65.00 , 25
1626 , 52.75 , 23.12 , 62.63 , 25
1627 , 54.50 , 23.12 , 38.75 , 25
1628 , 55.75 , 23.12 , 20.75 , 25
1629 , 56.00 , 23.12 , 6.63 , 25
1630 , 56.25 , 23.12 , 1.37 , 25
1631 , 56.00 , 23.12 , 0.00 , 25
1632 , 54.75 , 23.12 , 0.00 , 25
Going to Extension Temperature
1633 , 55.00 , 130.00 , 0.00 , 25
1634 , 56.25 , 130.00 , 0.00 , 25
1635 , 61.00 , 130.00 , 0.00 , 25
1636 , 64.75 , 130.00 , 0.00 , 25
1637 , 69.50 , 114.12 , 0.00 , 25
Extending DNA Now
1638 , 73.00 , 71.12 , 0.00 , 25
1639 , 75.25 , 37.63 , 0.00 , 25
1640 , 75.75 , 14.25 , 0.00 , 25
1641 , 75.50 , 6.38 , 0.00 , 25
1642 , 74.00 , 5.38 , 0.00 , 25
1643 , 73.75 , 16.37 , 0.00 , 25
1644 , 73.25 , 16.25 , 0.00 , 25
1645 , 72.25 , 18.62 , 0.00 , 25
1646 , 71.75 , 26.00 , 0.00 , 25
1647 , 71.25 , 29.12 , 0.00 , 25
1648 , 71.00 , 32.50 , 0.00 , 25
1649 , 70.25 , 33.75 , 0.00 , 25
1650 , 70.50 , 39.88 , 0.00 , 25
1651 , 70.50 , 36.88 , 0.00 , 25
1652 , 70.00 , 36.13 , 0.00 , 25
1653 , 70.25 , 40.13 , 0.00 , 25
1654 , 70.25 , 37.25 , 0.00 , 25
1655 , 70.25 , 36.63 , 0.00 , 25
1656 , 70.25 , 36.00 , 0.00 , 25
1657 , 70.25 , 35.38 , 0.00 , 25
1658 , 70.25 , 35.38 , 0.00 , 25
Going to Denaturing Temperature
1659 , 70.25 , 130.00 , 0.00 , 26
1660 , 73.75 , 130.00 , 0.00 , 26
1661 , 77.50 , 130.00 , 0.00 , 26
1662 , 81.00 , 130.00 , 0.00 , 26
1663 , 85.25 , 130.00 , 0.00 , 26
1664 , 88.75 , 130.00 , 0.00 , 26
1665 , 92.75 , 124.50 , 0.00 , 26
Denaturing DNA Now
1666 , 96.00 , 88.12 , 0.00 , 26
1667 , 99.00 , 56.88 , 0.00 , 26
1668 , 99.25 , 26.37 , 0.00 , 26
1669 , 98.00 , 20.50 , 0.00 , 26
1670 , 97.25 , 28.75 , 0.00 , 26
Going to Annealing Temperature
1671 , 96.00 , 28.75 , 0.00 , 26
1672 , 94.25 , 28.75 , 0.00 , 26
1673 , 91.00 , 28.75 , 0.00 , 26
1674 , 86.25 , 28.75 , 0.00 , 26
1675 , 82.50 , 28.75 , 0.00 , 26
1676 , 78.50 , 28.75 , 0.00 , 26
1677 , 74.75 , 28.75 , 0.00 , 26
1678 , 71.25 , 28.75 , 0.00 , 26
1679 , 68.75 , 28.75 , 0.00 , 26
1680 , 65.75 , 28.75 , 0.00 , 26
1681 , 62.75 , 28.75 , 0.00 , 26
1682 , 60.75 , 28.75 , 0.00 , 26
1683 , 58.50 , 28.75 , 0.00 , 26
1684 , 57.25 , 28.75 , 0.00 , 26
1685 , 55.00 , 28.75 , 0.00 , 26
1686 , 53.00 , 28.75 , 0.00 , 26
1687 , 51.00 , 28.75 , 0.00 , 26
Annealing DNA Now
1688 , 49.75 , 28.75 , 56.00 , 26
1689 , 49.25 , 28.75 , 65.00 , 26
1690 , 51.00 , 28.75 , 65.00 , 26
1691 , 52.00 , 28.75 , 55.50 , 26
1692 , 54.25 , 28.75 , 45.50 , 26
1693 , 56.00 , 28.75 , 23.12 , 26
1694 , 56.75 , 28.75 , 4.38 , 26
1695 , 56.00 , 28.75 , 0.00 , 26
1696 , 56.00 , 28.75 , 0.00 , 26
1697 , 55.50 , 28.75 , 0.00 , 26
Going to Extension Temperature
1698 , 54.75 , 130.00 , 0.00 , 26
1699 , 56.00 , 130.00 , 0.00 , 26
1700 , 60.50 , 130.00 , 0.00 , 26
1701 , 64.50 , 130.00 , 0.00 , 26
1702 , 69.25 , 116.37 , 0.00 , 26
Extending DNA Now
1703 , 73.00 , 73.50 , 0.00 , 26
1704 , 75.25 , 37.75 , 0.00 , 26
1705 , 75.75 , 14.38 , 0.00 , 26
1706 , 75.50 , 6.50 , 0.00 , 26
1707 , 74.75 , 5.50 , 0.00 , 26
1708 , 73.50 , 9.38 , 0.00 , 26
1709 , 72.75 , 18.37 , 0.00 , 26
1710 , 72.25 , 23.25 , 0.00 , 26
1711 , 71.75 , 26.12 , 0.00 , 26
1712 , 71.50 , 29.25 , 0.00 , 26
1713 , 71.00 , 30.25 , 0.00 , 26
1714 , 71.00 , 33.75 , 0.00 , 26
1715 , 70.75 , 32.75 , 0.00 , 26
1716 , 70.75 , 34.13 , 0.00 , 26
1717 , 70.25 , 33.25 , 0.00 , 26
1718 , 70.75 , 37.13 , 0.00 , 26
1719 , 70.50 , 31.75 , 0.00 , 26
1720 , 70.25 , 33.25 , 0.00 , 26
1721 , 70.50 , 34.88 , 0.00 , 26
1722 , 70.50 , 31.87 , 0.00 , 26
1723 , 70.00 , 31.87 , 0.00 , 26
Going to Denaturing Temperature
1724 , 69.50 , 130.00 , 0.00 , 27
1725 , 73.25 , 130.00 , 0.00 , 27
1726 , 77.00 , 130.00 , 0.00 , 27
1727 , 80.25 , 130.00 , 0.00 , 27
1728 , 84.50 , 130.00 , 0.00 , 27
1729 , 88.25 , 130.00 , 0.00 , 27
1730 , 92.25 , 129.75 , 0.00 , 27
Denaturing DNA Now
1731 , 96.25 , 93.62 , 0.00 , 27
1732 , 98.75 , 55.50 , 0.00 , 27
1733 , 99.25 , 29.62 , 0.00 , 27
1734 , 98.75 , 21.50 , 0.00 , 27
1735 , 97.50 , 22.62 , 0.00 , 27
Going to Annealing Temperature
1736 , 96.25 , 22.62 , 0.00 , 27
1737 , 94.00 , 22.62 , 0.00 , 27
1738 , 91.25 , 22.62 , 0.00 , 27
1739 , 86.50 , 22.62 , 0.00 , 27
1740 , 82.75 , 22.62 , 0.00 , 27
1741 , 78.50 , 22.62 , 0.00 , 27
1742 , 74.75 , 22.62 , 0.00 , 27
1743 , 71.50 , 22.62 , 0.00 , 27
1744 , 68.00 , 22.62 , 0.00 , 27
1745 , 65.75 , 22.62 , 0.00 , 27
1746 , 63.00 , 22.62 , 0.00 , 27
1747 , 60.75 , 22.62 , 0.00 , 27
1748 , 58.75 , 22.62 , 0.00 , 27
1749 , 57.25 , 22.62 , 0.00 , 27
1750 , 55.25 , 22.62 , 0.00 , 27
1751 , 53.25 , 22.62 , 0.00 , 27
1752 , 51.50 , 22.62 , 0.00 , 27
Annealing DNA Now
1753 , 50.00 , 22.62 , 51.50 , 27
1754 , 49.25 , 22.62 , 65.00 , 27
1755 , 51.00 , 22.62 , 65.00 , 27
1756 , 52.00 , 22.62 , 55.50 , 27
1757 , 54.50 , 22.62 , 45.50 , 27
1758 , 56.00 , 22.62 , 20.75 , 27
1759 , 56.00 , 22.62 , 4.25 , 27
1760 , 56.25 , 22.62 , 1.25 , 27
1761 , 55.50 , 22.62 , 0.00 , 27
1762 , 55.50 , 22.62 , 0.00 , 27
Going to Extension Temperature
1763 , 54.75 , 130.00 , 0.00 , 27
1764 , 56.50 , 130.00 , 0.00 , 27
1765 , 61.00 , 130.00 , 0.00 , 27
1766 , 65.00 , 130.00 , 0.00 , 27
1767 , 69.00 , 111.50 , 0.00 , 27
Extending DNA Now
1768 , 72.75 , 75.50 , 0.00 , 27
1769 , 75.25 , 39.88 , 0.00 , 27
1770 , 75.75 , 14.25 , 0.00 , 27
1771 , 75.50 , 6.38 , 0.00 , 27
1772 , 74.75 , 5.38 , 0.00 , 27
1773 , 73.75 , 9.25 , 0.00 , 27
1774 , 73.00 , 15.88 , 0.00 , 27
1775 , 72.00 , 20.62 , 0.00 , 27
1776 , 71.50 , 28.12 , 0.00 , 27
1777 , 70.50 , 31.37 , 0.00 , 27
1778 , 70.50 , 39.63 , 0.00 , 27
1779 , 70.50 , 38.88 , 0.00 , 27
1780 , 70.75 , 38.13 , 0.00 , 27
1781 , 70.75 , 35.00 , 0.00 , 27
1782 , 70.25 , 34.13 , 0.00 , 27
1783 , 70.75 , 38.00 , 0.00 , 27
1784 , 70.75 , 32.63 , 0.00 , 27
1785 , 70.50 , 31.75 , 0.00 , 27
1786 , 70.50 , 33.25 , 0.00 , 27
1787 , 69.75 , 32.50 , 0.00 , 27
1788 , 70.25 , 32.50 , 0.00 , 27
Going to Denaturing Temperature
1789 , 70.25 , 130.00 , 0.00 , 28
1791 , 73.75 , 130.00 , 0.00 , 28
1792 , 77.25 , 130.00 , 0.00 , 28
1793 , 80.00 , 130.00 , 0.00 , 28
1794 , 84.25 , 130.00 , 0.00 , 28
1795 , 88.50 , 130.00 , 0.00 , 28
1796 , 92.75 , 127.37 , 0.00 , 28
Denaturing DNA Now
1797 , 96.50 , 88.75 , 0.00 , 28
1798 , 98.25 , 52.75 , 0.00 , 28
1799 , 98.75 , 33.88 , 0.00 , 28
1800 , 98.25 , 26.00 , 0.00 , 28
1801 , 97.50 , 27.37 , 0.00 , 28
Going to Annealing Temperature
1802 , 96.00 , 27.37 , 0.00 , 28
1803 , 94.50 , 27.37 , 0.00 , 28
1804 , 90.75 , 27.37 , 0.00 , 28
1805 , 86.75 , 27.37 , 0.00 , 28
1806 , 82.00 , 27.37 , 0.00 , 28
1807 , 78.00 , 27.37 , 0.00 , 28
1808 , 75.00 , 27.37 , 0.00 , 28
1809 , 71.50 , 27.37 , 0.00 , 28
1810 , 68.25 , 27.37 , 0.00 , 28
1811 , 65.75 , 27.37 , 0.00 , 28
1812 , 63.00 , 27.37 , 0.00 , 28
1813 , 61.00 , 27.37 , 0.00 , 28
1814 , 59.00 , 27.37 , 0.00 , 28
1815 , 57.00 , 27.37 , 0.00 , 28
1816 , 55.00 , 27.37 , 0.00 , 28
1817 , 53.25 , 27.37 , 0.00 , 28
1818 , 51.50 , 27.37 , 0.00 , 28
Annealing DNA Now
1819 , 50.50 , 27.37 , 51.50 , 28
1820 , 49.50 , 27.37 , 60.25 , 28
1821 , 51.00 , 27.37 , 65.00 , 28
1822 , 52.50 , 27.37 , 55.50 , 28
1823 , 54.00 , 27.37 , 40.75 , 28
1824 , 55.50 , 27.37 , 25.25 , 28
1825 , 55.75 , 27.37 , 9.00 , 28
1826 , 55.50 , 27.37 , 3.88 , 28
1827 , 55.50 , 27.37 , 3.38 , 28
1828 , 55.00 , 27.37 , 0.63 , 28
Going to Extension Temperature
1829 , 54.25 , 130.00 , 0.63 , 28
1830 , 56.50 , 130.00 , 0.63 , 28
1831 , 61.00 , 130.00 , 0.63 , 28
1832 , 65.25 , 130.00 , 0.63 , 28
1833 , 69.25 , 110.37 , 0.63 , 28
Extending DNA Now
1834 , 72.50 , 74.25 , 0.63 , 28
1835 , 74.50 , 43.25 , 0.63 , 28
1836 , 75.75 , 22.50 , 0.63 , 28
1837 , 75.75 , 7.88 , 0.63 , 28
1838 , 75.25 , 4.50 , 0.63 , 28
1839 , 74.00 , 5.88 , 0.63 , 28
1840 , 72.75 , 14.63 , 0.63 , 28
1841 , 71.75 , 24.00 , 0.63 , 28
1842 , 71.25 , 31.62 , 0.63 , 28
1843 , 71.00 , 35.00 , 0.63 , 28
1844 , 71.25 , 36.25 , 0.63 , 28
1845 , 70.75 , 32.88 , 0.63 , 28
1846 , 70.75 , 36.50 , 0.63 , 28
1847 , 70.25 , 35.63 , 0.63 , 28
1848 , 70.75 , 39.50 , 0.63 , 28
1849 , 70.75 , 34.13 , 0.63 , 28
1850 , 70.75 , 33.25 , 0.63 , 28
1851 , 70.50 , 32.38 , 0.63 , 28
1852 , 70.50 , 33.88 , 0.63 , 28
1853 , 70.00 , 33.13 , 0.63 , 28
1854 , 70.00 , 33.13 , 0.63 , 28
Going to Denaturing Temperature
1855 , 69.75 , 130.00 , 0.63 , 29
1856 , 73.75 , 130.00 , 0.63 , 29
1857 , 76.75 , 130.00 , 0.63 , 29
1858 , 80.75 , 130.00 , 0.63 , 29
1859 , 84.25 , 130.00 , 0.63 , 29
1860 , 88.75 , 130.00 , 0.63 , 29
1861 , 92.25 , 125.87 , 0.63 , 29
Denaturing DNA Now
1862 , 96.00 , 94.25 , 0.63 , 29
1863 , 97.75 , 58.50 , 0.63 , 29
1864 , 99.00 , 39.88 , 0.63 , 29
1865 , 98.25 , 25.12 , 0.63 , 29
1866 , 97.50 , 28.75 , 0.63 , 29
Going to Annealing Temperature
1867 , 96.50 , 28.75 , 0.63 , 29
1868 , 94.75 , 28.75 , 0.63 , 29
1869 , 91.50 , 28.75 , 0.63 , 29
1870 , 87.00 , 28.75 , 0.63 , 29
1871 , 82.75 , 28.75 , 0.63 , 29
1872 , 78.50 , 28.75 , 0.63 , 29
1873 , 75.00 , 28.75 , 0.63 , 29
1874 , 71.75 , 28.75 , 0.63 , 29
1875 , 68.50 , 28.75 , 0.63 , 29
1876 , 65.50 , 28.75 , 0.63 , 29
1877 , 63.50 , 28.75 , 0.63 , 29
1878 , 61.25 , 28.75 , 0.63 , 29
1879 , 58.75 , 28.75 , 0.63 , 29
1880 , 57.00 , 28.75 , 0.63 , 29
1881 , 54.75 , 28.75 , 0.63 , 29
1882 , 52.75 , 28.75 , 0.63 , 29
1883 , 51.75 , 28.75 , 0.63 , 29
Annealing DNA Now
1884 , 50.50 , 28.75 , 49.25 , 29
1885 , 49.00 , 28.75 , 60.25 , 29
1886 , 50.75 , 28.75 , 65.00 , 29
1887 , 52.25 , 28.75 , 57.88 , 29
1888 , 54.50 , 28.75 , 43.25 , 29
1889 , 55.75 , 28.75 , 20.75 , 29
1890 , 56.25 , 28.75 , 6.63 , 29
1891 , 55.75 , 28.75 , 0.00 , 29
1892 , 55.50 , 28.75 , 0.63 , 29
1893 , 55.25 , 28.75 , 0.12 , 29
Going to Extension Temperature
1894 , 54.25 , 130.00 , 0.12 , 29
1895 , 55.75 , 130.00 , 0.12 , 29
1896 , 60.50 , 130.00 , 0.12 , 29
1897 , 64.50 , 130.00 , 0.12 , 29
1898 , 68.25 , 117.50 , 0.12 , 29
Extending DNA Now
1899 , 72.25 , 84.12 , 0.12 , 29
1900 , 74.75 , 46.50 , 0.12 , 29
1901 , 75.75 , 21.12 , 0.12 , 29
1902 , 75.75 , 8.75 , 0.12 , 29
1903 , 74.75 , 5.38 , 0.12 , 29
1904 , 73.25 , 11.50 , 0.12 , 29
1905 , 73.00 , 22.87 , 0.12 , 29
1906 , 72.25 , 23.12 , 0.12 , 29
1907 , 71.75 , 28.25 , 0.12 , 29
1908 , 71.25 , 31.37 , 0.12 , 29
1909 , 71.25 , 34.75 , 0.12 , 29
1910 , 71.00 , 33.63 , 0.12 , 29
1911 , 70.75 , 34.88 , 0.12 , 29
1912 , 70.75 , 36.25 , 0.12 , 29
1913 , 70.50 , 35.38 , 0.12 , 29
1914 , 70.75 , 36.88 , 0.12 , 29
1915 , 70.75 , 33.75 , 0.12 , 29
1916 , 70.75 , 32.88 , 0.12 , 29
1917 , 70.50 , 32.00 , 0.12 , 29
1918 , 70.50 , 33.50 , 0.12 , 29
1919 , 70.00 , 33.50 , 0.12 , 29
Going to Denaturing Temperature
1920 , 70.25 , 130.00 , 0.12 , 30
1921 , 73.75 , 130.00 , 0.12 , 30
1922 , 77.25 , 130.00 , 0.12 , 30
1923 , 81.00 , 130.00 , 0.12 , 30
1924 , 84.50 , 130.00 , 0.12 , 30
1925 , 88.75 , 130.00 , 0.12 , 30
1926 , 92.25 , 125.50 , 0.12 , 30
Denaturing DNA Now
1927 , 95.75 , 93.87 , 0.12 , 30
1928 , 98.25 , 60.50 , 0.12 , 30
1929 , 99.00 , 34.88 , 0.12 , 30
1930 , 98.50 , 24.62 , 0.12 , 30
1931 , 97.25 , 25.87 , 0.12 , 30
Going to Annealing Temperature
1932 , 96.50 , 25.87 , 0.12 , 30
1933 , 94.25 , 25.87 , 0.12 , 30
1934 , 91.25 , 25.87 , 0.12 , 30
1935 , 87.00 , 25.87 , 0.12 , 30
1936 , 82.75 , 25.87 , 0.12 , 30
1937 , 78.00 , 25.87 , 0.12 , 30
1938 , 75.00 , 25.87 , 0.12 , 30
1939 , 71.00 , 25.87 , 0.12 , 30
1940 , 68.25 , 25.87 , 0.12 , 30
1941 , 65.50 , 25.87 , 0.12 , 30
1942 , 63.50 , 25.87 , 0.12 , 30
1943 , 61.00 , 25.87 , 0.12 , 30
1944 , 58.50 , 25.87 , 0.12 , 30
1945 , 57.00 , 25.87 , 0.12 , 30
1946 , 54.50 , 25.87 , 0.12 , 30
1947 , 53.00 , 25.87 , 0.12 , 30
1948 , 52.00 , 25.87 , 0.12 , 30
Annealing DNA Now
1949 , 50.25 , 25.87 , 47.00 , 30
1950 , 49.25 , 25.87 , 62.63 , 30
1951 , 50.25 , 25.87 , 65.00 , 30
1952 , 52.75 , 25.87 , 62.63 , 30
1953 , 54.75 , 25.87 , 38.75 , 30
1954 , 56.00 , 25.87 , 18.37 , 30
1955 , 56.00 , 25.87 , 4.13 , 30
1956 , 55.75 , 25.87 , 1.12 , 30
1957 , 55.00 , 25.87 , 0.50 , 30
1958 , 55.00 , 25.87 , 4.75 , 30
Going to Extension Temperature
1959 , 54.25 , 130.00 , 4.75 , 30
1960 , 58.50 , 130.00 , 4.75 , 30
1961 , 62.75 , 130.00 , 4.75 , 30
1962 , 66.50 , 128.75 , 4.75 , 30
1963 , 71.00 , 96.25 , 4.75 , 30
Extending DNA Now
1964 , 73.75 , 54.75 , 4.75 , 30
1965 , 75.25 , 27.62 , 4.75 , 30
1966 , 75.50 , 11.00 , 4.75 , 30
1967 , 74.50 , 5.50 , 4.75 , 30
1968 , 73.50 , 11.75 , 4.75 , 30
1969 , 73.25 , 18.50 , 4.75 , 30
1970 , 72.75 , 18.62 , 4.75 , 30
1971 , 71.75 , 21.25 , 4.75 , 30
1972 , 71.50 , 28.87 , 4.75 , 30
1973 , 71.00 , 29.87 , 4.75 , 30
1974 , 70.50 , 33.38 , 4.75 , 30
1975 , 70.50 , 37.13 , 4.75 , 30
1976 , 70.50 , 36.38 , 4.75 , 30
1977 , 70.00 , 35.63 , 4.75 , 30
1978 , 70.25 , 39.63 , 4.75 , 30
1979 , 70.50 , 36.75 , 4.75 , 30
1980 , 70.25 , 33.75 , 4.75 , 30
1981 , 70.25 , 35.38 , 4.75 , 30
1982 , 70.25 , 34.75 , 4.75 , 30
1983 , 70.00 , 34.13 , 4.75 , 30
1984 , 70.50 , 34.13 , 4.75 , 30
