Please wait for the temperature to reach 95
0 , 30.25 , 200.00 , 0.00 , 0
1 , 29.50 , 200.00 , 0.00 , 0
2 , 30.25 , 200.00 , 0.00 , 0
3 , 31.00 , 200.00 , 0.00 , 0
4 , 31.50 , 200.00 , 0.00 , 0
5 , 32.50 , 200.00 , 0.00 , 0
6 , 33.75 , 200.00 , 0.00 , 0
7 , 35.75 , 200.00 , 0.00 , 0
8 , 37.25 , 200.00 , 0.00 , 0
9 , 39.50 , 200.00 , 0.00 , 0
10 , 42.00 , 200.00 , 0.00 , 0
11 , 45.25 , 200.00 , 0.00 , 0
12 , 48.00 , 200.00 , 0.00 , 0
13 , 50.75 , 200.00 , 0.00 , 0
14 , 53.00 , 200.00 , 0.00 , 0
15 , 54.25 , 200.00 , 0.00 , 0
16 , 55.75 , 200.00 , 0.00 , 0
17 , 58.50 , 200.00 , 0.00 , 0
18 , 60.50 , 200.00 , 0.00 , 0
19 , 63.50 , 200.00 , 0.00 , 0
20 , 65.75 , 200.00 , 0.00 , 0
21 , 68.00 , 200.00 , 0.00 , 0
22 , 70.25 , 200.00 , 0.00 , 0
23 , 72.50 , 200.00 , 0.00 , 0
24 , 75.00 , 200.00 , 0.00 , 0
25 , 76.50 , 200.00 , 0.00 , 0
26 , 78.25 , 200.00 , 0.00 , 0
27 , 80.50 , 200.00 , 0.00 , 0
28 , 82.50 , 200.00 , 0.00 , 0
29 , 84.25 , 200.00 , 0.00 , 0
30 , 85.50 , 200.00 , 0.00 , 0
31 , 88.00 , 200.00 , 0.00 , 0
32 , 90.25 , 200.00 , 0.00 , 0
33 , 92.25 , 200.00 , 0.00 , 0
34 , 94.25 , 200.00 , 0.00 , 0
35 , 96.50 , 200.00 , 0.00 , 0
Temperature has reached 95, please wait 60s for the initial denaturing to complete
36 , 98.00 , 167.75 , 0.00 , 0
Initial Denaturing has completed, Amplification Loop will start now
Going to Denaturing Temperature
Denaturing DNA Now
37 , 99.50 , 133.25 , 0.00 , 1
38 , 100.50 , 96.50 , 0.00 , 1
39 , 99.75 , 68.25 , 0.00 , 1
40 , 98.75 , 76.12 , 0.00 , 1
41 , 97.50 , 90.50 , 0.00 , 1
Going to Annealing Temperature
42 , 96.25 , 90.50 , 0.00 , 1
43 , 94.50 , 90.50 , 0.00 , 1
44 , 92.25 , 90.50 , 0.00 , 1
45 , 89.50 , 90.50 , 0.00 , 1
46 , 86.75 , 90.50 , 0.00 , 1
47 , 83.50 , 90.50 , 0.00 , 1
48 , 81.00 , 90.50 , 0.00 , 1
49 , 78.50 , 90.50 , 0.00 , 1
50 , 75.75 , 90.50 , 0.00 , 1
51 , 73.50 , 90.50 , 0.00 , 1
52 , 71.00 , 90.50 , 0.00 , 1
53 , 68.75 , 90.50 , 0.00 , 1
54 , 66.25 , 90.50 , 0.00 , 1
55 , 64.75 , 90.50 , 0.00 , 1
56 , 62.75 , 90.50 , 0.00 , 1
57 , 61.00 , 90.50 , 0.00 , 1
58 , 59.25 , 90.50 , 0.00 , 1
59 , 57.50 , 90.50 , 0.00 , 1
60 , 55.75 , 90.50 , 0.00 , 1
61 , 54.25 , 90.50 , 0.00 , 1
Annealing DNA Now
62 , 53.50 , 90.50 , 75.00 , 1
63 , 51.75 , 90.50 , 89.25 , 1
64 , 51.50 , 90.50 , 100.00 , 1
65 , 51.50 , 90.50 , 100.00 , 1
66 , 52.25 , 90.50 , 100.00 , 1
67 , 53.50 , 90.50 , 100.00 , 1
68 , 54.50 , 90.50 , 89.25 , 1
69 , 56.00 , 90.50 , 67.00 , 1
70 , 57.00 , 90.50 , 32.50 , 1
71 , 56.75 , 90.50 , 6.50 , 1
Going to Extension Temperature
72 , 56.50 , 200.00 , 6.50 , 1
73 , 56.75 , 200.00 , 6.50 , 1
74 , 59.00 , 200.00 , 6.50 , 1
75 , 61.50 , 200.00 , 6.50 , 1
76 , 64.25 , 200.00 , 6.50 , 1
77 , 66.50 , 200.00 , 6.50 , 1
78 , 68.50 , 200.00 , 6.50 , 1
79 , 70.75 , 200.00 , 6.50 , 1
Extending DNA Now
80 , 72.75 , 200.00 , 6.50 , 1
81 , 74.00 , 183.88 , 6.50 , 1
82 , 76.25 , 155.88 , 6.50 , 1
83 , 77.50 , 104.50 , 6.50 , 1
84 , 78.00 , 71.25 , 6.50 , 1
85 , 77.50 , 52.25 , 6.50 , 1
86 , 76.75 , 54.00 , 6.50 , 1
87 , 75.75 , 61.88 , 6.50 , 1
88 , 74.50 , 76.25 , 6.50 , 1
89 , 74.50 , 97.50 , 6.50 , 1
90 , 73.75 , 93.75 , 6.50 , 1
91 , 73.75 , 106.12 , 6.50 , 1
92 , 74.25 , 103.50 , 6.50 , 1
93 , 74.50 , 90.12 , 6.50 , 1
94 , 74.50 , 81.37 , 6.50 , 1
95 , 74.25 , 77.62 , 6.50 , 1
96 , 73.50 , 79.25 , 6.50 , 1
97 , 73.25 , 92.00 , 6.50 , 1
98 , 73.25 , 95.12 , 6.50 , 1
99 , 72.75 , 93.25 , 6.50 , 1
100 , 73.25 , 93.25 , 6.50 , 1
Going to Denaturing Temperature
101 , 72.75 , 200.00 , 6.50 , 2
102 , 73.75 , 200.00 , 6.50 , 2
103 , 79.50 , 200.00 , 6.50 , 2
104 , 83.50 , 200.00 , 6.50 , 2
105 , 87.00 , 200.00 , 6.50 , 2
106 , 90.50 , 200.00 , 6.50 , 2
107 , 94.25 , 200.00 , 6.50 , 2
108 , 97.25 , 200.00 , 6.50 , 2
Denaturing DNA Now
109 , 100.25 , 151.63 , 6.50 , 2
110 , 102.25 , 83.75 , 6.50 , 2
111 , 102.25 , 32.88 , 6.50 , 2
112 , 100.25 , 22.00 , 6.50 , 2
113 , 98.00 , 54.13 , 6.50 , 2
Going to Annealing Temperature
114 , 96.25 , 54.13 , 6.50 , 2
115 , 94.25 , 54.13 , 6.50 , 2
116 , 92.00 , 54.13 , 6.50 , 2
117 , 89.50 , 54.13 , 6.50 , 2
118 , 86.25 , 54.13 , 6.50 , 2
119 , 84.00 , 54.13 , 6.50 , 2
120 , 81.00 , 54.13 , 6.50 , 2
121 , 78.75 , 54.13 , 6.50 , 2
122 , 75.75 , 54.13 , 6.50 , 2
123 , 73.75 , 54.13 , 6.50 , 2
124 , 71.00 , 54.13 , 6.50 , 2
125 , 69.00 , 54.13 , 6.50 , 2
126 , 66.50 , 54.13 , 6.50 , 2
127 , 64.50 , 54.13 , 6.50 , 2
128 , 63.00 , 54.13 , 6.50 , 2
129 , 61.50 , 54.13 , 6.50 , 2
130 , 59.50 , 54.13 , 6.50 , 2
131 , 57.50 , 54.13 , 6.50 , 2
132 , 56.25 , 54.13 , 6.50 , 2
133 , 55.00 , 54.13 , 6.50 , 2
Annealing DNA Now
134 , 53.50 , 54.13 , 60.00 , 2
135 , 52.50 , 54.13 , 89.25 , 2
136 , 52.25 , 54.13 , 100.00 , 2
137 , 52.25 , 54.13 , 100.00 , 2
138 , 52.50 , 54.13 , 100.00 , 2
139 , 53.75 , 54.13 , 100.00 , 2
140 , 55.50 , 54.13 , 83.87 , 2
141 , 57.00 , 54.13 , 45.13 , 2
142 , 57.50 , 54.13 , 9.13 , 2
143 , 57.75 , 54.13 , 0.00 , 2
Going to Extension Temperature
144 , 56.75 , 200.00 , 0.00 , 2
145 , 56.00 , 200.00 , 0.00 , 2
146 , 57.00 , 200.00 , 0.00 , 2
147 , 59.00 , 200.00 , 0.00 , 2
148 , 62.75 , 200.00 , 0.00 , 2
149 , 65.50 , 200.00 , 0.00 , 2
150 , 67.50 , 200.00 , 0.00 , 2
151 , 70.00 , 200.00 , 0.00 , 2
152 , 72.50 , 200.00 , 0.00 , 2
Extending DNA Now
153 , 74.00 , 189.25 , 0.00 , 2
154 , 76.50 , 156.25 , 0.00 , 2
155 , 77.25 , 99.50 , 0.00 , 2
156 , 77.75 , 76.62 , 0.00 , 2
157 , 77.25 , 58.00 , 0.00 , 2
158 , 76.25 , 60.13 , 0.00 , 2
159 , 75.25 , 73.75 , 0.00 , 2
160 , 74.25 , 88.87 , 0.00 , 2
161 , 74.00 , 105.50 , 0.00 , 2
162 , 74.00 , 107.50 , 0.00 , 2
163 , 74.50 , 104.50 , 0.00 , 2
164 , 73.75 , 90.75 , 0.00 , 2
165 , 74.25 , 103.12 , 0.00 , 2
166 , 73.50 , 89.75 , 0.00 , 2
167 , 74.00 , 102.50 , 0.00 , 2
168 , 74.25 , 89.50 , 0.00 , 2
169 , 73.75 , 81.12 , 0.00 , 2
170 , 73.50 , 88.50 , 0.00 , 2
171 , 73.75 , 91.25 , 0.00 , 2
172 , 73.25 , 83.62 , 0.00 , 2
173 , 73.25 , 83.62 , 0.00 , 2
Going to Denaturing Temperature
174 , 72.75 , 200.00 , 0.00 , 3
175 , 74.75 , 200.00 , 0.00 , 3
176 , 79.75 , 200.00 , 0.00 , 3
177 , 84.25 , 200.00 , 0.00 , 3
178 , 87.75 , 200.00 , 0.00 , 3
179 , 91.25 , 200.00 , 0.00 , 3
180 , 95.50 , 200.00 , 0.00 , 3
Denaturing DNA Now
181 , 98.25 , 189.25 , 0.00 , 3
182 , 101.00 , 129.38 , 0.00 , 3
183 , 102.75 , 65.37 , 0.00 , 3
184 , 101.75 , 18.75 , 0.00 , 3
185 , 99.50 , 28.62 , 0.00 , 3
Going to Annealing Temperature
186 , 97.00 , 28.62 , 0.00 , 3
187 , 94.50 , 28.62 , 0.00 , 3
188 , 92.25 , 28.62 , 0.00 , 3
189 , 89.25 , 28.62 , 0.00 , 3
190 , 86.00 , 28.62 , 0.00 , 3
191 , 83.50 , 28.62 , 0.00 , 3
192 , 81.00 , 28.62 , 0.00 , 3
193 , 78.25 , 28.62 , 0.00 , 3
194 , 75.50 , 28.62 , 0.00 , 3
195 , 73.00 , 28.62 , 0.00 , 3
196 , 71.00 , 28.62 , 0.00 , 3
197 , 68.75 , 28.62 , 0.00 , 3
198 , 66.25 , 28.62 , 0.00 , 3
199 , 64.75 , 28.62 , 0.00 , 3
200 , 62.75 , 28.62 , 0.00 , 3
201 , 61.25 , 28.62 , 0.00 , 3
202 , 59.50 , 28.62 , 0.00 , 3
203 , 57.75 , 28.62 , 0.00 , 3
204 , 56.25 , 28.62 , 0.00 , 3
205 , 54.75 , 28.62 , 0.00 , 3
Annealing DNA Now
206 , 53.50 , 28.62 , 65.00 , 3
207 , 52.25 , 28.62 , 89.25 , 3
208 , 52.00 , 28.62 , 100.00 , 3
209 , 52.00 , 28.62 , 100.00 , 3
210 , 53.25 , 28.62 , 100.00 , 3
211 , 53.50 , 28.62 , 94.62 , 3
212 , 56.25 , 28.62 , 88.87 , 3
213 , 57.25 , 28.62 , 29.00 , 3
214 , 58.25 , 28.62 , 2.63 , 3
215 , 57.50 , 28.62 , 0.00 , 3
Going to Extension Temperature
216 , 57.00 , 200.00 , 0.00 , 3
217 , 56.50 , 200.00 , 0.00 , 3
218 , 57.50 , 200.00 , 0.00 , 3
219 , 60.00 , 200.00 , 0.00 , 3
220 , 63.50 , 200.00 , 0.00 , 3
221 , 66.25 , 200.00 , 0.00 , 3
222 , 68.75 , 200.00 , 0.00 , 3
223 , 71.00 , 200.00 , 0.00 , 3
Extending DNA Now
224 , 73.00 , 200.00 , 0.00 , 3
225 , 75.50 , 178.50 , 0.00 , 3
226 , 77.25 , 123.25 , 0.00 , 3
227 , 77.75 , 80.37 , 0.00 , 3
228 , 78.00 , 61.75 , 0.00 , 3
229 , 76.50 , 47.75 , 0.00 , 3
230 , 75.75 , 71.00 , 0.00 , 3
231 , 74.50 , 80.37 , 0.00 , 3
232 , 73.75 , 101.62 , 0.00 , 3
233 , 74.00 , 114.00 , 0.00 , 3
234 , 73.75 , 106.00 , 0.00 , 3
235 , 74.50 , 108.37 , 0.00 , 3
236 , 74.75 , 89.62 , 0.00 , 3
237 , 75.00 , 80.50 , 0.00 , 3
238 , 74.50 , 71.00 , 0.00 , 3
239 , 74.25 , 77.25 , 0.00 , 3
240 , 73.75 , 78.87 , 0.00 , 3
241 , 72.50 , 86.25 , 0.00 , 3
242 , 73.25 , 110.50 , 0.00 , 3
243 , 72.50 , 93.62 , 0.00 , 3
244 , 73.00 , 93.62 , 0.00 , 3
Going to Denaturing Temperature
245 , 73.50 , 200.00 , 0.00 , 4
246 , 75.00 , 200.00 , 0.00 , 4
247 , 80.50 , 200.00 , 0.00 , 4
248 , 85.00 , 200.00 , 0.00 , 4
249 , 88.75 , 200.00 , 0.00 , 4
250 , 92.25 , 200.00 , 0.00 , 4
251 , 95.75 , 200.00 , 0.00 , 4
Denaturing DNA Now
252 , 99.50 , 183.88 , 0.00 , 4
253 , 102.00 , 102.12 , 0.00 , 4
254 , 102.75 , 41.63 , 0.00 , 4
255 , 100.50 , 15.00 , 0.00 , 4
256 , 98.75 , 51.75 , 0.00 , 4
Going to Annealing Temperature
257 , 96.25 , 51.75 , 0.00 , 4
258 , 94.00 , 51.75 , 0.00 , 4
259 , 91.75 , 51.75 , 0.00 , 4
260 , 88.50 , 51.75 , 0.00 , 4
261 , 86.00 , 51.75 , 0.00 , 4
262 , 83.50 , 51.75 , 0.00 , 4
263 , 80.50 , 51.75 , 0.00 , 4
264 , 78.00 , 51.75 , 0.00 , 4
265 , 75.50 , 51.75 , 0.00 , 4
266 , 73.00 , 51.75 , 0.00 , 4
267 , 71.25 , 51.75 , 0.00 , 4
268 , 68.75 , 51.75 , 0.00 , 4
269 , 66.50 , 51.75 , 0.00 , 4
270 , 64.75 , 51.75 , 0.00 , 4
271 , 63.00 , 51.75 , 0.00 , 4
272 , 60.50 , 51.75 , 0.00 , 4
273 , 59.25 , 51.75 , 0.00 , 4
274 , 57.75 , 51.75 , 0.00 , 4
275 , 56.00 , 51.75 , 0.00 , 4
276 , 54.75 , 51.75 , 0.00 , 4
Annealing DNA Now
277 , 53.00 , 51.75 , 65.00 , 4
278 , 52.25 , 51.75 , 100.00 , 4
279 , 51.75 , 51.75 , 100.00 , 4
280 , 52.25 , 51.75 , 100.00 , 4
281 , 53.00 , 51.75 , 100.00 , 4
282 , 54.25 , 51.75 , 100.00 , 4
283 , 56.00 , 51.75 , 73.12 , 4
284 , 57.50 , 51.75 , 33.63 , 4
285 , 58.00 , 51.75 , 0.00 , 4
286 , 57.50 , 51.75 , 0.00 , 4
Going to Extension Temperature
287 , 56.75 , 200.00 , 0.00 , 4
288 , 56.25 , 200.00 , 0.00 , 4
289 , 57.00 , 200.00 , 0.00 , 4
290 , 60.00 , 200.00 , 0.00 , 4
291 , 62.75 , 200.00 , 0.00 , 4
292 , 65.50 , 200.00 , 0.00 , 4
293 , 68.00 , 200.00 , 0.00 , 4
294 , 70.25 , 200.00 , 0.00 , 4
295 , 72.25 , 200.00 , 0.00 , 4
Extending DNA Now
296 , 74.50 , 194.63 , 0.00 , 4
297 , 77.00 , 145.88 , 0.00 , 4
298 , 77.50 , 88.37 , 0.00 , 4
299 , 78.50 , 70.12 , 0.00 , 4
300 , 77.50 , 40.38 , 0.00 , 4
301 , 76.00 , 52.13 , 0.00 , 4
302 , 75.25 , 76.12 , 0.00 , 4
303 , 74.25 , 86.25 , 0.00 , 4
304 , 73.75 , 102.87 , 0.00 , 4
305 , 74.00 , 110.25 , 0.00 , 4
306 , 74.00 , 102.25 , 0.00 , 4
307 , 74.50 , 99.25 , 0.00 , 4
308 , 74.50 , 85.50 , 0.00 , 4
309 , 74.00 , 81.75 , 0.00 , 4
310 , 74.00 , 88.75 , 0.00 , 4
311 , 73.50 , 85.75 , 0.00 , 4
312 , 73.75 , 93.50 , 0.00 , 4
313 , 73.75 , 85.87 , 0.00 , 4
314 , 73.50 , 83.25 , 0.00 , 4
315 , 73.00 , 86.00 , 0.00 , 4
316 , 73.50 , 86.00 , 0.00 , 4
Going to Denaturing Temperature
317 , 73.00 , 200.00 , 0.00 , 5
318 , 74.50 , 200.00 , 0.00 , 5
319 , 79.50 , 200.00 , 0.00 , 5
320 , 83.50 , 200.00 , 0.00 , 5
321 , 88.00 , 200.00 , 0.00 , 5
322 , 91.00 , 200.00 , 0.00 , 5
323 , 94.75 , 200.00 , 0.00 , 5
324 , 97.75 , 200.00 , 0.00 , 5
Denaturing DNA Now
325 , 101.25 , 140.88 , 0.00 , 5
326 , 102.50 , 61.50 , 0.00 , 5
327 , 102.50 , 25.25 , 0.00 , 5
328 , 100.25 , 14.00 , 0.00 , 5
329 , 97.25 , 51.13 , 0.00 , 5
Going to Annealing Temperature
330 , 95.25 , 51.13 , 0.00 , 5
331 , 93.25 , 51.13 , 0.00 , 5
332 , 91.00 , 51.13 , 0.00 , 5
333 , 88.00 , 51.13 , 0.00 , 5
334 , 85.50 , 51.13 , 0.00 , 5
335 , 82.50 , 51.13 , 0.00 , 5
336 , 80.00 , 51.13 , 0.00 , 5
337 , 77.75 , 51.13 , 0.00 , 5
338 , 75.00 , 51.13 , 0.00 , 5
339 , 72.25 , 51.13 , 0.00 , 5
340 , 70.50 , 51.13 , 0.00 , 5
341 , 68.25 , 51.13 , 0.00 , 5
342 , 66.25 , 51.13 , 0.00 , 5
343 , 64.25 , 51.13 , 0.00 , 5
344 , 62.25 , 51.13 , 0.00 , 5
345 , 60.75 , 51.13 , 0.00 , 5
346 , 59.25 , 51.13 , 0.00 , 5
347 , 57.25 , 51.13 , 0.00 , 5
348 , 55.50 , 51.13 , 0.00 , 5
349 , 54.50 , 51.13 , 0.00 , 5
Annealing DNA Now
350 , 53.25 , 51.13 , 70.00 , 5
351 , 52.25 , 51.13 , 94.62 , 5
352 , 51.75 , 51.13 , 100.00 , 5
353 , 52.00 , 51.13 , 100.00 , 5
354 , 52.50 , 51.13 , 100.00 , 5
355 , 54.00 , 51.13 , 100.00 , 5
356 , 55.25 , 51.13 , 78.50 , 5
357 , 56.75 , 51.13 , 50.13 , 5
358 , 58.00 , 51.13 , 14.50 , 5
359 , 58.00 , 51.13 , 0.00 , 5
Going to Extension Temperature
360 , 57.00 , 200.00 , 0.00 , 5
361 , 57.25 , 200.00 , 0.00 , 5
362 , 57.75 , 200.00 , 0.00 , 5
363 , 60.25 , 200.00 , 0.00 , 5
364 , 63.00 , 200.00 , 0.00 , 5
365 , 66.00 , 200.00 , 0.00 , 5
366 , 68.50 , 200.00 , 0.00 , 5
367 , 70.75 , 200.00 , 0.00 , 5
Extending DNA Now
368 , 72.25 , 200.00 , 0.00 , 5
369 , 75.00 , 194.63 , 0.00 , 5
370 , 76.50 , 135.13 , 0.00 , 5
371 , 78.25 , 98.37 , 0.00 , 5
372 , 78.00 , 54.00 , 0.00 , 5
373 , 77.25 , 50.00 , 0.00 , 5
374 , 76.25 , 57.13 , 0.00 , 5
375 , 75.00 , 70.75 , 0.00 , 5
376 , 74.25 , 91.25 , 0.00 , 5
377 , 73.25 , 102.87 , 0.00 , 5
378 , 73.75 , 121.00 , 0.00 , 5
379 , 74.00 , 108.37 , 0.00 , 5
380 , 74.75 , 100.37 , 0.00 , 5
381 , 74.75 , 81.25 , 0.00 , 5
382 , 74.25 , 77.12 , 0.00 , 5
383 , 74.00 , 83.75 , 0.00 , 5
384 , 73.75 , 85.75 , 0.00 , 5
385 , 73.50 , 88.12 , 0.00 , 5
386 , 73.00 , 90.87 , 0.00 , 5
387 , 72.75 , 99.37 , 0.00 , 5
388 , 72.25 , 99.37 , 0.00 , 5
Going to Denaturing Temperature
389 , 73.25 , 200.00 , 0.00 , 6
390 , 75.00 , 200.00 , 0.00 , 6
391 , 79.75 , 200.00 , 0.00 , 6
392 , 84.25 , 200.00 , 0.00 , 6
393 , 87.50 , 200.00 , 0.00 , 6
394 , 91.00 , 200.00 , 0.00 , 6
395 , 94.75 , 200.00 , 0.00 , 6
396 , 98.00 , 200.00 , 0.00 , 6
Denaturing DNA Now
397 , 100.25 , 135.50 , 0.00 , 6
398 , 102.25 , 82.62 , 0.00 , 6
399 , 102.50 , 31.75 , 0.00 , 6
400 , 100.00 , 15.50 , 0.00 , 6
401 , 98.00 , 58.00 , 0.00 , 6
Going to Annealing Temperature
402 , 96.50 , 58.00 , 0.00 , 6
404 , 94.75 , 58.00 , 0.00 , 6
405 , 92.25 , 58.00 , 0.00 , 6
406 , 89.50 , 58.00 , 0.00 , 6
407 , 86.75 , 58.00 , 0.00 , 6
408 , 84.00 , 58.00 , 0.00 , 6
409 , 81.25 , 58.00 , 0.00 , 6
410 , 78.75 , 58.00 , 0.00 , 6
411 , 76.25 , 58.00 , 0.00 , 6
412 , 74.00 , 58.00 , 0.00 , 6
413 , 71.50 , 58.00 , 0.00 , 6
414 , 69.00 , 58.00 , 0.00 , 6
415 , 67.25 , 58.00 , 0.00 , 6
416 , 65.50 , 58.00 , 0.00 , 6
417 , 63.25 , 58.00 , 0.00 , 6
418 , 61.25 , 58.00 , 0.00 , 6
419 , 59.50 , 58.00 , 0.00 , 6
420 , 58.25 , 58.00 , 0.00 , 6
421 , 56.50 , 58.00 , 0.00 , 6
422 , 55.50 , 58.00 , 0.00 , 6
423 , 53.50 , 58.00 , 0.00 , 6
Annealing DNA Now
424 , 52.25 , 58.00 , 90.00 , 6
425 , 51.00 , 58.00 , 100.00 , 6
426 , 50.75 , 58.00 , 100.00 , 6
427 , 51.25 , 58.00 , 100.00 , 6
428 , 52.25 , 58.00 , 100.00 , 6
429 , 53.50 , 58.00 , 100.00 , 6
430 , 55.50 , 58.00 , 89.25 , 6
431 , 57.00 , 58.00 , 45.50 , 6
432 , 57.50 , 58.00 , 9.50 , 6
433 , 57.75 , 58.00 , 0.00 , 6
Going to Extension Temperature
434 , 57.00 , 200.00 , 0.00 , 6
435 , 56.75 , 200.00 , 0.00 , 6
436 , 57.75 , 200.00 , 0.00 , 6
437 , 60.00 , 200.00 , 0.00 , 6
438 , 63.25 , 200.00 , 0.00 , 6
439 , 65.50 , 200.00 , 0.00 , 6
440 , 68.25 , 200.00 , 0.00 , 6
441 , 71.00 , 200.00 , 0.00 , 6
Extending DNA Now
442 , 73.00 , 200.00 , 0.00 , 6
443 , 74.75 , 178.50 , 0.00 , 6
444 , 77.00 , 139.38 , 0.00 , 6
445 , 78.00 , 86.87 , 0.00 , 6
446 , 78.25 , 57.88 , 0.00 , 6
447 , 76.75 , 43.50 , 0.00 , 6
448 , 75.50 , 66.37 , 0.00 , 6
449 , 74.75 , 86.12 , 0.00 , 6
450 , 74.50 , 97.00 , 0.00 , 6
451 , 73.75 , 98.25 , 0.00 , 6
452 , 74.50 , 110.62 , 0.00 , 6
453 , 74.25 , 91.87 , 0.00 , 6
454 , 73.50 , 93.50 , 0.00 , 6
455 , 74.50 , 106.25 , 0.00 , 6
456 , 74.50 , 82.50 , 0.00 , 6
457 , 74.50 , 78.75 , 0.00 , 6
458 , 74.25 , 75.00 , 0.00 , 6
459 , 73.50 , 76.62 , 0.00 , 6
460 , 73.25 , 89.37 , 0.00 , 6
461 , 73.00 , 92.50 , 0.00 , 6
462 , 72.75 , 92.50 , 0.00 , 6
Going to Denaturing Temperature
463 , 72.00 , 200.00 , 0.00 , 7
464 , 74.25 , 200.00 , 0.00 , 7
465 , 79.25 , 200.00 , 0.00 , 7
466 , 82.75 , 200.00 , 0.00 , 7
467 , 86.75 , 200.00 , 0.00 , 7
468 , 90.25 , 200.00 , 0.00 , 7
469 , 92.50 , 200.00 , 0.00 , 7
470 , 96.50 , 200.00 , 0.00 , 7
Denaturing DNA Now
471 , 99.50 , 167.75 , 0.00 , 7
472 , 100.75 , 101.00 , 0.00 , 7
473 , 101.75 , 67.37 , 0.00 , 7
474 , 100.50 , 37.25 , 0.00 , 7
475 , 98.00 , 54.00 , 0.00 , 7
Going to Annealing Temperature
476 , 96.75 , 54.00 , 0.00 , 7
477 , 94.50 , 54.00 , 0.00 , 7
478 , 92.50 , 54.00 , 0.00 , 7
479 , 90.00 , 54.00 , 0.00 , 7
480 , 86.50 , 54.00 , 0.00 , 7
481 , 84.00 , 54.00 , 0.00 , 7
482 , 81.25 , 54.00 , 0.00 , 7
483 , 78.75 , 54.00 , 0.00 , 7
484 , 76.00 , 54.00 , 0.00 , 7
485 , 73.75 , 54.00 , 0.00 , 7
486 , 71.50 , 54.00 , 0.00 , 7
487 , 69.25 , 54.00 , 0.00 , 7
488 , 67.25 , 54.00 , 0.00 , 7
489 , 64.50 , 54.00 , 0.00 , 7
490 , 63.00 , 54.00 , 0.00 , 7
491 , 61.25 , 54.00 , 0.00 , 7
492 , 59.25 , 54.00 , 0.00 , 7
493 , 58.25 , 54.00 , 0.00 , 7
494 , 56.50 , 54.00 , 0.00 , 7
495 , 55.00 , 54.00 , 0.00 , 7
Annealing DNA Now
496 , 53.75 , 54.00 , 60.00 , 7
497 , 53.00 , 54.00 , 83.87 , 7
498 , 52.00 , 54.00 , 98.87 , 7
499 , 52.25 , 54.00 , 100.00 , 7
500 , 52.75 , 54.00 , 100.00 , 7
501 , 53.25 , 54.00 , 100.00 , 7
502 , 55.25 , 54.00 , 94.62 , 7
503 , 57.00 , 54.00 , 51.25 , 7
504 , 57.75 , 54.00 , 10.25 , 7
505 , 57.50 , 54.00 , 0.00 , 7
Going to Extension Temperature
506 , 57.25 , 200.00 , 0.00 , 7
507 , 56.50 , 200.00 , 0.00 , 7
508 , 57.25 , 200.00 , 0.00 , 7
509 , 59.75 , 200.00 , 0.00 , 7
510 , 62.50 , 200.00 , 0.00 , 7
511 , 65.00 , 200.00 , 0.00 , 7
512 , 67.00 , 200.00 , 0.00 , 7
513 , 69.50 , 200.00 , 0.00 , 7
514 , 71.50 , 200.00 , 0.00 , 7
Extending DNA Now
515 , 73.75 , 200.00 , 0.00 , 7
516 , 75.75 , 162.38 , 0.00 , 7
517 , 77.25 , 116.75 , 0.00 , 7
518 , 77.75 , 78.87 , 0.00 , 7
519 , 77.25 , 60.25 , 0.00 , 7
520 , 76.75 , 62.38 , 0.00 , 7
521 , 75.50 , 65.25 , 0.00 , 7
522 , 75.00 , 85.00 , 0.00 , 7
523 , 74.50 , 90.50 , 0.00 , 7
524 , 74.25 , 96.75 , 0.00 , 7
525 , 74.00 , 98.37 , 0.00 , 7
526 , 74.00 , 100.37 , 0.00 , 7
527 , 74.25 , 97.37 , 0.00 , 7
528 , 74.50 , 89.00 , 0.00 , 7
529 , 74.25 , 80.25 , 0.00 , 7
530 , 74.25 , 81.87 , 0.00 , 7
531 , 73.50 , 78.50 , 0.00 , 7
532 , 73.50 , 91.25 , 0.00 , 7
533 , 73.25 , 89.00 , 0.00 , 7
534 , 72.75 , 92.12 , 0.00 , 7
535 , 73.00 , 92.12 , 0.00 , 7
Going to Denaturing Temperature
536 , 72.75 , 200.00 , 0.00 , 8
537 , 74.00 , 200.00 , 0.00 , 8
538 , 78.75 , 200.00 , 0.00 , 8
539 , 82.50 , 200.00 , 0.00 , 8
540 , 86.00 , 200.00 , 0.00 , 8
541 , 90.00 , 200.00 , 0.00 , 8
542 , 93.00 , 200.00 , 0.00 , 8
543 , 96.00 , 200.00 , 0.00 , 8
Denaturing DNA Now
544 , 98.75 , 178.50 , 0.00 , 8
545 , 101.00 , 117.87 , 0.00 , 8
546 , 101.25 , 63.88 , 0.00 , 8
547 , 100.75 , 49.50 , 0.00 , 8
548 , 99.00 , 50.88 , 0.00 , 8
Going to Annealing Temperature
549 , 97.00 , 50.88 , 0.00 , 8
550 , 95.00 , 50.88 , 0.00 , 8
551 , 92.50 , 50.88 , 0.00 , 8
552 , 89.75 , 50.88 , 0.00 , 8
553 , 87.00 , 50.88 , 0.00 , 8
554 , 84.25 , 50.88 , 0.00 , 8
555 , 81.50 , 50.88 , 0.00 , 8
556 , 78.75 , 50.88 , 0.00 , 8
557 , 76.25 , 50.88 , 0.00 , 8
558 , 73.75 , 50.88 , 0.00 , 8
559 , 71.50 , 50.88 , 0.00 , 8
560 , 69.25 , 50.88 , 0.00 , 8
561 , 67.25 , 50.88 , 0.00 , 8
562 , 65.00 , 50.88 , 0.00 , 8
563 , 63.00 , 50.88 , 0.00 , 8
564 , 61.25 , 50.88 , 0.00 , 8
565 , 59.75 , 50.88 , 0.00 , 8
566 , 58.00 , 50.88 , 0.00 , 8
567 , 56.50 , 50.88 , 0.00 , 8
568 , 55.00 , 50.88 , 0.00 , 8
Annealing DNA Now
569 , 53.75 , 50.88 , 60.00 , 8
570 , 52.25 , 50.88 , 83.87 , 8
571 , 52.00 , 50.88 , 100.00 , 8
572 , 52.25 , 50.88 , 100.00 , 8
573 , 52.25 , 50.88 , 100.00 , 8
574 , 53.50 , 50.88 , 100.00 , 8
575 , 54.50 , 50.88 , 89.25 , 8
576 , 56.00 , 50.88 , 67.00 , 8
577 , 56.75 , 50.88 , 32.50 , 8
578 , 57.25 , 50.88 , 11.88 , 8
Going to Extension Temperature
579 , 57.50 , 200.00 , 11.88 , 8
580 , 57.50 , 200.00 , 11.88 , 8
581 , 59.25 , 200.00 , 11.88 , 8
582 , 61.75 , 200.00 , 11.88 , 8
583 , 64.25 , 200.00 , 11.88 , 8
584 , 66.75 , 200.00 , 11.88 , 8
585 , 68.75 , 200.00 , 11.88 , 8
586 , 69.50 , 200.00 , 11.88 , 8
587 , 72.00 , 200.00 , 11.88 , 8
Extending DNA Now
588 , 73.75 , 200.00 , 11.88 , 8
589 , 76.00 , 162.38 , 11.88 , 8
590 , 77.50 , 111.37 , 11.88 , 8
591 , 77.50 , 73.12 , 11.88 , 8
592 , 77.25 , 64.87 , 11.88 , 8
593 , 76.75 , 62.00 , 11.88 , 8
594 , 75.25 , 64.87 , 11.88 , 8
595 , 74.25 , 90.00 , 11.88 , 8
596 , 73.75 , 106.62 , 11.88 , 8
597 , 73.75 , 114.00 , 11.88 , 8
598 , 73.75 , 111.37 , 11.88 , 8
599 , 74.00 , 108.75 , 11.88 , 8
600 , 74.50 , 100.75 , 11.88 , 8
601 , 74.50 , 87.00 , 11.88 , 8
602 , 74.50 , 83.25 , 11.88 , 8
603 , 74.00 , 79.50 , 11.88 , 8
604 , 73.25 , 86.50 , 11.88 , 8
605 , 72.50 , 99.62 , 11.88 , 8
606 , 73.00 , 113.87 , 11.88 , 8
607 , 73.00 , 102.37 , 11.88 , 8
608 , 73.25 , 102.37 , 11.88 , 8
Going to Denaturing Temperature
609 , 73.50 , 200.00 , 11.88 , 9
610 , 74.75 , 200.00 , 11.88 , 9
611 , 79.00 , 200.00 , 11.88 , 9
612 , 82.75 , 200.00 , 11.88 , 9
613 , 86.00 , 200.00 , 11.88 , 9
614 , 89.25 , 200.00 , 11.88 , 9
615 , 92.50 , 200.00 , 11.88 , 9
616 , 94.50 , 200.00 , 11.88 , 9
617 , 97.25 , 200.00 , 11.88 , 9
Denaturing DNA Now
618 , 100.00 , 151.63 , 11.88 , 9
619 , 101.00 , 89.12 , 11.88 , 9
620 , 100.75 , 60.13 , 11.88 , 9
621 , 99.75 , 56.50 , 11.88 , 9
622 , 98.25 , 69.37 , 11.88 , 9
Going to Annealing Temperature
623 , 97.00 , 69.37 , 11.88 , 9
624 , 95.25 , 69.37 , 11.88 , 9
625 , 92.75 , 69.37 , 11.88 , 9
626 , 89.75 , 69.37 , 11.88 , 9
627 , 86.75 , 69.37 , 11.88 , 9
628 , 84.25 , 69.37 , 11.88 , 9
629 , 81.75 , 69.37 , 11.88 , 9
630 , 79.00 , 69.37 , 11.88 , 9
631 , 76.25 , 69.37 , 11.88 , 9
632 , 73.75 , 69.37 , 11.88 , 9
633 , 71.75 , 69.37 , 11.88 , 9
634 , 69.50 , 69.37 , 11.88 , 9
635 , 67.25 , 69.37 , 11.88 , 9
636 , 65.00 , 69.37 , 11.88 , 9
637 , 63.75 , 69.37 , 11.88 , 9
638 , 60.75 , 69.37 , 11.88 , 9
639 , 59.25 , 69.37 , 11.88 , 9
640 , 58.00 , 69.37 , 11.88 , 9
641 , 56.50 , 69.37 , 11.88 , 9
642 , 55.25 , 69.37 , 11.88 , 9
643 , 53.50 , 69.37 , 11.88 , 9
Annealing DNA Now
644 , 52.75 , 69.37 , 90.00 , 9
645 , 51.50 , 69.37 , 100.00 , 9
646 , 50.75 , 69.37 , 100.00 , 9
647 , 51.25 , 69.37 , 100.00 , 9
648 , 52.00 , 69.37 , 100.00 , 9
649 , 52.75 , 69.37 , 100.00 , 9
650 , 54.00 , 69.37 , 100.00 , 9
651 , 55.50 , 69.37 , 78.50 , 9
652 , 56.00 , 69.37 , 44.75 , 9
653 , 57.25 , 69.37 , 30.25 , 9
Going to Extension Temperature
654 , 57.25 , 200.00 , 30.25 , 9
655 , 57.00 , 200.00 , 30.25 , 9
656 , 59.00 , 200.00 , 30.25 , 9
657 , 61.50 , 200.00 , 30.25 , 9
658 , 64.25 , 200.00 , 30.25 , 9
659 , 66.25 , 200.00 , 30.25 , 9
660 , 68.50 , 200.00 , 30.25 , 9
661 , 70.50 , 200.00 , 30.25 , 9
Extending DNA Now
662 , 72.25 , 200.00 , 30.25 , 9
663 , 74.00 , 194.63 , 30.25 , 9
664 , 75.75 , 156.63 , 30.25 , 9
665 , 76.75 , 116.00 , 30.25 , 9
666 , 76.75 , 88.87 , 30.25 , 9
667 , 77.00 , 81.75 , 30.25 , 9
668 , 76.25 , 69.25 , 30.25 , 9
669 , 75.75 , 77.87 , 30.25 , 9
670 , 75.25 , 82.25 , 30.25 , 9
671 , 74.00 , 87.37 , 30.25 , 9
672 , 73.50 , 109.37 , 30.25 , 9
673 , 73.00 , 117.12 , 30.25 , 9
674 , 73.75 , 125.62 , 30.25 , 9
675 , 74.50 , 108.00 , 30.25 , 9
676 , 74.25 , 89.25 , 30.25 , 9
677 , 74.25 , 90.87 , 30.25 , 9
678 , 74.00 , 87.50 , 30.25 , 9
679 , 74.00 , 89.50 , 30.25 , 9
680 , 73.50 , 86.50 , 30.25 , 9
681 , 73.00 , 94.25 , 30.25 , 9
682 , 73.25 , 94.25 , 30.25 , 9
Going to Denaturing Temperature
683 , 73.00 , 200.00 , 30.25 , 10
684 , 74.25 , 200.00 , 30.25 , 10
685 , 78.25 , 200.00 , 30.25 , 10
686 , 81.50 , 200.00 , 30.25 , 10
687 , 85.00 , 200.00 , 30.25 , 10
688 , 87.75 , 200.00 , 30.25 , 10
689 , 91.25 , 200.00 , 30.25 , 10
690 , 93.75 , 200.00 , 30.25 , 10
691 , 96.25 , 200.00 , 30.25 , 10
Denaturing DNA Now
692 , 99.00 , 173.13 , 30.25 , 10
693 , 100.50 , 112.12 , 30.25 , 10
694 , 101.25 , 73.87 , 30.25 , 10
695 , 100.25 , 49.50 , 30.25 , 10
696 , 98.00 , 61.63 , 30.25 , 10
Going to Annealing Temperature
697 , 96.25 , 61.63 , 30.25 , 10
698 , 94.50 , 61.63 , 30.25 , 10
699 , 92.50 , 61.63 , 30.25 , 10
700 , 89.50 , 61.63 , 30.25 , 10
701 , 87.00 , 61.63 , 30.25 , 10
702 , 83.75 , 61.63 , 30.25 , 10
703 , 81.25 , 61.63 , 30.25 , 10
704 , 78.25 , 61.63 , 30.25 , 10
705 , 76.00 , 61.63 , 30.25 , 10
706 , 73.75 , 61.63 , 30.25 , 10
707 , 71.25 , 61.63 , 30.25 , 10
708 , 69.00 , 61.63 , 30.25 , 10
709 , 66.75 , 61.63 , 30.25 , 10
710 , 65.50 , 61.63 , 30.25 , 10
711 , 63.50 , 61.63 , 30.25 , 10
712 , 61.75 , 61.63 , 30.25 , 10
713 , 59.25 , 61.63 , 30.25 , 10
714 , 57.75 , 61.63 , 30.25 , 10
715 , 56.50 , 61.63 , 30.25 , 10
716 , 55.00 , 61.63 , 30.25 , 10
Annealing DNA Now
717 , 53.00 , 61.63 , 60.00 , 10
718 , 52.50 , 61.63 , 100.00 , 10
719 , 52.50 , 61.63 , 100.00 , 10
720 , 52.50 , 61.63 , 100.00 , 10
721 , 52.00 , 61.63 , 100.00 , 10
722 , 53.50 , 61.63 , 100.00 , 10
723 , 54.50 , 61.63 , 89.25 , 10
724 , 56.00 , 61.63 , 67.00 , 10
725 , 56.50 , 61.63 , 32.50 , 10
726 , 57.00 , 61.63 , 17.25 , 10
Going to Extension Temperature
727 , 57.00 , 200.00 , 17.25 , 10
728 , 56.50 , 200.00 , 17.25 , 10
729 , 58.50 , 200.00 , 17.25 , 10
730 , 61.00 , 200.00 , 17.25 , 10
731 , 63.50 , 200.00 , 17.25 , 10
732 , 65.00 , 200.00 , 17.25 , 10
733 , 67.00 , 200.00 , 17.25 , 10
734 , 69.00 , 200.00 , 17.25 , 10
735 , 70.75 , 200.00 , 17.25 , 10
Extending DNA Now
736 , 72.50 , 200.00 , 17.25 , 10
737 , 74.50 , 189.25 , 17.25 , 10
738 , 75.50 , 145.50 , 17.25 , 10
739 , 77.00 , 120.25 , 17.25 , 10
740 , 77.25 , 82.75 , 17.25 , 10
741 , 76.75 , 69.87 , 17.25 , 10
742 , 76.00 , 72.75 , 17.25 , 10
743 , 74.75 , 81.75 , 17.25 , 10
744 , 74.25 , 102.62 , 17.25 , 10
745 , 74.00 , 109.25 , 17.25 , 10
746 , 73.50 , 111.25 , 17.25 , 10
747 , 73.75 , 119.00 , 17.25 , 10
748 , 74.25 , 111.37 , 17.25 , 10
749 , 74.25 , 98.00 , 17.25 , 10
750 , 74.50 , 94.62 , 17.25 , 10
751 , 74.25 , 85.87 , 17.25 , 10
752 , 73.50 , 87.50 , 17.25 , 10
753 , 73.25 , 100.25 , 17.25 , 10
754 , 73.25 , 103.37 , 17.25 , 10
755 , 73.00 , 101.50 , 17.25 , 10
756 , 73.00 , 101.50 , 17.25 , 10
Going to Denaturing Temperature
757 , 73.00 , 200.00 , 17.25 , 11
758 , 74.25 , 200.00 , 17.25 , 11
759 , 78.25 , 200.00 , 17.25 , 11
760 , 81.50 , 200.00 , 17.25 , 11
761 , 84.75 , 200.00 , 17.25 , 11
762 , 87.75 , 200.00 , 17.25 , 11
763 , 90.25 , 200.00 , 17.25 , 11
764 , 92.50 , 200.00 , 17.25 , 11
765 , 95.50 , 200.00 , 17.25 , 11
Denaturing DNA Now
766 , 97.75 , 189.25 , 17.25 , 11
767 , 100.00 , 140.13 , 17.25 , 11
768 , 100.75 , 87.62 , 17.25 , 11
769 , 100.50 , 64.00 , 17.25 , 11
770 , 99.25 , 60.75 , 17.25 , 11
Going to Annealing Temperature
771 , 97.75 , 60.75 , 17.25 , 11
772 , 96.00 , 60.75 , 17.25 , 11
773 , 93.50 , 60.75 , 17.25 , 11
774 , 90.75 , 60.75 , 17.25 , 11
775 , 88.00 , 60.75 , 17.25 , 11
776 , 84.50 , 60.75 , 17.25 , 11
777 , 82.25 , 60.75 , 17.25 , 11
778 , 79.75 , 60.75 , 17.25 , 11
779 , 77.00 , 60.75 , 17.25 , 11
780 , 74.00 , 60.75 , 17.25 , 11
781 , 72.25 , 60.75 , 17.25 , 11
782 , 70.00 , 60.75 , 17.25 , 11
783 , 67.50 , 60.75 , 17.25 , 11
784 , 65.75 , 60.75 , 17.25 , 11
785 , 63.75 , 60.75 , 17.25 , 11
786 , 62.00 , 60.75 , 17.25 , 11
787 , 60.00 , 60.75 , 17.25 , 11
788 , 58.50 , 60.75 , 17.25 , 11
789 , 56.75 , 60.75 , 17.25 , 11
790 , 55.25 , 60.75 , 17.25 , 11
791 , 53.50 , 60.75 , 17.25 , 11
Annealing DNA Now
792 , 52.50 , 60.75 , 90.00 , 11
793 , 51.75 , 60.75 , 100.00 , 11
794 , 51.25 , 60.75 , 100.00 , 11
795 , 51.50 , 60.75 , 100.00 , 11
796 , 52.00 , 60.75 , 100.00 , 11
797 , 52.25 , 60.75 , 100.00 , 11
798 , 53.75 , 60.75 , 100.00 , 11
799 , 55.25 , 60.75 , 83.87 , 11
800 , 56.25 , 60.75 , 50.50 , 11
801 , 56.50 , 60.75 , 25.62 , 11
Going to Extension Temperature
802 , 56.75 , 200.00 , 25.62 , 11
803 , 57.00 , 200.00 , 25.62 , 11
804 , 58.50 , 200.00 , 25.62 , 11
805 , 61.00 , 200.00 , 25.62 , 11
806 , 63.75 , 200.00 , 25.62 , 11
807 , 65.25 , 200.00 , 25.62 , 11
808 , 67.50 , 200.00 , 25.62 , 11
809 , 69.25 , 200.00 , 25.62 , 11
810 , 70.50 , 200.00 , 25.62 , 11
Extending DNA Now
811 , 72.75 , 200.00 , 25.62 , 11
812 , 74.00 , 183.88 , 25.62 , 11
813 , 75.25 , 155.88 , 25.62 , 11
814 , 76.50 , 126.00 , 25.62 , 11
815 , 76.25 , 94.25 , 25.62 , 11
816 , 76.75 , 92.87 , 25.62 , 11
817 , 76.25 , 75.75 , 25.62 , 11
818 , 75.25 , 79.37 , 25.62 , 11
819 , 75.00 , 94.50 , 25.62 , 11
820 , 74.25 , 95.00 , 25.62 , 11
821 , 73.25 , 106.62 , 25.62 , 11
822 , 73.75 , 124.75 , 25.62 , 11
823 , 74.00 , 112.12 , 25.62 , 11
824 , 74.00 , 104.12 , 25.62 , 11
825 , 74.00 , 101.12 , 25.62 , 11
826 , 74.00 , 98.12 , 25.62 , 11
827 , 73.50 , 95.12 , 25.62 , 11
828 , 73.50 , 102.87 , 25.62 , 11
829 , 73.50 , 100.62 , 25.62 , 11
830 , 73.25 , 98.37 , 25.62 , 11
831 , 73.00 , 98.37 , 25.62 , 11
Going to Denaturing Temperature
832 , 73.25 , 200.00 , 25.62 , 12
833 , 74.50 , 200.00 , 25.62 , 12
834 , 77.75 , 200.00 , 25.62 , 12
835 , 81.50 , 200.00 , 25.62 , 12
836 , 84.00 , 200.00 , 25.62 , 12
837 , 86.25 , 200.00 , 25.62 , 12
838 , 89.50 , 200.00 , 25.62 , 12
839 , 92.25 , 200.00 , 25.62 , 12
840 , 94.50 , 200.00 , 25.62 , 12
841 , 96.75 , 200.00 , 25.62 , 12
Denaturing DNA Now
842 , 98.50 , 162.38 , 25.62 , 12
843 , 100.00 , 122.12 , 25.62 , 12
844 , 100.50 , 84.62 , 25.62 , 12
845 , 99.75 , 66.37 , 25.62 , 12
846 , 99.00 , 74.25 , 25.62 , 12
Going to Annealing Temperature
847 , 97.50 , 74.25 , 25.62 , 12
848 , 96.00 , 74.25 , 25.62 , 12
849 , 92.75 , 74.25 , 25.62 , 12
850 , 90.50 , 74.25 , 25.62 , 12
851 , 87.75 , 74.25 , 25.62 , 12
852 , 84.75 , 74.25 , 25.62 , 12
853 , 81.50 , 74.25 , 25.62 , 12
854 , 78.75 , 74.25 , 25.62 , 12
855 , 76.50 , 74.25 , 25.62 , 12
856 , 74.00 , 74.25 , 25.62 , 12
857 , 71.75 , 74.25 , 25.62 , 12
858 , 70.00 , 74.25 , 25.62 , 12
859 , 67.50 , 74.25 , 25.62 , 12
860 , 65.75 , 74.25 , 25.62 , 12
861 , 64.00 , 74.25 , 25.62 , 12
862 , 62.00 , 74.25 , 25.62 , 12
864 , 60.00 , 74.25 , 25.62 , 12
865 , 58.25 , 74.25 , 25.62 , 12
866 , 56.50 , 74.25 , 25.62 , 12
867 , 55.25 , 74.25 , 25.62 , 12
868 , 54.00 , 74.25 , 25.62 , 12
Annealing DNA Now
869 , 52.50 , 74.25 , 80.00 , 12
870 , 51.25 , 74.25 , 100.00 , 12
871 , 51.50 , 74.25 , 100.00 , 12
872 , 51.25 , 74.25 , 100.00 , 12
873 , 52.00 , 74.25 , 100.00 , 12
874 , 52.50 , 74.25 , 100.00 , 12
875 , 53.25 , 74.25 , 100.00 , 12
876 , 54.75 , 74.25 , 94.62 , 12
877 , 56.00 , 74.25 , 62.00 , 12
878 , 56.50 , 74.25 , 32.50 , 12
Going to Extension Temperature
879 , 56.25 , 200.00 , 32.50 , 12
880 , 57.00 , 200.00 , 32.50 , 12
881 , 58.75 , 200.00 , 32.50 , 12
882 , 61.25 , 200.00 , 32.50 , 12
883 , 63.00 , 200.00 , 32.50 , 12
884 , 65.50 , 200.00 , 32.50 , 12
885 , 67.00 , 200.00 , 32.50 , 12
886 , 68.25 , 200.00 , 32.50 , 12
887 , 70.50 , 200.00 , 32.50 , 12
Extending DNA Now
888 , 72.00 , 200.00 , 32.50 , 12
889 , 73.25 , 200.00 , 32.50 , 12
890 , 75.00 , 173.13 , 32.50 , 12
891 , 76.25 , 133.63 , 32.50 , 12
892 , 77.00 , 102.25 , 32.50 , 12
893 , 76.75 , 79.75 , 32.50 , 12
894 , 76.50 , 77.62 , 32.50 , 12
895 , 75.50 , 75.87 , 32.50 , 12
896 , 75.00 , 90.62 , 32.50 , 12
897 , 74.25 , 96.12 , 32.50 , 12
898 , 74.00 , 107.75 , 32.50 , 12
899 , 73.75 , 109.75 , 32.50 , 12
900 , 73.75 , 112.12 , 32.50 , 12
901 , 74.00 , 109.50 , 32.50 , 12
902 , 73.50 , 101.50 , 32.50 , 12
903 , 73.50 , 109.25 , 32.50 , 12
904 , 73.50 , 107.00 , 32.50 , 12
905 , 73.50 , 104.75 , 32.50 , 12
906 , 73.50 , 102.50 , 32.50 , 12
907 , 73.50 , 100.25 , 32.50 , 12
908 , 73.50 , 100.25 , 32.50 , 12
Going to Denaturing Temperature
909 , 73.00 , 200.00 , 32.50 , 13
910 , 74.50 , 200.00 , 32.50 , 13
911 , 77.75 , 200.00 , 32.50 , 13
912 , 81.00 , 200.00 , 32.50 , 13
913 , 83.75 , 200.00 , 32.50 , 13
914 , 86.50 , 200.00 , 32.50 , 13
915 , 89.00 , 200.00 , 32.50 , 13
916 , 91.75 , 200.00 , 32.50 , 13
917 , 94.25 , 200.00 , 32.50 , 13
918 , 96.25 , 200.00 , 32.50 , 13
Denaturing DNA Now
919 , 98.25 , 173.13 , 32.50 , 13
920 , 99.75 , 128.25 , 32.50 , 13
921 , 100.25 , 91.12 , 32.50 , 13
922 , 100.25 , 73.25 , 32.50 , 13
923 , 99.00 , 65.37 , 32.50 , 13
Going to Annealing Temperature
924 , 98.00 , 65.37 , 32.50 , 13
925 , 96.00 , 65.37 , 32.50 , 13
926 , 93.50 , 65.37 , 32.50 , 13
927 , 90.75 , 65.37 , 32.50 , 13
928 , 87.75 , 65.37 , 32.50 , 13
929 , 84.50 , 65.37 , 32.50 , 13
930 , 82.25 , 65.37 , 32.50 , 13
931 , 79.25 , 65.37 , 32.50 , 13
932 , 77.00 , 65.37 , 32.50 , 13
933 , 74.00 , 65.37 , 32.50 , 13
934 , 72.00 , 65.37 , 32.50 , 13
935 , 69.75 , 65.37 , 32.50 , 13
936 , 67.25 , 65.37 , 32.50 , 13
937 , 65.50 , 65.37 , 32.50 , 13
938 , 63.50 , 65.37 , 32.50 , 13
939 , 62.00 , 65.37 , 32.50 , 13
940 , 60.00 , 65.37 , 32.50 , 13
941 , 58.50 , 65.37 , 32.50 , 13
942 , 56.75 , 65.37 , 32.50 , 13
943 , 55.50 , 65.37 , 32.50 , 13
944 , 54.00 , 65.37 , 32.50 , 13
Annealing DNA Now
945 , 52.75 , 65.37 , 80.00 , 13
946 , 51.50 , 65.37 , 100.00 , 13
947 , 51.50 , 65.37 , 100.00 , 13
948 , 51.00 , 65.37 , 100.00 , 13
949 , 52.00 , 65.37 , 100.00 , 13
950 , 52.00 , 65.37 , 100.00 , 13
951 , 53.50 , 65.37 , 100.00 , 13
952 , 54.50 , 65.37 , 89.25 , 13
953 , 55.75 , 65.37 , 67.00 , 13
954 , 56.25 , 65.37 , 37.88 , 13
Going to Extension Temperature
955 , 56.75 , 200.00 , 37.88 , 13
956 , 57.25 , 200.00 , 37.88 , 13
957 , 58.75 , 200.00 , 37.88 , 13
958 , 61.00 , 200.00 , 37.88 , 13
959 , 63.00 , 200.00 , 37.88 , 13
960 , 65.25 , 200.00 , 37.88 , 13
961 , 67.00 , 200.00 , 37.88 , 13
962 , 68.50 , 200.00 , 37.88 , 13
963 , 70.00 , 200.00 , 37.88 , 13
964 , 71.50 , 200.00 , 37.88 , 13
Extending DNA Now
965 , 72.75 , 200.00 , 37.88 , 13
966 , 74.75 , 183.88 , 37.88 , 13
967 , 76.00 , 139.75 , 37.88 , 13
968 , 76.50 , 108.75 , 37.88 , 13
969 , 76.50 , 92.00 , 37.88 , 13
970 , 76.50 , 85.25 , 37.88 , 13
971 , 75.50 , 78.50 , 37.88 , 13
972 , 75.00 , 93.25 , 37.88 , 13
973 , 74.50 , 98.75 , 37.88 , 13
974 , 73.50 , 105.00 , 37.88 , 13
975 , 73.50 , 122.75 , 37.88 , 13
976 , 73.50 , 120.50 , 37.88 , 13
977 , 73.75 , 118.25 , 37.88 , 13
978 , 73.75 , 110.62 , 37.88 , 13
979 , 74.00 , 108.00 , 37.88 , 13
980 , 73.75 , 100.00 , 37.88 , 13
981 , 73.50 , 102.37 , 37.88 , 13
982 , 73.75 , 105.12 , 37.88 , 13
983 , 73.25 , 97.50 , 37.88 , 13
984 , 73.25 , 105.62 , 37.88 , 13
985 , 73.00 , 105.62 , 37.88 , 13
Going to Denaturing Temperature
986 , 72.50 , 200.00 , 37.88 , 14
987 , 73.50 , 200.00 , 37.88 , 14
988 , 77.25 , 200.00 , 37.88 , 14
989 , 80.25 , 200.00 , 37.88 , 14
990 , 83.50 , 200.00 , 37.88 , 14
991 , 86.25 , 200.00 , 37.88 , 14
992 , 88.25 , 200.00 , 37.88 , 14
993 , 91.00 , 200.00 , 37.88 , 14
994 , 93.50 , 200.00 , 37.88 , 14
995 , 95.00 , 200.00 , 37.88 , 14
Denaturing DNA Now
996 , 97.50 , 200.00 , 37.88 , 14
997 , 99.50 , 146.25 , 37.88 , 14
998 , 100.75 , 99.50 , 37.88 , 14
999 , 100.25 , 65.87 , 37.88 , 14
1000 , 99.00 , 68.00 , 37.88 , 14
Going to Annealing Temperature
1001 , 97.75 , 68.00 , 37.88 , 14
1002 , 95.75 , 68.00 , 37.88 , 14
1003 , 93.50 , 68.00 , 37.88 , 14
1004 , 90.75 , 68.00 , 37.88 , 14
1005 , 87.25 , 68.00 , 37.88 , 14
1006 , 85.00 , 68.00 , 37.88 , 14
1007 , 81.50 , 68.00 , 37.88 , 14
1008 , 79.75 , 68.00 , 37.88 , 14
1009 , 77.25 , 68.00 , 37.88 , 14
1010 , 74.50 , 68.00 , 37.88 , 14
1011 , 72.00 , 68.00 , 37.88 , 14
1012 , 70.00 , 68.00 , 37.88 , 14
1013 , 67.50 , 68.00 , 37.88 , 14
1014 , 66.00 , 68.00 , 37.88 , 14
1015 , 63.75 , 68.00 , 37.88 , 14
1016 , 62.25 , 68.00 , 37.88 , 14
1017 , 60.50 , 68.00 , 37.88 , 14
1018 , 58.75 , 68.00 , 37.88 , 14
1019 , 56.25 , 68.00 , 37.88 , 14
1020 , 55.50 , 68.00 , 37.88 , 14
1021 , 54.00 , 68.00 , 37.88 , 14
Annealing DNA Now
1022 , 52.25 , 68.00 , 80.00 , 14
1023 , 51.50 , 68.00 , 100.00 , 14
1024 , 51.50 , 68.00 , 100.00 , 14
1025 , 51.25 , 68.00 , 100.00 , 14
1026 , 51.75 , 68.00 , 100.00 , 14
1027 , 52.25 , 68.00 , 100.00 , 14
1028 , 53.00 , 68.00 , 100.00 , 14
1029 , 53.75 , 68.00 , 100.00 , 14
1030 , 55.25 , 68.00 , 83.87 , 14
1031 , 56.50 , 68.00 , 50.50 , 14
Going to Extension Temperature
1032 , 57.25 , 200.00 , 50.50 , 14
1033 , 57.75 , 200.00 , 50.50 , 14
1034 , 59.50 , 200.00 , 50.50 , 14
1035 , 61.25 , 200.00 , 50.50 , 14
1036 , 63.50 , 200.00 , 50.50 , 14
1037 , 64.75 , 200.00 , 50.50 , 14
1038 , 66.25 , 200.00 , 50.50 , 14
1039 , 68.25 , 200.00 , 50.50 , 14
1040 , 69.75 , 200.00 , 50.50 , 14
1041 , 71.25 , 200.00 , 50.50 , 14
Extending DNA Now
1042 , 72.25 , 200.00 , 50.50 , 14
1043 , 74.00 , 194.63 , 50.50 , 14
1044 , 74.75 , 156.63 , 50.50 , 14
1045 , 75.75 , 137.50 , 50.50 , 14
1046 , 75.75 , 111.87 , 50.50 , 14
1047 , 76.25 , 106.25 , 50.50 , 14
1048 , 76.00 , 89.87 , 50.50 , 14
1049 , 76.00 , 88.87 , 50.50 , 14
1050 , 75.00 , 82.87 , 50.50 , 14
1051 , 74.50 , 98.37 , 50.50 , 14
1052 , 74.00 , 104.62 , 50.50 , 14
1053 , 74.25 , 111.62 , 50.50 , 14
1054 , 74.00 , 103.25 , 50.50 , 14
1055 , 74.25 , 105.25 , 50.50 , 14
1056 , 73.75 , 96.87 , 50.50 , 14
1057 , 74.00 , 104.25 , 50.50 , 14
1058 , 73.75 , 96.25 , 50.50 , 14
1059 , 73.00 , 98.62 , 50.50 , 14
1060 , 73.00 , 112.12 , 50.50 , 14
1061 , 73.00 , 110.62 , 50.50 , 14
1062 , 73.00 , 110.62 , 50.50 , 14
Going to Denaturing Temperature
1063 , 73.00 , 200.00 , 50.50 , 15
1064 , 74.00 , 200.00 , 50.50 , 15
1065 , 77.00 , 200.00 , 50.50 , 15
1066 , 79.75 , 200.00 , 50.50 , 15
1067 , 83.00 , 200.00 , 50.50 , 15
1068 , 85.25 , 200.00 , 50.50 , 15
1069 , 87.75 , 200.00 , 50.50 , 15
1070 , 90.00 , 200.00 , 50.50 , 15
1071 , 92.25 , 200.00 , 50.50 , 15
1072 , 94.00 , 200.00 , 50.50 , 15
1073 , 96.25 , 200.00 , 50.50 , 15
Denaturing DNA Now
1074 , 98.00 , 173.13 , 50.50 , 15
1075 , 99.00 , 133.63 , 50.50 , 15
1076 , 100.00 , 107.62 , 50.50 , 15
1077 , 99.50 , 80.12 , 50.50 , 15
1078 , 98.75 , 83.37 , 50.50 , 15
Going to Annealing Temperature
1079 , 97.50 , 83.37 , 50.50 , 15
1080 , 96.00 , 83.37 , 50.50 , 15
1081 , 93.75 , 83.37 , 50.50 , 15
1082 , 91.00 , 83.37 , 50.50 , 15
1083 , 88.00 , 83.37 , 50.50 , 15
1084 , 85.25 , 83.37 , 50.50 , 15
1085 , 82.50 , 83.37 , 50.50 , 15
1086 , 80.00 , 83.37 , 50.50 , 15
1087 , 77.00 , 83.37 , 50.50 , 15
1088 , 74.75 , 83.37 , 50.50 , 15
1089 , 72.25 , 83.37 , 50.50 , 15
1090 , 70.50 , 83.37 , 50.50 , 15
1091 , 68.25 , 83.37 , 50.50 , 15
1092 , 66.25 , 83.37 , 50.50 , 15
1093 , 64.00 , 83.37 , 50.50 , 15
1094 , 62.50 , 83.37 , 50.50 , 15
1095 , 60.75 , 83.37 , 50.50 , 15
1096 , 58.75 , 83.37 , 50.50 , 15
1097 , 57.50 , 83.37 , 50.50 , 15
1098 , 56.00 , 83.37 , 50.50 , 15
1099 , 54.50 , 83.37 , 50.50 , 15
Annealing DNA Now
1100 , 53.00 , 83.37 , 70.00 , 15
1101 , 52.50 , 83.37 , 100.00 , 15
1102 , 52.00 , 83.37 , 100.00 , 15
1103 , 52.25 , 83.37 , 100.00 , 15
1104 , 52.00 , 83.37 , 100.00 , 15
1105 , 52.50 , 83.37 , 100.00 , 15
1106 , 53.75 , 83.37 , 100.00 , 15
1107 , 54.00 , 83.37 , 83.87 , 15
1108 , 55.25 , 83.37 , 77.37 , 15
1109 , 56.00 , 83.37 , 49.00 , 15
Going to Extension Temperature
1110 , 56.75 , 200.00 , 49.00 , 15
1111 , 57.50 , 200.00 , 49.00 , 15
1112 , 58.75 , 200.00 , 49.00 , 15
1113 , 60.75 , 200.00 , 49.00 , 15
1114 , 62.75 , 200.00 , 49.00 , 15
1115 , 64.50 , 200.00 , 49.00 , 15
1116 , 66.00 , 200.00 , 49.00 , 15
1117 , 67.00 , 200.00 , 49.00 , 15
1118 , 69.25 , 200.00 , 49.00 , 15
1119 , 70.75 , 200.00 , 49.00 , 15
Extending DNA Now
1120 , 71.25 , 200.00 , 49.00 , 15
1121 , 73.00 , 200.00 , 49.00 , 15
1122 , 74.25 , 178.50 , 49.00 , 15
1123 , 75.25 , 150.13 , 49.00 , 15
1124 , 75.50 , 125.25 , 49.00 , 15
1125 , 75.75 , 115.00 , 49.00 , 15
1126 , 76.50 , 104.37 , 49.00 , 15
1127 , 76.00 , 82.62 , 49.00 , 15
1128 , 75.25 , 86.62 , 49.00 , 15
1129 , 75.00 , 96.75 , 49.00 , 15
1130 , 74.25 , 97.25 , 49.00 , 15
1131 , 74.00 , 108.87 , 49.00 , 15
1132 , 73.50 , 110.87 , 49.00 , 15
1133 , 74.00 , 118.62 , 49.00 , 15
1134 , 73.25 , 105.62 , 49.00 , 15
1135 , 73.75 , 118.75 , 49.00 , 15
1136 , 74.00 , 106.12 , 49.00 , 15
1137 , 73.75 , 98.12 , 49.00 , 15
1138 , 73.50 , 100.50 , 49.00 , 15
1139 , 72.75 , 103.25 , 49.00 , 15
1140 , 73.00 , 103.25 , 49.00 , 15
Going to Denaturing Temperature
1141 , 73.00 , 200.00 , 49.00 , 16
1142 , 73.75 , 200.00 , 49.00 , 16
1143 , 76.75 , 200.00 , 49.00 , 16
1144 , 80.00 , 200.00 , 49.00 , 16
1145 , 82.50 , 200.00 , 49.00 , 16
1146 , 84.75 , 200.00 , 49.00 , 16
1147 , 87.25 , 200.00 , 49.00 , 16
1148 , 89.50 , 200.00 , 49.00 , 16
1149 , 91.50 , 200.00 , 49.00 , 16
1150 , 93.00 , 200.00 , 49.00 , 16
1151 , 95.00 , 200.00 , 49.00 , 16
Denaturing DNA Now
1152 , 97.25 , 200.00 , 49.00 , 16
1153 , 98.25 , 151.63 , 49.00 , 16
1154 , 99.75 , 126.75 , 49.00 , 16
1155 , 100.25 , 89.62 , 49.00 , 16
1156 , 99.00 , 71.75 , 49.00 , 16
Going to Annealing Temperature
1157 , 98.75 , 71.75 , 49.00 , 16
1158 , 96.50 , 71.75 , 49.00 , 16
1159 , 94.00 , 71.75 , 49.00 , 16
1160 , 91.25 , 71.75 , 49.00 , 16
1161 , 88.50 , 71.75 , 49.00 , 16
1162 , 85.50 , 71.75 , 49.00 , 16
1163 , 82.75 , 71.75 , 49.00 , 16
1164 , 80.25 , 71.75 , 49.00 , 16
1165 , 77.50 , 71.75 , 49.00 , 16
1166 , 74.75 , 71.75 , 49.00 , 16
1167 , 73.00 , 71.75 , 49.00 , 16
1168 , 70.25 , 71.75 , 49.00 , 16
1169 , 68.25 , 71.75 , 49.00 , 16
1170 , 66.25 , 71.75 , 49.00 , 16
1171 , 64.25 , 71.75 , 49.00 , 16
1172 , 62.50 , 71.75 , 49.00 , 16
1173 , 60.75 , 71.75 , 49.00 , 16
1174 , 58.25 , 71.75 , 49.00 , 16
1175 , 57.50 , 71.75 , 49.00 , 16
1176 , 56.25 , 71.75 , 49.00 , 16
1177 , 54.75 , 71.75 , 49.00 , 16
Annealing DNA Now
1178 , 52.75 , 71.75 , 65.00 , 16
1179 , 52.00 , 71.75 , 100.00 , 16
1180 , 51.75 , 71.75 , 100.00 , 16
1181 , 51.50 , 71.75 , 100.00 , 16
1182 , 52.00 , 71.75 , 100.00 , 16
1183 , 52.00 , 71.75 , 100.00 , 16
1184 , 53.00 , 71.75 , 100.00 , 16
1185 , 54.50 , 71.75 , 100.00 , 16
1186 , 55.25 , 71.75 , 67.75 , 16
1187 , 56.00 , 71.75 , 49.38 , 16
Going to Extension Temperature
1188 , 56.25 , 200.00 , 49.38 , 16
1189 , 56.75 , 200.00 , 49.38 , 16
1190 , 58.25 , 200.00 , 49.38 , 16
1191 , 60.75 , 200.00 , 49.38 , 16
1192 , 62.50 , 200.00 , 49.38 , 16
1193 , 64.00 , 200.00 , 49.38 , 16
1194 , 66.25 , 200.00 , 49.38 , 16
1195 , 66.75 , 200.00 , 49.38 , 16
1196 , 68.75 , 200.00 , 49.38 , 16
1197 , 70.00 , 200.00 , 49.38 , 16
1198 , 71.50 , 200.00 , 49.38 , 16
Extending DNA Now
1199 , 72.25 , 200.00 , 49.38 , 16
1200 , 74.00 , 194.63 , 49.38 , 16
1201 , 75.25 , 156.63 , 49.38 , 16
1202 , 76.25 , 126.75 , 49.38 , 16
1203 , 76.00 , 100.37 , 49.38 , 16
1204 , 75.75 , 99.37 , 49.38 , 16
1205 , 75.50 , 98.75 , 49.38 , 16
1206 , 75.25 , 98.50 , 49.38 , 16
1207 , 74.25 , 98.62 , 49.38 , 16
1208 , 74.25 , 115.25 , 49.38 , 16
1209 , 74.50 , 111.87 , 49.38 , 16
1210 , 73.50 , 103.12 , 49.38 , 16
1211 , 74.00 , 120.87 , 49.38 , 16
1212 , 74.25 , 107.87 , 49.38 , 16
1213 , 74.25 , 99.50 , 49.38 , 16
1214 , 73.75 , 96.12 , 49.38 , 16
1215 , 73.75 , 103.50 , 49.38 , 16
1216 , 73.25 , 100.87 , 49.38 , 16
1217 , 73.00 , 109.00 , 49.38 , 16
1218 , 73.00 , 112.50 , 49.38 , 16
1219 , 73.00 , 112.50 , 49.38 , 16
Going to Denaturing Temperature
1220 , 73.00 , 200.00 , 49.38 , 17
1221 , 73.50 , 200.00 , 49.38 , 17
1222 , 77.00 , 200.00 , 49.38 , 17
1223 , 80.00 , 200.00 , 49.38 , 17
1224 , 82.00 , 200.00 , 49.38 , 17
1225 , 84.75 , 200.00 , 49.38 , 17
1226 , 86.50 , 200.00 , 49.38 , 17
1227 , 88.75 , 200.00 , 49.38 , 17
1228 , 91.00 , 200.00 , 49.38 , 17
1229 , 93.25 , 200.00 , 49.38 , 17
1230 , 95.00 , 200.00 , 49.38 , 17
Denaturing DNA Now
1231 , 95.75 , 200.00 , 49.38 , 17
1232 , 98.00 , 183.88 , 49.38 , 17
1233 , 99.75 , 134.38 , 49.38 , 17
1234 , 99.75 , 92.25 , 49.38 , 17
1235 , 99.25 , 85.12 , 49.38 , 17
Going to Annealing Temperature
1236 , 98.75 , 85.12 , 49.38 , 17
1237 , 97.50 , 85.12 , 49.38 , 17
1238 , 94.75 , 85.12 , 49.38 , 17
1239 , 92.00 , 85.12 , 49.38 , 17
1240 , 88.75 , 85.12 , 49.38 , 17
1241 , 86.25 , 85.12 , 49.38 , 17
1242 , 83.25 , 85.12 , 49.38 , 17
1243 , 80.25 , 85.12 , 49.38 , 17
1244 , 78.00 , 85.12 , 49.38 , 17
1245 , 75.75 , 85.12 , 49.38 , 17
1246 , 73.25 , 85.12 , 49.38 , 17
1247 , 70.75 , 85.12 , 49.38 , 17
1248 , 69.00 , 85.12 , 49.38 , 17
1249 , 66.75 , 85.12 , 49.38 , 17
1250 , 64.75 , 85.12 , 49.38 , 17
1251 , 63.00 , 85.12 , 49.38 , 17
1252 , 60.75 , 85.12 , 49.38 , 17
1253 , 59.50 , 85.12 , 49.38 , 17
1254 , 57.50 , 85.12 , 49.38 , 17
1255 , 56.25 , 85.12 , 49.38 , 17
1256 , 55.00 , 85.12 , 49.38 , 17
Annealing DNA Now
1257 , 53.50 , 85.12 , 60.00 , 17
1258 , 52.25 , 85.12 , 89.25 , 17
1259 , 52.25 , 85.12 , 100.00 , 17
1260 , 51.50 , 85.12 , 100.00 , 17
1261 , 52.00 , 85.12 , 100.00 , 17
1262 , 52.50 , 85.12 , 100.00 , 17
1263 , 52.75 , 85.12 , 100.00 , 17
1264 , 53.50 , 85.12 , 100.00 , 17
1265 , 54.75 , 85.12 , 89.25 , 17
1266 , 55.50 , 85.12 , 61.63 , 17
Going to Extension Temperature
1267 , 56.75 , 200.00 , 61.63 , 17
1268 , 57.75 , 200.00 , 61.63 , 17
1269 , 59.50 , 200.00 , 61.63 , 17
1270 , 61.00 , 200.00 , 61.63 , 17
1271 , 62.50 , 200.00 , 61.63 , 17
1272 , 64.00 , 200.00 , 61.63 , 17
1273 , 66.00 , 200.00 , 61.63 , 17
1274 , 67.25 , 200.00 , 61.63 , 17
1275 , 68.50 , 200.00 , 61.63 , 17
1276 , 70.00 , 200.00 , 61.63 , 17
1277 , 71.00 , 200.00 , 61.63 , 17
Extending DNA Now
1278 , 72.00 , 200.00 , 61.63 , 17
1279 , 73.25 , 200.00 , 61.63 , 17
1280 , 74.75 , 173.13 , 61.63 , 17
1281 , 75.50 , 139.00 , 61.63 , 17
1282 , 76.00 , 118.75 , 61.63 , 17
1283 , 76.00 , 102.75 , 61.63 , 17
1284 , 76.00 , 96.75 , 61.63 , 17
1285 , 75.50 , 90.75 , 61.63 , 17
1286 , 74.50 , 95.50 , 61.63 , 17
1287 , 74.50 , 111.75 , 61.63 , 17
1288 , 73.50 , 108.00 , 61.63 , 17
1289 , 74.00 , 125.75 , 61.63 , 17
1290 , 73.50 , 112.75 , 61.63 , 17
1291 , 73.75 , 120.50 , 61.63 , 17
1292 , 73.75 , 112.87 , 61.63 , 17
1293 , 73.50 , 110.25 , 61.63 , 17
1294 , 73.75 , 113.00 , 61.63 , 17
1295 , 73.00 , 105.37 , 61.63 , 17
1296 , 73.50 , 118.87 , 61.63 , 17
1297 , 73.50 , 106.62 , 61.63 , 17
1298 , 73.00 , 106.62 , 61.63 , 17
Going to Denaturing Temperature
1299 , 73.00 , 200.00 , 61.63 , 18
1300 , 74.00 , 200.00 , 61.63 , 18
1301 , 77.00 , 200.00 , 61.63 , 18
1303 , 79.50 , 200.00 , 61.63 , 18
1304 , 82.00 , 200.00 , 61.63 , 18
1305 , 84.00 , 200.00 , 61.63 , 18
1306 , 86.00 , 200.00 , 61.63 , 18
1307 , 88.75 , 200.00 , 61.63 , 18
1308 , 90.50 , 200.00 , 61.63 , 18
1309 , 92.00 , 200.00 , 61.63 , 18
1310 , 94.25 , 200.00 , 61.63 , 18
1311 , 95.75 , 200.00 , 61.63 , 18
Denaturing DNA Now
1312 , 96.75 , 183.88 , 61.63 , 18
1313 , 98.75 , 161.25 , 61.63 , 18
1314 , 99.25 , 115.62 , 61.63 , 18
1315 , 99.75 , 99.25 , 61.63 , 18
1316 , 98.50 , 82.12 , 61.63 , 18
Going to Annealing Temperature
1317 , 98.25 , 82.12 , 61.63 , 18
1318 , 96.00 , 82.12 , 61.63 , 18
1319 , 93.75 , 82.12 , 61.63 , 18
1320 , 90.50 , 82.12 , 61.63 , 18
1321 , 87.75 , 82.12 , 61.63 , 18
1322 , 85.25 , 82.12 , 61.63 , 18
1323 , 82.25 , 82.12 , 61.63 , 18
1324 , 80.25 , 82.12 , 61.63 , 18
1325 , 77.00 , 82.12 , 61.63 , 18
1326 , 74.25 , 82.12 , 61.63 , 18
1327 , 72.75 , 82.12 , 61.63 , 18
1328 , 70.25 , 82.12 , 61.63 , 18
1329 , 68.00 , 82.12 , 61.63 , 18
1330 , 66.25 , 82.12 , 61.63 , 18
1331 , 64.50 , 82.12 , 61.63 , 18
1332 , 62.25 , 82.12 , 61.63 , 18
1333 , 60.50 , 82.12 , 61.63 , 18
1334 , 59.00 , 82.12 , 61.63 , 18
1335 , 57.25 , 82.12 , 61.63 , 18
1336 , 55.75 , 82.12 , 61.63 , 18
1337 , 53.75 , 82.12 , 61.63 , 18
Annealing DNA Now
1338 , 53.25 , 82.12 , 85.00 , 18
1339 , 52.00 , 82.12 , 94.62 , 18
1340 , 51.75 , 82.12 , 100.00 , 18
1341 , 51.25 , 82.12 , 100.00 , 18
1342 , 52.00 , 82.12 , 100.00 , 18
1343 , 52.25 , 82.12 , 100.00 , 18
1344 , 52.25 , 82.12 , 100.00 , 18
1345 , 53.75 , 82.12 , 100.00 , 18
1346 , 54.50 , 82.12 , 83.87 , 18
1347 , 55.50 , 82.12 , 66.62 , 18
Going to Extension Temperature
1348 , 56.50 , 200.00 , 66.62 , 18
1349 , 56.50 , 200.00 , 66.62 , 18
1350 , 59.25 , 200.00 , 66.62 , 18
1351 , 61.00 , 200.00 , 66.62 , 18
1352 , 62.50 , 200.00 , 66.62 , 18
1353 , 64.50 , 200.00 , 66.62 , 18
1354 , 65.25 , 200.00 , 66.62 , 18
1355 , 66.75 , 200.00 , 66.62 , 18
1356 , 68.25 , 200.00 , 66.62 , 18
1357 , 69.00 , 200.00 , 66.62 , 18
1358 , 70.50 , 200.00 , 66.62 , 18
Extending DNA Now
1359 , 71.75 , 200.00 , 66.62 , 18
1360 , 73.00 , 200.00 , 66.62 , 18
1361 , 74.00 , 178.50 , 66.62 , 18
1362 , 75.00 , 155.50 , 66.62 , 18
1363 , 75.50 , 131.00 , 66.62 , 18
1364 , 75.50 , 115.75 , 66.62 , 18
1365 , 75.50 , 110.50 , 66.62 , 18
1366 , 75.25 , 105.25 , 66.62 , 18
1367 , 75.00 , 105.37 , 66.62 , 18
1368 , 74.50 , 105.87 , 66.62 , 18
1369 , 74.25 , 112.12 , 66.62 , 18
1370 , 74.25 , 113.75 , 66.62 , 18
1371 , 74.00 , 110.37 , 66.62 , 18
1372 , 73.50 , 112.37 , 66.62 , 18
1373 , 73.75 , 120.12 , 66.62 , 18
1374 , 73.50 , 112.50 , 66.62 , 18
1375 , 73.50 , 115.25 , 66.62 , 18
1376 , 73.50 , 113.00 , 66.62 , 18
1377 , 73.00 , 110.75 , 66.62 , 18
1378 , 73.00 , 119.25 , 66.62 , 18
1379 , 72.75 , 119.25 , 66.62 , 18
Going to Denaturing Temperature
1380 , 73.25 , 200.00 , 66.62 , 19
1381 , 73.50 , 200.00 , 66.62 , 19
1382 , 76.75 , 200.00 , 66.62 , 19
1383 , 79.25 , 200.00 , 66.62 , 19
1384 , 82.00 , 200.00 , 66.62 , 19
1385 , 83.25 , 200.00 , 66.62 , 19
1386 , 85.50 , 200.00 , 66.62 , 19
1387 , 87.75 , 200.00 , 66.62 , 19
1388 , 89.50 , 200.00 , 66.62 , 19
1389 , 91.25 , 200.00 , 66.62 , 19
1390 , 93.25 , 200.00 , 66.62 , 19
1391 , 94.75 , 200.00 , 66.62 , 19
1392 , 96.00 , 200.00 , 66.62 , 19
Denaturing DNA Now
1393 , 98.00 , 178.50 , 66.62 , 19
1394 , 99.00 , 134.00 , 66.62 , 19
1395 , 99.25 , 108.00 , 66.62 , 19
1396 , 98.50 , 96.62 , 66.62 , 19
1397 , 98.50 , 106.37 , 66.62 , 19
Going to Annealing Temperature
1398 , 98.00 , 106.37 , 66.62 , 19
1399 , 96.50 , 106.37 , 66.62 , 19
1400 , 93.50 , 106.37 , 66.62 , 19
1401 , 91.00 , 106.37 , 66.62 , 19
1402 , 88.00 , 106.37 , 66.62 , 19
1403 , 84.75 , 106.37 , 66.62 , 19
1404 , 82.75 , 106.37 , 66.62 , 19
1405 , 79.25 , 106.37 , 66.62 , 19
1406 , 77.25 , 106.37 , 66.62 , 19
1407 , 74.75 , 106.37 , 66.62 , 19
1408 , 72.50 , 106.37 , 66.62 , 19
1409 , 70.00 , 106.37 , 66.62 , 19
1410 , 68.50 , 106.37 , 66.62 , 19
1411 , 66.25 , 106.37 , 66.62 , 19
1412 , 64.00 , 106.37 , 66.62 , 19
1413 , 62.50 , 106.37 , 66.62 , 19
1414 , 60.75 , 106.37 , 66.62 , 19
1415 , 59.25 , 106.37 , 66.62 , 19
1416 , 57.25 , 106.37 , 66.62 , 19
1417 , 55.75 , 106.37 , 66.62 , 19
1418 , 54.75 , 106.37 , 66.62 , 19
Annealing DNA Now
1419 , 53.00 , 106.37 , 65.00 , 19
1420 , 51.75 , 106.37 , 100.00 , 19
1421 , 51.50 , 106.37 , 100.00 , 19
1422 , 51.50 , 106.37 , 100.00 , 19
1423 , 51.75 , 106.37 , 100.00 , 19
1424 , 52.25 , 106.37 , 100.00 , 19
1425 , 52.50 , 106.37 , 100.00 , 19
1426 , 54.00 , 106.37 , 100.00 , 19
1427 , 54.75 , 106.37 , 78.50 , 19
1428 , 55.50 , 106.37 , 60.88 , 19
Going to Extension Temperature
1429 , 56.25 , 200.00 , 60.88 , 19
1430 , 56.75 , 200.00 , 60.88 , 19
1431 , 58.00 , 200.00 , 60.88 , 19
1432 , 60.00 , 200.00 , 60.88 , 19
1433 , 62.00 , 200.00 , 60.88 , 19
1434 , 62.75 , 200.00 , 60.88 , 19
1435 , 64.75 , 200.00 , 60.88 , 19
1436 , 66.25 , 200.00 , 60.88 , 19
1437 , 67.75 , 200.00 , 60.88 , 19
1438 , 69.00 , 200.00 , 60.88 , 19
1439 , 70.50 , 200.00 , 60.88 , 19
Extending DNA Now
1440 , 71.00 , 200.00 , 60.88 , 19
1441 , 72.50 , 200.00 , 60.88 , 19
1442 , 73.50 , 189.25 , 60.88 , 19
1443 , 74.25 , 167.00 , 60.88 , 19
1444 , 75.25 , 148.63 , 60.88 , 19
1445 , 76.00 , 123.75 , 60.88 , 19
1446 , 76.00 , 102.75 , 60.88 , 19
1447 , 75.50 , 96.75 , 60.88 , 19
1448 , 75.25 , 101.50 , 60.88 , 19
1449 , 75.00 , 101.62 , 60.88 , 19
1450 , 74.25 , 102.12 , 60.88 , 19
1451 , 74.00 , 113.75 , 60.88 , 19
1452 , 74.00 , 115.75 , 60.88 , 19
1453 , 73.25 , 112.75 , 60.88 , 19
1454 , 73.25 , 125.87 , 60.88 , 19
1455 , 73.50 , 124.00 , 60.88 , 19
1456 , 73.25 , 116.75 , 60.88 , 19
1457 , 73.00 , 119.87 , 60.88 , 19
1458 , 73.00 , 123.37 , 60.88 , 19
1459 , 72.75 , 121.87 , 60.88 , 19
1460 , 73.25 , 121.87 , 60.88 , 19
Going to Denaturing Temperature
1461 , 73.00 , 200.00 , 60.88 , 20
1462 , 74.25 , 200.00 , 60.88 , 20
1463 , 76.50 , 200.00 , 60.88 , 20
1464 , 79.00 , 200.00 , 60.88 , 20
1465 , 81.50 , 200.00 , 60.88 , 20
1466 , 83.50 , 200.00 , 60.88 , 20
1467 , 85.25 , 200.00 , 60.88 , 20
1468 , 87.00 , 200.00 , 60.88 , 20
1469 , 89.00 , 200.00 , 60.88 , 20
1470 , 90.75 , 200.00 , 60.88 , 20
1471 , 92.50 , 200.00 , 60.88 , 20
1472 , 94.00 , 200.00 , 60.88 , 20
1473 , 95.75 , 200.00 , 60.88 , 20
Denaturing DNA Now
1474 , 96.75 , 183.88 , 60.88 , 20
1475 , 98.25 , 161.25 , 60.88 , 20
1476 , 98.50 , 126.37 , 60.88 , 20
1477 , 97.75 , 116.12 , 60.88 , 20
1478 , 99.00 , 127.00 , 60.88 , 20
Going to Annealing Temperature
1479 , 97.75 , 127.00 , 60.88 , 20
1480 , 97.00 , 127.00 , 60.88 , 20
1481 , 94.00 , 127.00 , 60.88 , 20
1482 , 91.75 , 127.00 , 60.88 , 20
1483 , 88.50 , 127.00 , 60.88 , 20
1484 , 85.25 , 127.00 , 60.88 , 20
1485 , 83.00 , 127.00 , 60.88 , 20
1486 , 80.00 , 127.00 , 60.88 , 20
1487 , 77.50 , 127.00 , 60.88 , 20
1488 , 75.25 , 127.00 , 60.88 , 20
1489 , 72.50 , 127.00 , 60.88 , 20
1490 , 70.50 , 127.00 , 60.88 , 20
1491 , 68.75 , 127.00 , 60.88 , 20
1492 , 65.75 , 127.00 , 60.88 , 20
1493 , 64.25 , 127.00 , 60.88 , 20
1494 , 62.50 , 127.00 , 60.88 , 20
1495 , 60.75 , 127.00 , 60.88 , 20
1496 , 59.25 , 127.00 , 60.88 , 20
1497 , 57.50 , 127.00 , 60.88 , 20
1498 , 55.75 , 127.00 , 60.88 , 20
1499 , 54.00 , 127.00 , 60.88 , 20
Annealing DNA Now
1500 , 52.50 , 127.00 , 80.00 , 20
1501 , 52.00 , 127.00 , 100.00 , 20
1502 , 51.75 , 127.00 , 100.00 , 20
1503 , 51.75 , 127.00 , 100.00 , 20
1504 , 52.25 , 127.00 , 100.00 , 20
1505 , 52.25 , 127.00 , 100.00 , 20
1506 , 52.50 , 127.00 , 100.00 , 20
1507 , 53.25 , 127.00 , 100.00 , 20
1508 , 54.00 , 127.00 , 94.62 , 20
1509 , 55.00 , 127.00 , 78.12 , 20
Going to Extension Temperature
1510 , 56.00 , 200.00 , 78.12 , 20
1511 , 57.00 , 200.00 , 78.12 , 20
1512 , 58.50 , 200.00 , 78.12 , 20
1513 , 60.25 , 200.00 , 78.12 , 20
1514 , 62.00 , 200.00 , 78.12 , 20
1515 , 63.25 , 200.00 , 78.12 , 20
1516 , 64.25 , 200.00 , 78.12 , 20
1517 , 66.00 , 200.00 , 78.12 , 20
1518 , 67.00 , 200.00 , 78.12 , 20
1519 , 68.50 , 200.00 , 78.12 , 20
1520 , 69.50 , 200.00 , 78.12 , 20
1521 , 70.00 , 200.00 , 78.12 , 20
1522 , 71.25 , 200.00 , 78.12 , 20
Extending DNA Now
1523 , 72.75 , 200.00 , 78.12 , 20
1524 , 73.75 , 183.88 , 78.12 , 20
1525 , 74.50 , 161.25 , 78.12 , 20
1526 , 75.00 , 142.50 , 78.12 , 20
1527 , 75.00 , 128.00 , 78.12 , 20
1528 , 75.00 , 123.50 , 78.12 , 20
1529 , 74.75 , 119.00 , 78.12 , 20
1530 , 75.25 , 119.87 , 78.12 , 20
1531 , 75.00 , 105.00 , 78.12 , 20
1532 , 74.75 , 105.50 , 78.12 , 20
1533 , 74.25 , 106.37 , 78.12 , 20
1534 , 73.00 , 113.00 , 78.12 , 20
1535 , 73.75 , 136.50 , 78.12 , 20
1536 , 73.25 , 118.87 , 78.12 , 20
1537 , 74.00 , 127.00 , 78.12 , 20
1538 , 73.25 , 109.00 , 78.12 , 20
1539 , 73.25 , 122.12 , 78.12 , 20
1540 , 73.50 , 120.25 , 78.12 , 20
1541 , 73.50 , 113.00 , 78.12 , 20
1542 , 73.50 , 110.75 , 78.12 , 20
1543 , 73.25 , 110.75 , 78.12 , 20
Going to Denaturing Temperature
1544 , 73.25 , 200.00 , 78.12 , 21
1545 , 73.75 , 200.00 , 78.12 , 21
1546 , 76.50 , 200.00 , 78.12 , 21
1547 , 79.00 , 200.00 , 78.12 , 21
1548 , 80.75 , 200.00 , 78.12 , 21
1549 , 83.25 , 200.00 , 78.12 , 21
1550 , 85.00 , 200.00 , 78.12 , 21
1551 , 87.00 , 200.00 , 78.12 , 21
1552 , 88.00 , 200.00 , 78.12 , 21
1553 , 89.75 , 200.00 , 78.12 , 21
1554 , 91.25 , 200.00 , 78.12 , 21
1555 , 93.50 , 200.00 , 78.12 , 21
1556 , 95.00 , 200.00 , 78.12 , 21
Denaturing DNA Now
1557 , 96.00 , 200.00 , 78.12 , 21
1558 , 96.75 , 178.50 , 78.12 , 21
1559 , 98.50 , 160.88 , 78.12 , 21
1560 , 98.75 , 120.62 , 78.12 , 21
1561 , 99.00 , 110.00 , 78.12 , 21
Going to Annealing Temperature
1562 , 98.25 , 110.00 , 78.12 , 21
1563 , 96.75 , 110.00 , 78.12 , 21
1564 , 94.00 , 110.00 , 78.12 , 21
1565 , 91.25 , 110.00 , 78.12 , 21
1566 , 88.00 , 110.00 , 78.12 , 21
1567 , 85.00 , 110.00 , 78.12 , 21
1568 , 82.50 , 110.00 , 78.12 , 21
1569 , 79.75 , 110.00 , 78.12 , 21
1570 , 77.00 , 110.00 , 78.12 , 21
1571 , 74.75 , 110.00 , 78.12 , 21
1572 , 72.50 , 110.00 , 78.12 , 21
1573 , 70.00 , 110.00 , 78.12 , 21
1574 , 68.00 , 110.00 , 78.12 , 21
1575 , 66.00 , 110.00 , 78.12 , 21
1576 , 64.25 , 110.00 , 78.12 , 21
1577 , 61.75 , 110.00 , 78.12 , 21
1578 , 60.75 , 110.00 , 78.12 , 21
1579 , 59.00 , 110.00 , 78.12 , 21
1580 , 57.00 , 110.00 , 78.12 , 21
1581 , 55.50 , 110.00 , 78.12 , 21
1582 , 54.50 , 110.00 , 78.12 , 21
Annealing DNA Now
1583 , 53.00 , 110.00 , 70.00 , 21
1584 , 52.00 , 110.00 , 100.00 , 21
1585 , 52.00 , 110.00 , 100.00 , 21
1586 , 51.25 , 110.00 , 100.00 , 21
1587 , 51.50 , 110.00 , 100.00 , 21
1588 , 51.75 , 110.00 , 100.00 , 21
1589 , 52.50 , 110.00 , 100.00 , 21
1590 , 53.00 , 110.00 , 100.00 , 21
1591 , 54.00 , 110.00 , 100.00 , 21
1592 , 54.75 , 110.00 , 78.50 , 21
Going to Extension Temperature
1593 , 55.00 , 200.00 , 78.50 , 21
1594 , 56.75 , 200.00 , 78.50 , 21
1595 , 58.50 , 200.00 , 78.50 , 21
1596 , 59.50 , 200.00 , 78.50 , 21
1597 , 61.50 , 200.00 , 78.50 , 21
1598 , 62.50 , 200.00 , 78.50 , 21
1599 , 64.25 , 200.00 , 78.50 , 21
1600 , 64.75 , 200.00 , 78.50 , 21
1601 , 66.75 , 200.00 , 78.50 , 21
1602 , 67.50 , 200.00 , 78.50 , 21
1603 , 69.00 , 200.00 , 78.50 , 21
1604 , 69.75 , 200.00 , 78.50 , 21
1605 , 71.00 , 200.00 , 78.50 , 21
Extending DNA Now
1606 , 71.75 , 200.00 , 78.50 , 21
1607 , 72.75 , 200.00 , 78.50 , 21
1608 , 73.75 , 183.88 , 78.50 , 21
1609 , 74.25 , 161.25 , 78.50 , 21
1610 , 75.00 , 147.88 , 78.50 , 21
1611 , 75.25 , 128.38 , 78.50 , 21
1612 , 75.00 , 118.50 , 78.50 , 21
1613 , 75.25 , 119.00 , 78.50 , 21
1614 , 75.25 , 109.12 , 78.50 , 21
1615 , 74.25 , 104.25 , 78.50 , 21
1616 , 74.00 , 120.87 , 78.50 , 21
1617 , 74.25 , 122.87 , 78.50 , 21
1618 , 74.25 , 114.50 , 78.50 , 21
1619 , 74.25 , 111.12 , 78.50 , 21
1620 , 74.00 , 107.75 , 78.50 , 21
1621 , 73.50 , 109.75 , 78.50 , 21
1622 , 73.25 , 117.50 , 78.50 , 21
1623 , 73.00 , 120.62 , 78.50 , 21
1624 , 72.75 , 124.12 , 78.50 , 21
1625 , 73.00 , 128.00 , 78.50 , 21
1626 , 73.00 , 128.00 , 78.50 , 21
Going to Denaturing Temperature
1627 , 73.50 , 200.00 , 78.50 , 22
1628 , 74.25 , 200.00 , 78.50 , 22
1629 , 77.00 , 200.00 , 78.50 , 22
1630 , 79.25 , 200.00 , 78.50 , 22
1631 , 81.00 , 200.00 , 78.50 , 22
1632 , 82.50 , 200.00 , 78.50 , 22
1633 , 84.75 , 200.00 , 78.50 , 22
1634 , 86.00 , 200.00 , 78.50 , 22
1635 , 87.50 , 200.00 , 78.50 , 22
1636 , 89.75 , 200.00 , 78.50 , 22
1637 , 91.50 , 200.00 , 78.50 , 22
1638 , 92.75 , 200.00 , 78.50 , 22
1639 , 94.25 , 200.00 , 78.50 , 22
1640 , 95.75 , 200.00 , 78.50 , 22
Denaturing DNA Now
1641 , 97.00 , 183.88 , 78.50 , 22
1642 , 98.25 , 155.88 , 78.50 , 22
1643 , 98.25 , 126.00 , 78.50 , 22
1644 , 98.75 , 121.12 , 78.50 , 22
1645 , 98.25 , 105.50 , 78.50 , 22
Going to Annealing Temperature
1646 , 97.25 , 105.50 , 78.50 , 22
1647 , 96.25 , 105.50 , 78.50 , 22
1648 , 93.75 , 105.50 , 78.50 , 22
1649 , 90.75 , 105.50 , 78.50 , 22
1650 , 87.75 , 105.50 , 78.50 , 22
1651 , 84.75 , 105.50 , 78.50 , 22
1652 , 82.00 , 105.50 , 78.50 , 22
1653 , 79.75 , 105.50 , 78.50 , 22
1654 , 76.50 , 105.50 , 78.50 , 22
1655 , 74.25 , 105.50 , 78.50 , 22
1656 , 72.25 , 105.50 , 78.50 , 22
1657 , 69.25 , 105.50 , 78.50 , 22
1658 , 67.50 , 105.50 , 78.50 , 22
1659 , 66.00 , 105.50 , 78.50 , 22
1660 , 64.00 , 105.50 , 78.50 , 22
1661 , 61.75 , 105.50 , 78.50 , 22
1662 , 60.50 , 105.50 , 78.50 , 22
1663 , 58.50 , 105.50 , 78.50 , 22
1664 , 57.25 , 105.50 , 78.50 , 22
1665 , 56.00 , 105.50 , 78.50 , 22
1666 , 54.25 , 105.50 , 78.50 , 22
Annealing DNA Now
1667 , 52.75 , 105.50 , 75.00 , 22
1668 , 52.00 , 105.50 , 100.00 , 22
1669 , 51.50 , 105.50 , 100.00 , 22
1670 , 51.00 , 105.50 , 100.00 , 22
1671 , 51.75 , 105.50 , 100.00 , 22
1672 , 51.25 , 105.50 , 100.00 , 22
1673 , 52.00 , 105.50 , 100.00 , 22
1674 , 53.00 , 105.50 , 100.00 , 22
1675 , 53.75 , 105.50 , 100.00 , 22
1676 , 54.25 , 105.50 , 83.87 , 22
Going to Extension Temperature
1677 , 55.25 , 200.00 , 83.87 , 22
1678 , 56.50 , 200.00 , 83.87 , 22
1679 , 57.75 , 200.00 , 83.87 , 22
1680 , 59.75 , 200.00 , 83.87 , 22
1681 , 60.25 , 200.00 , 83.87 , 22
1682 , 62.50 , 200.00 , 83.87 , 22
1683 , 63.50 , 200.00 , 83.87 , 22
1684 , 65.00 , 200.00 , 83.87 , 22
1685 , 65.25 , 200.00 , 83.87 , 22
1686 , 67.25 , 200.00 , 83.87 , 22
1687 , 67.75 , 200.00 , 83.87 , 22
1688 , 69.25 , 200.00 , 83.87 , 22
1689 , 70.25 , 200.00 , 83.87 , 22
1690 , 71.00 , 200.00 , 83.87 , 22
Extending DNA Now
1691 , 71.50 , 200.00 , 83.87 , 22
1692 , 73.00 , 200.00 , 83.87 , 22
1693 , 74.00 , 178.50 , 83.87 , 22
1694 , 74.50 , 155.50 , 83.87 , 22
1695 , 75.25 , 141.75 , 83.87 , 22
1696 , 75.25 , 121.87 , 83.87 , 22
1697 , 75.00 , 117.00 , 83.87 , 22
1698 , 74.75 , 117.50 , 83.87 , 22
1699 , 74.50 , 118.37 , 83.87 , 22
1700 , 74.00 , 119.62 , 83.87 , 22
1701 , 73.75 , 126.62 , 83.87 , 22
1702 , 73.75 , 129.00 , 83.87 , 22
1703 , 73.75 , 126.37 , 83.87 , 22
1704 , 73.50 , 123.75 , 83.87 , 22
1705 , 73.25 , 126.50 , 83.87 , 22
1706 , 73.50 , 129.63 , 83.87 , 22
1707 , 73.25 , 122.37 , 83.87 , 22
1708 , 73.25 , 125.50 , 83.87 , 22
1709 , 72.75 , 123.62 , 83.87 , 22
1710 , 73.25 , 132.50 , 83.87 , 22
1711 , 73.25 , 132.50 , 83.87 , 22
Going to Denaturing Temperature
1712 , 72.75 , 200.00 , 83.87 , 23
1713 , 74.00 , 200.00 , 83.87 , 23
1714 , 76.00 , 200.00 , 83.87 , 23
1715 , 78.00 , 200.00 , 83.87 , 23
1716 , 80.50 , 200.00 , 83.87 , 23
1717 , 82.50 , 200.00 , 83.87 , 23
1718 , 83.75 , 200.00 , 83.87 , 23
1719 , 85.25 , 200.00 , 83.87 , 23
1720 , 86.75 , 200.00 , 83.87 , 23
1721 , 88.75 , 200.00 , 83.87 , 23
1722 , 90.00 , 200.00 , 83.87 , 23
1723 , 91.50 , 200.00 , 83.87 , 23
1724 , 93.00 , 200.00 , 83.87 , 23
1725 , 94.25 , 200.00 , 83.87 , 23
1726 , 95.50 , 200.00 , 83.87 , 23
Denaturing DNA Now
1727 , 96.00 , 189.25 , 83.87 , 23
1728 , 97.50 , 177.75 , 83.87 , 23
1729 , 98.50 , 144.00 , 83.87 , 23
1730 , 98.25 , 118.75 , 83.87 , 23
1731 , 98.00 , 118.87 , 83.87 , 23
Going to Annealing Temperature
1732 , 97.50 , 118.87 , 83.87 , 23
1734 , 96.50 , 118.87 , 83.87 , 23
1735 , 93.50 , 118.87 , 83.87 , 23
1736 , 91.00 , 118.87 , 83.87 , 23
1737 , 88.00 , 118.87 , 83.87 , 23
1738 , 85.00 , 118.87 , 83.87 , 23
1739 , 82.25 , 118.87 , 83.87 , 23
1740 , 79.50 , 118.87 , 83.87 , 23
1741 , 76.75 , 118.87 , 83.87 , 23
1742 , 74.50 , 118.87 , 83.87 , 23
1743 , 72.00 , 118.87 , 83.87 , 23
1744 , 69.75 , 118.87 , 83.87 , 23
1745 , 67.50 , 118.87 , 83.87 , 23
1746 , 65.50 , 118.87 , 83.87 , 23
1747 , 64.00 , 118.87 , 83.87 , 23
1748 , 62.25 , 118.87 , 83.87 , 23
1749 , 60.50 , 118.87 , 83.87 , 23
1750 , 58.75 , 118.87 , 83.87 , 23
1751 , 57.00 , 118.87 , 83.87 , 23
1752 , 55.25 , 118.87 , 83.87 , 23
1753 , 54.50 , 118.87 , 83.87 , 23
Annealing DNA Now
1754 , 53.00 , 118.87 , 70.00 , 23
1755 , 51.50 , 118.87 , 100.00 , 23
1756 , 51.75 , 118.87 , 100.00 , 23
1757 , 51.50 , 118.87 , 100.00 , 23
1758 , 51.25 , 118.87 , 100.00 , 23
1759 , 51.50 , 118.87 , 100.00 , 23
1760 , 52.00 , 118.87 , 100.00 , 23
1761 , 52.50 , 118.87 , 100.00 , 23
1762 , 53.25 , 118.87 , 100.00 , 23
1763 , 54.50 , 118.87 , 94.62 , 23
Going to Extension Temperature
1764 , 55.00 , 200.00 , 94.62 , 23
1765 , 56.25 , 200.00 , 94.62 , 23
1766 , 57.75 , 200.00 , 94.62 , 23
1767 , 59.25 , 200.00 , 94.62 , 23
1768 , 60.50 , 200.00 , 94.62 , 23
1769 , 62.25 , 200.00 , 94.62 , 23
1770 , 63.50 , 200.00 , 94.62 , 23
1771 , 64.25 , 200.00 , 94.62 , 23
1772 , 65.50 , 200.00 , 94.62 , 23
1773 , 66.50 , 200.00 , 94.62 , 23
1774 , 67.25 , 200.00 , 94.62 , 23
1775 , 68.75 , 200.00 , 94.62 , 23
1776 , 69.50 , 200.00 , 94.62 , 23
1777 , 70.25 , 200.00 , 94.62 , 23
1778 , 71.00 , 200.00 , 94.62 , 23
Extending DNA Now
1779 , 72.25 , 200.00 , 94.62 , 23
1780 , 73.00 , 194.63 , 94.62 , 23
1781 , 74.00 , 178.13 , 94.62 , 23
1782 , 74.25 , 155.13 , 94.62 , 23
1783 , 75.00 , 146.75 , 94.62 , 23
1784 , 75.25 , 127.25 , 94.62 , 23
1785 , 75.25 , 117.37 , 94.62 , 23
1786 , 75.00 , 112.50 , 94.62 , 23
1787 , 74.75 , 113.00 , 94.62 , 23
1788 , 74.25 , 113.87 , 94.62 , 23
1789 , 74.25 , 120.50 , 94.62 , 23
1790 , 73.75 , 117.12 , 94.62 , 23
1791 , 73.25 , 124.50 , 94.62 , 23
1792 , 73.50 , 132.63 , 94.62 , 23
1793 , 73.50 , 125.37 , 94.62 , 23
1794 , 73.75 , 123.12 , 94.62 , 23
1795 , 73.75 , 115.50 , 94.62 , 23
1796 , 73.25 , 112.87 , 94.62 , 23
1797 , 73.00 , 121.00 , 94.62 , 23
1798 , 73.25 , 124.50 , 94.62 , 23
1799 , 72.75 , 124.50 , 94.62 , 23
Going to Denaturing Temperature
1800 , 73.25 , 200.00 , 94.62 , 24
1801 , 73.75 , 200.00 , 94.62 , 24
1802 , 76.25 , 200.00 , 94.62 , 24
1803 , 78.50 , 200.00 , 94.62 , 24
1804 , 80.00 , 200.00 , 94.62 , 24
1805 , 81.25 , 200.00 , 94.62 , 24
1806 , 83.50 , 200.00 , 94.62 , 24
1807 , 84.75 , 200.00 , 94.62 , 24
1808 , 86.25 , 200.00 , 94.62 , 24
1809 , 88.00 , 200.00 , 94.62 , 24
1810 , 89.50 , 200.00 , 94.62 , 24
1811 , 90.75 , 200.00 , 94.62 , 24
1812 , 92.25 , 200.00 , 94.62 , 24
1813 , 93.25 , 200.00 , 94.62 , 24
1814 , 93.75 , 200.00 , 94.62 , 24
1815 , 95.25 , 200.00 , 94.62 , 24
Denaturing DNA Now
1816 , 96.50 , 194.63 , 94.62 , 24
1817 , 97.25 , 167.38 , 94.62 , 24
1818 , 98.00 , 149.00 , 94.62 , 24
1819 , 98.25 , 129.50 , 94.62 , 24
1820 , 98.25 , 119.62 , 94.62 , 24
Going to Annealing Temperature
1821 , 97.50 , 119.62 , 94.62 , 24
1822 , 95.50 , 119.62 , 94.62 , 24
1823 , 93.25 , 119.62 , 94.62 , 24
1824 , 90.00 , 119.62 , 94.62 , 24
1825 , 88.00 , 119.62 , 94.62 , 24
1826 , 85.00 , 119.62 , 94.62 , 24
1827 , 82.25 , 119.62 , 94.62 , 24
1828 , 80.00 , 119.62 , 94.62 , 24
1829 , 76.75 , 119.62 , 94.62 , 24
1830 , 74.50 , 119.62 , 94.62 , 24
1831 , 72.25 , 119.62 , 94.62 , 24
1832 , 70.00 , 119.62 , 94.62 , 24
1833 , 68.25 , 119.62 , 94.62 , 24
1834 , 66.00 , 119.62 , 94.62 , 24
1835 , 64.00 , 119.62 , 94.62 , 24
1836 , 62.25 , 119.62 , 94.62 , 24
1837 , 60.25 , 119.62 , 94.62 , 24
1838 , 59.00 , 119.62 , 94.62 , 24
1839 , 57.00 , 119.62 , 94.62 , 24
1840 , 55.75 , 119.62 , 94.62 , 24
1841 , 54.00 , 119.62 , 94.62 , 24
Annealing DNA Now
1842 , 52.50 , 119.62 , 80.00 , 24
1843 , 52.00 , 119.62 , 100.00 , 24
1844 , 51.25 , 119.62 , 100.00 , 24
1845 , 51.75 , 119.62 , 100.00 , 24
1846 , 51.25 , 119.62 , 100.00 , 24
1847 , 51.50 , 119.62 , 100.00 , 24
1848 , 51.50 , 119.62 , 100.00 , 24
1849 , 52.50 , 119.62 , 100.00 , 24
1850 , 52.50 , 119.62 , 100.00 , 24
1851 , 54.25 , 119.62 , 100.00 , 24
Going to Extension Temperature
1852 , 55.25 , 200.00 , 100.00 , 24
1853 , 56.25 , 200.00 , 100.00 , 24
1854 , 57.50 , 200.00 , 100.00 , 24
1855 , 59.00 , 200.00 , 100.00 , 24
1856 , 60.25 , 200.00 , 100.00 , 24
1857 , 61.00 , 200.00 , 100.00 , 24
1858 , 63.00 , 200.00 , 100.00 , 24
1859 , 64.00 , 200.00 , 100.00 , 24
1860 , 64.50 , 200.00 , 100.00 , 24
1861 , 65.75 , 200.00 , 100.00 , 24
1862 , 66.75 , 200.00 , 100.00 , 24
1863 , 67.75 , 200.00 , 100.00 , 24
1864 , 68.75 , 200.00 , 100.00 , 24
1865 , 70.00 , 200.00 , 100.00 , 24
1866 , 70.75 , 200.00 , 100.00 , 24
Extending DNA Now
1867 , 71.50 , 200.00 , 100.00 , 24
1868 , 72.50 , 200.00 , 100.00 , 24
1869 , 73.25 , 189.25 , 100.00 , 24
1870 , 73.75 , 172.38 , 100.00 , 24
1871 , 74.25 , 159.75 , 100.00 , 24
1872 , 74.25 , 146.38 , 100.00 , 24
1873 , 74.50 , 143.00 , 100.00 , 24
1874 , 74.25 , 134.25 , 100.00 , 24
1875 , 74.25 , 135.88 , 100.00 , 24
1876 , 74.25 , 132.50 , 100.00 , 24
1877 , 74.50 , 129.13 , 100.00 , 24
1878 , 74.25 , 120.37 , 100.00 , 24
1879 , 73.50 , 122.00 , 100.00 , 24
1880 , 73.75 , 134.75 , 100.00 , 24
1881 , 73.75 , 127.12 , 100.00 , 24
1882 , 73.00 , 124.50 , 100.00 , 24
1883 , 73.50 , 138.00 , 100.00 , 24
1884 , 73.25 , 125.75 , 100.00 , 24
1885 , 73.00 , 128.88 , 100.00 , 24
1886 , 73.25 , 132.38 , 100.00 , 24
1887 , 73.00 , 132.38 , 100.00 , 24
Going to Denaturing Temperature
1888 , 73.50 , 200.00 , 100.00 , 25
1889 , 74.25 , 200.00 , 100.00 , 25
1890 , 76.25 , 200.00 , 100.00 , 25
1891 , 78.50 , 200.00 , 100.00 , 25
1892 , 80.25 , 200.00 , 100.00 , 25
1893 , 81.75 , 200.00 , 100.00 , 25
1894 , 83.50 , 200.00 , 100.00 , 25
1895 , 85.00 , 200.00 , 100.00 , 25
1896 , 86.25 , 200.00 , 100.00 , 25
1897 , 87.75 , 200.00 , 100.00 , 25
1898 , 89.00 , 200.00 , 100.00 , 25
1899 , 90.50 , 200.00 , 100.00 , 25
1900 , 92.00 , 200.00 , 100.00 , 25
1901 , 93.00 , 200.00 , 100.00 , 25
1902 , 94.25 , 200.00 , 100.00 , 25
1903 , 95.25 , 200.00 , 100.00 , 25
Denaturing DNA Now
1904 , 96.25 , 194.63 , 100.00 , 25
1905 , 97.00 , 172.75 , 100.00 , 25
1906 , 97.50 , 154.75 , 100.00 , 25
1907 , 98.00 , 141.00 , 100.00 , 25
1908 , 97.50 , 126.50 , 100.00 , 25
Going to Annealing Temperature
1909 , 97.00 , 126.50 , 100.00 , 25
1910 , 96.25 , 126.50 , 100.00 , 25
1911 , 93.00 , 126.50 , 100.00 , 25
1912 , 90.50 , 126.50 , 100.00 , 25
1913 , 87.25 , 126.50 , 100.00 , 25
1914 , 84.75 , 126.50 , 100.00 , 25
1915 , 82.00 , 126.50 , 100.00 , 25
1916 , 79.50 , 126.50 , 100.00 , 25
1917 , 76.75 , 126.50 , 100.00 , 25
1918 , 74.25 , 126.50 , 100.00 , 25
1919 , 71.75 , 126.50 , 100.00 , 25
1920 , 69.50 , 126.50 , 100.00 , 25
1921 , 67.50 , 126.50 , 100.00 , 25
1922 , 65.50 , 126.50 , 100.00 , 25
1923 , 64.00 , 126.50 , 100.00 , 25
1924 , 62.00 , 126.50 , 100.00 , 25
1925 , 60.00 , 126.50 , 100.00 , 25
1926 , 58.75 , 126.50 , 100.00 , 25
1927 , 57.25 , 126.50 , 100.00 , 25
1928 , 55.50 , 126.50 , 100.00 , 25
1929 , 54.25 , 126.50 , 100.00 , 25
Annealing DNA Now
1930 , 53.00 , 126.50 , 75.00 , 25
1931 , 51.75 , 126.50 , 100.00 , 25
1932 , 51.75 , 126.50 , 100.00 , 25
1933 , 51.50 , 126.50 , 100.00 , 25
1934 , 51.75 , 126.50 , 100.00 , 25
1935 , 52.00 , 126.50 , 100.00 , 25
1936 , 52.25 , 126.50 , 100.00 , 25
1937 , 52.50 , 126.50 , 100.00 , 25
1938 , 53.50 , 126.50 , 100.00 , 25
1939 , 53.75 , 126.50 , 89.25 , 25
Going to Extension Temperature
1940 , 55.25 , 200.00 , 89.25 , 25
1941 , 56.25 , 200.00 , 89.25 , 25
1942 , 57.25 , 200.00 , 89.25 , 25
1943 , 58.75 , 200.00 , 89.25 , 25
1944 , 60.50 , 200.00 , 89.25 , 25
1945 , 61.75 , 200.00 , 89.25 , 25
1946 , 63.25 , 200.00 , 89.25 , 25
1947 , 64.25 , 200.00 , 89.25 , 25
1948 , 65.00 , 200.00 , 89.25 , 25
1949 , 66.25 , 200.00 , 89.25 , 25
1950 , 67.25 , 200.00 , 89.25 , 25
1951 , 68.50 , 200.00 , 89.25 , 25
1952 , 69.50 , 200.00 , 89.25 , 25
1953 , 70.25 , 200.00 , 89.25 , 25
1954 , 71.50 , 200.00 , 89.25 , 25
Extending DNA Now
1955 , 72.25 , 200.00 , 89.25 , 25
1956 , 73.25 , 194.63 , 89.25 , 25
1957 , 74.00 , 172.75 , 89.25 , 25
1958 , 74.25 , 154.75 , 89.25 , 25
1959 , 74.50 , 146.38 , 89.25 , 25
1960 , 74.75 , 137.63 , 89.25 , 25
1961 , 74.75 , 128.50 , 89.25 , 25
1962 , 74.75 , 124.37 , 89.25 , 25
1963 , 74.75 , 120.25 , 89.25 , 25
1964 , 74.75 , 116.12 , 89.25 , 25
1965 , 74.50 , 112.00 , 89.25 , 25
1966 , 74.25 , 113.25 , 89.25 , 25
1967 , 74.00 , 114.87 , 89.25 , 25
1968 , 73.75 , 116.87 , 89.25 , 25
1969 , 73.25 , 119.25 , 89.25 , 25
1970 , 73.50 , 127.37 , 89.25 , 25
1971 , 73.25 , 120.12 , 89.25 , 25
1972 , 73.25 , 123.25 , 89.25 , 25
1973 , 73.00 , 121.37 , 89.25 , 25
1974 , 72.75 , 124.87 , 89.25 , 25
1975 , 73.00 , 124.87 , 89.25 , 25
Going to Denaturing Temperature
1976 , 73.00 , 200.00 , 89.25 , 26
1977 , 73.50 , 200.00 , 89.25 , 26
1978 , 75.75 , 200.00 , 89.25 , 26
1979 , 77.75 , 200.00 , 89.25 , 26
1980 , 78.75 , 200.00 , 89.25 , 26
1981 , 80.00 , 200.00 , 89.25 , 26
1982 , 82.00 , 200.00 , 89.25 , 26
1983 , 83.75 , 200.00 , 89.25 , 26
1984 , 85.00 , 200.00 , 89.25 , 26
1985 , 86.50 , 200.00 , 89.25 , 26
1986 , 88.00 , 200.00 , 89.25 , 26
1987 , 89.25 , 200.00 , 89.25 , 26
1988 , 89.75 , 200.00 , 89.25 , 26
1989 , 91.25 , 200.00 , 89.25 , 26
1990 , 92.00 , 200.00 , 89.25 , 26
1991 , 93.00 , 200.00 , 89.25 , 26
1992 , 93.75 , 200.00 , 89.25 , 26
1993 , 94.75 , 200.00 , 89.25 , 26
1994 , 96.00 , 200.00 , 89.25 , 26
Denaturing DNA Now
1995 , 97.00 , 178.50 , 89.25 , 26
1996 , 97.00 , 155.50 , 89.25 , 26
1997 , 97.75 , 152.50 , 89.25 , 26
1998 , 97.50 , 133.38 , 89.25 , 26
1999 , 97.25 , 134.63 , 89.25 , 26
Going to Annealing Temperature
2000 , 97.00 , 134.63 , 89.25 , 26
2001 , 95.25 , 134.63 , 89.25 , 26
2002 , 92.25 , 134.63 , 89.25 , 26
2003 , 90.00 , 134.63 , 89.25 , 26
2004 , 86.75 , 134.63 , 89.25 , 26
2005 , 83.75 , 134.63 , 89.25 , 26
2006 , 81.50 , 134.63 , 89.25 , 26
2007 , 78.75 , 134.63 , 89.25 , 26
2008 , 76.25 , 134.63 , 89.25 , 26
2009 , 73.75 , 134.63 , 89.25 , 26
2010 , 71.75 , 134.63 , 89.25 , 26
2011 , 69.50 , 134.63 , 89.25 , 26
2012 , 67.00 , 134.63 , 89.25 , 26
2013 , 65.25 , 134.63 , 89.25 , 26
2014 , 63.75 , 134.63 , 89.25 , 26
2015 , 61.75 , 134.63 , 89.25 , 26
2016 , 60.00 , 134.63 , 89.25 , 26
2017 , 58.25 , 134.63 , 89.25 , 26
2018 , 57.00 , 134.63 , 89.25 , 26
2019 , 55.25 , 134.63 , 89.25 , 26
2020 , 54.00 , 134.63 , 89.25 , 26
Annealing DNA Now
2021 , 52.75 , 134.63 , 80.00 , 26
2022 , 51.50 , 134.63 , 100.00 , 26
2023 , 51.00 , 134.63 , 100.00 , 26
2024 , 51.25 , 134.63 , 100.00 , 26
2025 , 50.75 , 134.63 , 100.00 , 26
2026 , 51.25 , 134.63 , 100.00 , 26
2027 , 51.50 , 134.63 , 100.00 , 26
2028 , 52.00 , 134.63 , 100.00 , 26
2029 , 52.75 , 134.63 , 100.00 , 26
2030 , 53.25 , 134.63 , 100.00 , 26
Going to Extension Temperature
2031 , 54.00 , 200.00 , 100.00 , 26
2032 , 55.75 , 200.00 , 100.00 , 26
2033 , 57.00 , 200.00 , 100.00 , 26
2034 , 58.00 , 200.00 , 100.00 , 26
2035 , 59.75 , 200.00 , 100.00 , 26
2036 , 60.50 , 200.00 , 100.00 , 26
2037 , 62.00 , 200.00 , 100.00 , 26
2038 , 63.25 , 200.00 , 100.00 , 26
2039 , 64.00 , 200.00 , 100.00 , 26
2040 , 65.00 , 200.00 , 100.00 , 26
2041 , 66.00 , 200.00 , 100.00 , 26
2042 , 66.75 , 200.00 , 100.00 , 26
2043 , 68.00 , 200.00 , 100.00 , 26
2044 , 68.75 , 200.00 , 100.00 , 26
2045 , 69.50 , 200.00 , 100.00 , 26
2046 , 69.75 , 200.00 , 100.00 , 26
2047 , 71.25 , 200.00 , 100.00 , 26
Extending DNA Now
2048 , 71.50 , 200.00 , 100.00 , 26
2049 , 72.50 , 200.00 , 100.00 , 26
2050 , 72.75 , 189.25 , 100.00 , 26
2051 , 74.00 , 183.13 , 100.00 , 26
2052 , 74.25 , 155.13 , 100.00 , 26
2053 , 74.50 , 146.75 , 100.00 , 26
2054 , 74.50 , 138.00 , 100.00 , 26
2055 , 74.25 , 134.25 , 100.00 , 26
2056 , 74.00 , 135.88 , 100.00 , 26
2057 , 74.25 , 137.88 , 100.00 , 26
2058 , 74.25 , 129.50 , 100.00 , 26
2059 , 73.75 , 126.12 , 100.00 , 26
2060 , 74.25 , 133.50 , 100.00 , 26
2061 , 74.00 , 120.12 , 100.00 , 26
2062 , 74.00 , 122.12 , 100.00 , 26
2063 , 73.75 , 119.12 , 100.00 , 26
2064 , 73.75 , 121.50 , 100.00 , 26
2065 , 73.50 , 118.87 , 100.00 , 26
2066 , 73.50 , 121.62 , 100.00 , 26
2067 , 73.00 , 119.37 , 100.00 , 26
2068 , 73.00 , 119.37 , 100.00 , 26
Going to Denaturing Temperature
2069 , 72.75 , 200.00 , 100.00 , 27
2070 , 73.50 , 200.00 , 100.00 , 27
2071 , 75.25 , 200.00 , 100.00 , 27
2072 , 77.50 , 200.00 , 100.00 , 27
2073 , 78.75 , 200.00 , 100.00 , 27
2074 , 80.50 , 200.00 , 100.00 , 27
2075 , 82.25 , 200.00 , 100.00 , 27
2076 , 84.00 , 200.00 , 100.00 , 27
2077 , 85.00 , 200.00 , 100.00 , 27
2078 , 86.25 , 200.00 , 100.00 , 27
2079 , 88.00 , 200.00 , 100.00 , 27
2080 , 89.00 , 200.00 , 100.00 , 27
2081 , 90.50 , 200.00 , 100.00 , 27
2082 , 92.00 , 200.00 , 100.00 , 27
2083 , 93.00 , 200.00 , 100.00 , 27
2084 , 94.25 , 200.00 , 100.00 , 27
2085 , 95.75 , 200.00 , 100.00 , 27
Denaturing DNA Now
2086 , 96.75 , 183.88 , 100.00 , 27
2087 , 97.75 , 161.25 , 100.00 , 27
2088 , 98.25 , 137.13 , 100.00 , 27
2089 , 98.50 , 122.25 , 100.00 , 27
2090 , 98.50 , 112.00 , 100.00 , 27
Going to Annealing Temperature
2091 , 98.00 , 112.00 , 100.00 , 27
2092 , 96.50 , 112.00 , 100.00 , 27
2093 , 94.25 , 112.00 , 100.00 , 27
2094 , 91.25 , 112.00 , 100.00 , 27
2095 , 88.50 , 112.00 , 100.00 , 27
2096 , 85.75 , 112.00 , 100.00 , 27
2097 , 83.00 , 112.00 , 100.00 , 27
2098 , 80.50 , 112.00 , 100.00 , 27
2099 , 78.00 , 112.00 , 100.00 , 27
2100 , 75.50 , 112.00 , 100.00 , 27
2101 , 73.00 , 112.00 , 100.00 , 27
2102 , 70.50 , 112.00 , 100.00 , 27
2103 , 68.75 , 112.00 , 100.00 , 27
2104 , 66.25 , 112.00 , 100.00 , 27
2105 , 64.25 , 112.00 , 100.00 , 27
2106 , 62.50 , 112.00 , 100.00 , 27
2107 , 61.00 , 112.00 , 100.00 , 27
2108 , 59.25 , 112.00 , 100.00 , 27
2109 , 58.00 , 112.00 , 100.00 , 27
2110 , 56.25 , 112.00 , 100.00 , 27
2111 , 54.50 , 112.00 , 100.00 , 27
Annealing DNA Now
2112 , 53.50 , 112.00 , 70.00 , 27
2113 , 51.50 , 112.00 , 89.25 , 27
2114 , 52.00 , 112.00 , 100.00 , 27
2115 , 52.00 , 112.00 , 100.00 , 27
2116 , 52.00 , 112.00 , 100.00 , 27
2117 , 51.75 , 112.00 , 100.00 , 27
2118 , 52.00 , 112.00 , 100.00 , 27
2119 , 52.75 , 112.00 , 100.00 , 27
2120 , 53.25 , 112.00 , 100.00 , 27
2121 , 54.25 , 112.00 , 94.62 , 27
Going to Extension Temperature
2122 , 54.50 , 200.00 , 94.62 , 27
2123 , 56.00 , 200.00 , 94.62 , 27
2124 , 57.50 , 200.00 , 94.62 , 27
2125 , 58.75 , 200.00 , 94.62 , 27
2126 , 60.00 , 200.00 , 94.62 , 27
2127 , 61.00 , 200.00 , 94.62 , 27
2128 , 62.50 , 200.00 , 94.62 , 27
2129 , 63.25 , 200.00 , 94.62 , 27
2130 , 64.75 , 200.00 , 94.62 , 27
2131 , 65.50 , 200.00 , 94.62 , 27
2132 , 66.75 , 200.00 , 94.62 , 27
2133 , 67.50 , 200.00 , 94.62 , 27
2134 , 68.50 , 200.00 , 94.62 , 27
2135 , 69.25 , 200.00 , 94.62 , 27
2136 , 70.00 , 200.00 , 94.62 , 27
2137 , 70.75 , 200.00 , 94.62 , 27
Extending DNA Now
2138 , 71.50 , 200.00 , 94.62 , 27
2139 , 72.25 , 200.00 , 94.62 , 27
2140 , 73.00 , 194.63 , 94.62 , 27
2141 , 73.25 , 178.13 , 94.62 , 27
2142 , 74.00 , 171.25 , 94.62 , 27
2143 , 74.25 , 153.25 , 94.62 , 27
2144 , 74.25 , 144.88 , 94.62 , 27
2145 , 73.75 , 141.50 , 94.62 , 27
2146 , 74.25 , 148.88 , 94.62 , 27
2147 , 74.00 , 135.50 , 94.62 , 27
2148 , 74.25 , 137.50 , 94.62 , 27
2149 , 74.25 , 129.13 , 94.62 , 27
2150 , 74.00 , 125.75 , 94.62 , 27
2151 , 73.75 , 127.75 , 94.62 , 27
2152 , 73.75 , 130.13 , 94.62 , 27
2153 , 73.50 , 127.50 , 94.62 , 27
2154 , 73.50 , 130.25 , 94.62 , 27
2155 , 73.50 , 128.00 , 94.62 , 27
2156 , 73.00 , 125.75 , 94.62 , 27
2157 , 72.75 , 134.25 , 94.62 , 27
2158 , 73.25 , 134.25 , 94.62 , 27
Going to Denaturing Temperature
2160 , 73.50 , 200.00 , 94.62 , 28
2161 , 74.25 , 200.00 , 94.62 , 28
2162 , 76.25 , 200.00 , 94.62 , 28
2163 , 78.00 , 200.00 , 94.62 , 28
2164 , 79.75 , 200.00 , 94.62 , 28
2165 , 81.50 , 200.00 , 94.62 , 28
2166 , 82.50 , 200.00 , 94.62 , 28
2167 , 84.25 , 200.00 , 94.62 , 28
2168 , 85.25 , 200.00 , 94.62 , 28
2169 , 86.50 , 200.00 , 94.62 , 28
2170 , 87.75 , 200.00 , 94.62 , 28
2171 , 89.00 , 200.00 , 94.62 , 28
2172 , 89.50 , 200.00 , 94.62 , 28
2173 , 90.75 , 200.00 , 94.62 , 28
2174 , 91.50 , 200.00 , 94.62 , 28
2175 , 92.50 , 200.00 , 94.62 , 28
2176 , 93.00 , 200.00 , 94.62 , 28
2177 , 94.00 , 200.00 , 94.62 , 28
2178 , 94.75 , 200.00 , 94.62 , 28
2179 , 96.00 , 200.00 , 94.62 , 28
Denaturing DNA Now
2180 , 96.00 , 178.50 , 94.62 , 28
2181 , 97.75 , 177.00 , 94.62 , 28
2182 , 98.00 , 137.88 , 94.62 , 28
2183 , 98.25 , 128.38 , 94.62 , 28
2184 , 98.00 , 118.50 , 94.62 , 28
Going to Annealing Temperature
2185 , 97.50 , 118.50 , 94.62 , 28
2186 , 95.75 , 118.50 , 94.62 , 28
2187 , 93.50 , 118.50 , 94.62 , 28
2188 , 90.50 , 118.50 , 94.62 , 28
2189 , 87.00 , 118.50 , 94.62 , 28
2190 , 85.25 , 118.50 , 94.62 , 28
2191 , 82.50 , 118.50 , 94.62 , 28
2192 , 79.50 , 118.50 , 94.62 , 28
2193 , 77.00 , 118.50 , 94.62 , 28
2194 , 75.00 , 118.50 , 94.62 , 28
2195 , 72.25 , 118.50 , 94.62 , 28
2196 , 70.50 , 118.50 , 94.62 , 28
2197 , 68.25 , 118.50 , 94.62 , 28
2198 , 65.75 , 118.50 , 94.62 , 28
2199 , 63.50 , 118.50 , 94.62 , 28
2200 , 62.00 , 118.50 , 94.62 , 28
2201 , 60.75 , 118.50 , 94.62 , 28
2202 , 59.25 , 118.50 , 94.62 , 28
2203 , 57.00 , 118.50 , 94.62 , 28
2204 , 56.00 , 118.50 , 94.62 , 28
2205 , 54.75 , 118.50 , 94.62 , 28
Annealing DNA Now
2206 , 52.50 , 118.50 , 65.00 , 28
2207 , 52.00 , 118.50 , 100.00 , 28
2208 , 51.25 , 118.50 , 100.00 , 28
2209 , 51.25 , 118.50 , 100.00 , 28
2210 , 51.75 , 118.50 , 100.00 , 28
2211 , 52.25 , 118.50 , 100.00 , 28
2212 , 52.25 , 118.50 , 100.00 , 28
2213 , 52.00 , 118.50 , 100.00 , 28
2214 , 53.00 , 118.50 , 100.00 , 28
2215 , 53.75 , 118.50 , 100.00 , 28
Going to Extension Temperature
2216 , 54.50 , 200.00 , 100.00 , 28
2217 , 56.00 , 200.00 , 100.00 , 28
2218 , 56.75 , 200.00 , 100.00 , 28
2219 , 58.25 , 200.00 , 100.00 , 28
2220 , 59.75 , 200.00 , 100.00 , 28
2221 , 60.75 , 200.00 , 100.00 , 28
2222 , 61.75 , 200.00 , 100.00 , 28
2223 , 63.25 , 200.00 , 100.00 , 28
2224 , 64.00 , 200.00 , 100.00 , 28
2225 , 64.00 , 200.00 , 100.00 , 28
2226 , 65.25 , 200.00 , 100.00 , 28
2227 , 66.75 , 200.00 , 100.00 , 28
2228 , 67.75 , 200.00 , 100.00 , 28
2229 , 68.25 , 200.00 , 100.00 , 28
2230 , 68.50 , 200.00 , 100.00 , 28
2231 , 69.50 , 200.00 , 100.00 , 28
2232 , 70.50 , 200.00 , 100.00 , 28
Extending DNA Now
2233 , 71.00 , 200.00 , 100.00 , 28
2234 , 71.25 , 200.00 , 100.00 , 28
2235 , 72.25 , 200.00 , 100.00 , 28
2236 , 72.75 , 194.63 , 100.00 , 28
2237 , 73.50 , 183.50 , 100.00 , 28
2238 , 73.75 , 166.25 , 100.00 , 28
2239 , 74.00 , 158.63 , 100.00 , 28
2240 , 74.25 , 150.63 , 100.00 , 28
2241 , 74.25 , 142.25 , 100.00 , 28
2242 , 74.25 , 138.88 , 100.00 , 28
2243 , 74.00 , 135.50 , 100.00 , 28
2244 , 73.75 , 137.50 , 100.00 , 28
2245 , 73.50 , 139.88 , 100.00 , 28
2246 , 73.25 , 142.63 , 100.00 , 28
2247 , 73.50 , 145.75 , 100.00 , 28
2248 , 73.25 , 138.50 , 100.00 , 28
2249 , 73.25 , 141.63 , 100.00 , 28
2250 , 73.25 , 139.75 , 100.00 , 28
2251 , 73.00 , 137.88 , 100.00 , 28
2252 , 73.00 , 141.38 , 100.00 , 28
2253 , 73.00 , 141.38 , 100.00 , 28
Going to Denaturing Temperature
2254 , 72.50 , 200.00 , 100.00 , 29
2255 , 73.50 , 200.00 , 100.00 , 29
2256 , 75.25 , 200.00 , 100.00 , 29
2257 , 77.00 , 200.00 , 100.00 , 29
2258 , 78.25 , 200.00 , 100.00 , 29
2259 , 80.00 , 200.00 , 100.00 , 29
2260 , 80.75 , 200.00 , 100.00 , 29
2261 , 82.50 , 200.00 , 100.00 , 29
2262 , 83.75 , 200.00 , 100.00 , 29
2263 , 84.50 , 200.00 , 100.00 , 29
2264 , 85.50 , 200.00 , 100.00 , 29
2265 , 87.00 , 200.00 , 100.00 , 29
2266 , 87.75 , 200.00 , 100.00 , 29
2267 , 89.50 , 200.00 , 100.00 , 29
2268 , 90.25 , 200.00 , 100.00 , 29
2269 , 91.25 , 200.00 , 100.00 , 29
2270 , 92.25 , 200.00 , 100.00 , 29
2271 , 93.00 , 200.00 , 100.00 , 29
2272 , 93.75 , 200.00 , 100.00 , 29
2273 , 94.75 , 200.00 , 100.00 , 29
2274 , 94.75 , 200.00 , 100.00 , 29
2275 , 95.75 , 200.00 , 100.00 , 29
Denaturing DNA Now
2276 , 96.25 , 183.88 , 100.00 , 29
2277 , 96.75 , 172.00 , 100.00 , 29
2278 , 96.50 , 159.38 , 100.00 , 29
2279 , 97.00 , 162.13 , 100.00 , 29
2280 , 97.00 , 149.13 , 100.00 , 29
Going to Annealing Temperature
2281 , 97.00 , 149.13 , 100.00 , 29
2282 , 95.25 , 149.13 , 100.00 , 29
2283 , 93.00 , 149.13 , 100.00 , 29
2284 , 90.00 , 149.13 , 100.00 , 29
2285 , 87.50 , 149.13 , 100.00 , 29
2286 , 84.75 , 149.13 , 100.00 , 29
2287 , 82.00 , 149.13 , 100.00 , 29
2288 , 79.25 , 149.13 , 100.00 , 29
2289 , 76.25 , 149.13 , 100.00 , 29
2290 , 74.50 , 149.13 , 100.00 , 29
2291 , 72.25 , 149.13 , 100.00 , 29
2292 , 69.50 , 149.13 , 100.00 , 29
2293 , 67.75 , 149.13 , 100.00 , 29
2294 , 66.00 , 149.13 , 100.00 , 29
2295 , 64.25 , 149.13 , 100.00 , 29
2296 , 62.25 , 149.13 , 100.00 , 29
2297 , 60.00 , 149.13 , 100.00 , 29
2298 , 58.75 , 149.13 , 100.00 , 29
2299 , 56.75 , 149.13 , 100.00 , 29
2300 , 55.75 , 149.13 , 100.00 , 29
2301 , 53.75 , 149.13 , 100.00 , 29
Annealing DNA Now
2302 , 53.00 , 149.13 , 85.00 , 29
2303 , 52.00 , 149.13 , 100.00 , 29
2304 , 51.75 , 149.13 , 100.00 , 29
2305 , 51.50 , 149.13 , 100.00 , 29
2306 , 51.75 , 149.13 , 100.00 , 29
2307 , 51.50 , 149.13 , 100.00 , 29
2308 , 51.75 , 149.13 , 100.00 , 29
2309 , 52.00 , 149.13 , 100.00 , 29
2310 , 52.75 , 149.13 , 100.00 , 29
2311 , 53.75 , 149.13 , 100.00 , 29
Going to Extension Temperature
2312 , 54.00 , 200.00 , 100.00 , 29
2313 , 55.00 , 200.00 , 100.00 , 29
2314 , 56.25 , 200.00 , 100.00 , 29
2315 , 57.75 , 200.00 , 100.00 , 29
2316 , 58.75 , 200.00 , 100.00 , 29
2317 , 60.25 , 200.00 , 100.00 , 29
2318 , 61.50 , 200.00 , 100.00 , 29
2319 , 62.00 , 200.00 , 100.00 , 29
2320 , 63.25 , 200.00 , 100.00 , 29
2321 , 64.50 , 200.00 , 100.00 , 29
2322 , 65.00 , 200.00 , 100.00 , 29
2323 , 66.00 , 200.00 , 100.00 , 29
2324 , 66.75 , 200.00 , 100.00 , 29
2325 , 67.50 , 200.00 , 100.00 , 29
2326 , 68.50 , 200.00 , 100.00 , 29
2327 , 69.25 , 200.00 , 100.00 , 29
2328 , 69.75 , 200.00 , 100.00 , 29
2329 , 70.50 , 200.00 , 100.00 , 29
Extending DNA Now
2330 , 70.50 , 200.00 , 100.00 , 29
2331 , 71.25 , 200.00 , 100.00 , 29
2332 , 72.25 , 200.00 , 100.00 , 29
2333 , 72.75 , 194.63 , 100.00 , 29
2334 , 73.25 , 183.50 , 100.00 , 29
2335 , 73.75 , 171.63 , 100.00 , 29
2336 , 74.25 , 159.00 , 100.00 , 29
2337 , 74.25 , 145.63 , 100.00 , 29
2338 , 74.00 , 142.25 , 100.00 , 29
2339 , 74.00 , 144.25 , 100.00 , 29
2340 , 74.00 , 141.25 , 100.00 , 29
2341 , 74.00 , 138.25 , 100.00 , 29
2342 , 73.50 , 135.25 , 100.00 , 29
2343 , 73.75 , 143.00 , 100.00 , 29
2344 , 73.25 , 135.38 , 100.00 , 29
2345 , 73.25 , 143.50 , 100.00 , 29
2346 , 73.25 , 141.63 , 100.00 , 29
2347 , 73.75 , 139.75 , 100.00 , 29
2348 , 73.50 , 127.12 , 100.00 , 29
2349 , 73.50 , 129.88 , 100.00 , 29
2350 , 73.00 , 129.88 , 100.00 , 29
Going to Denaturing Temperature
2351 , 72.75 , 200.00 , 100.00 , 30
2352 , 73.25 , 200.00 , 100.00 , 30
2353 , 75.25 , 200.00 , 100.00 , 30
2354 , 77.00 , 200.00 , 100.00 , 30
2355 , 77.75 , 200.00 , 100.00 , 30
2356 , 79.75 , 200.00 , 100.00 , 30
2357 , 81.00 , 200.00 , 100.00 , 30
2358 , 82.50 , 200.00 , 100.00 , 30
2359 , 83.25 , 200.00 , 100.00 , 30
2360 , 84.75 , 200.00 , 100.00 , 30
2361 , 86.25 , 200.00 , 100.00 , 30
2362 , 87.25 , 200.00 , 100.00 , 30
2363 , 87.75 , 200.00 , 100.00 , 30
2364 , 88.50 , 200.00 , 100.00 , 30
2365 , 90.00 , 200.00 , 100.00 , 30
2366 , 91.00 , 200.00 , 100.00 , 30
2367 , 91.75 , 200.00 , 100.00 , 30
2368 , 92.75 , 200.00 , 100.00 , 30
2369 , 93.50 , 200.00 , 100.00 , 30
2370 , 94.25 , 200.00 , 100.00 , 30
2371 , 94.75 , 200.00 , 100.00 , 30
2372 , 95.50 , 200.00 , 100.00 , 30
Denaturing DNA Now
2373 , 95.50 , 189.25 , 100.00 , 30
2374 , 96.75 , 188.50 , 100.00 , 30
2375 , 97.00 , 160.88 , 100.00 , 30
2376 , 97.50 , 152.88 , 100.00 , 30
2377 , 97.00 , 139.13 , 100.00 , 30
Going to Annealing Temperature
2378 , 97.25 , 139.13 , 100.00 , 30
2379 , 95.50 , 139.13 , 100.00 , 30
2380 , 92.75 , 139.13 , 100.00 , 30
2381 , 89.75 , 139.13 , 100.00 , 30
2382 , 87.50 , 139.13 , 100.00 , 30
2383 , 84.75 , 139.13 , 100.00 , 30
2384 , 81.50 , 139.13 , 100.00 , 30
2385 , 79.25 , 139.13 , 100.00 , 30
2386 , 76.75 , 139.13 , 100.00 , 30
2387 , 73.75 , 139.13 , 100.00 , 30
2388 , 71.75 , 139.13 , 100.00 , 30
2389 , 70.00 , 139.13 , 100.00 , 30
2390 , 67.75 , 139.13 , 100.00 , 30
2391 , 65.25 , 139.13 , 100.00 , 30
2392 , 63.00 , 139.13 , 100.00 , 30
2393 , 61.75 , 139.13 , 100.00 , 30
2394 , 60.50 , 139.13 , 100.00 , 30
2395 , 58.25 , 139.13 , 100.00 , 30
2396 , 57.50 , 139.13 , 100.00 , 30
2397 , 55.50 , 139.13 , 100.00 , 30
2398 , 54.00 , 139.13 , 100.00 , 30
Annealing DNA Now
2399 , 52.75 , 139.13 , 80.00 , 30
2400 , 51.75 , 139.13 , 100.00 , 30
2401 , 51.75 , 139.13 , 100.00 , 30
2402 , 51.50 , 139.13 , 100.00 , 30
2403 , 51.75 , 139.13 , 100.00 , 30
2404 , 51.25 , 139.13 , 100.00 , 30
2405 , 51.75 , 139.13 , 100.00 , 30
2406 , 52.00 , 139.13 , 100.00 , 30
2407 , 52.75 , 139.13 , 100.00 , 30
2408 , 53.25 , 139.13 , 100.00 , 30
Going to Extension Temperature
2409 , 53.75 , 200.00 , 100.00 , 30
2410 , 54.75 , 200.00 , 100.00 , 30
2411 , 56.25 , 200.00 , 100.00 , 30
2412 , 57.25 , 200.00 , 100.00 , 30
2413 , 58.75 , 200.00 , 100.00 , 30
2414 , 59.75 , 200.00 , 100.00 , 30
2415 , 60.50 , 200.00 , 100.00 , 30
2416 , 61.50 , 200.00 , 100.00 , 30
2417 , 62.50 , 200.00 , 100.00 , 30
2418 , 63.75 , 200.00 , 100.00 , 30
2419 , 64.25 , 200.00 , 100.00 , 30
2420 , 65.00 , 200.00 , 100.00 , 30
2421 , 66.00 , 200.00 , 100.00 , 30
2422 , 66.25 , 200.00 , 100.00 , 30
2423 , 67.50 , 200.00 , 100.00 , 30
2424 , 68.50 , 200.00 , 100.00 , 30
2425 , 69.00 , 200.00 , 100.00 , 30
2426 , 69.25 , 200.00 , 100.00 , 30
2427 , 70.50 , 200.00 , 100.00 , 30
Extending DNA Now
2428 , 70.75 , 200.00 , 100.00 , 30
2429 , 71.25 , 200.00 , 100.00 , 30
2430 , 72.00 , 200.00 , 100.00 , 30
2431 , 72.00 , 200.00 , 100.00 , 30
2432 , 73.25 , 200.00 , 100.00 , 30
2433 , 73.50 , 173.13 , 100.00 , 30
2434 , 73.75 , 165.88 , 100.00 , 30
2435 , 73.75 , 158.25 , 100.00 , 30
2436 , 74.25 , 155.63 , 100.00 , 30
2437 , 74.00 , 142.25 , 100.00 , 30
2438 , 74.00 , 144.25 , 100.00 , 30
2439 , 74.00 , 141.25 , 100.00 , 30
2440 , 74.25 , 138.25 , 100.00 , 30
2441 , 74.00 , 129.88 , 100.00 , 30
2442 , 73.75 , 131.88 , 100.00 , 30
2443 , 73.50 , 134.25 , 100.00 , 30
2444 , 73.50 , 137.00 , 100.00 , 30
2445 , 73.25 , 134.75 , 100.00 , 30
2446 , 72.75 , 137.88 , 100.00 , 30
2447 , 73.25 , 146.75 , 100.00 , 30
2448 , 73.25 , 146.75 , 100.00 , 30
