Please wait for the temperature to reach 95
0 , 26.25 , 200.00 , 0.00 , 0
1 , 25.75 , 200.00 , 0.00 , 0
2 , 26.25 , 200.00 , 0.00 , 0
3 , 26.00 , 200.00 , 0.00 , 0
4 , 26.50 , 200.00 , 0.00 , 0
5 , 26.75 , 200.00 , 0.00 , 0
6 , 26.75 , 200.00 , 0.00 , 0
7 , 27.75 , 200.00 , 0.00 , 0
8 , 28.00 , 200.00 , 0.00 , 0
9 , 28.25 , 200.00 , 0.00 , 0
10 , 28.50 , 200.00 , 0.00 , 0
11 , 35.00 , 200.00 , 0.00 , 0
12 , 38.00 , 200.00 , 0.00 , 0
13 , 35.50 , 200.00 , 0.00 , 0
14 , 38.25 , 200.00 , 0.00 , 0
15 , 39.75 , 200.00 , 0.00 , 0
16 , 40.00 , 200.00 , 0.00 , 0
17 , 40.50 , 200.00 , 0.00 , 0
18 , 40.50 , 200.00 , 0.00 , 0
19 , 41.00 , 200.00 , 0.00 , 0
20 , 41.50 , 200.00 , 0.00 , 0
21 , 42.50 , 200.00 , 0.00 , 0
22 , 43.25 , 200.00 , 0.00 , 0
23 , 47.75 , 200.00 , 0.00 , 0
24 , 54.25 , 200.00 , 0.00 , 0
25 , 57.50 , 200.00 , 0.00 , 0
26 , 55.00 , 200.00 , 0.00 , 0
27 , 52.75 , 200.00 , 0.00 , 0
28 , 52.50 , 200.00 , 0.00 , 0
29 , 58.00 , 200.00 , 0.00 , 0
30 , 67.75 , 200.00 , 0.00 , 0
31 , 58.25 , 200.00 , 0.00 , 0
32 , 55.25 , 200.00 , 0.00 , 0
33 , 58.50 , 200.00 , 0.00 , 0
34 , 56.00 , 200.00 , 0.00 , 0
35 , 55.50 , 200.00 , 0.00 , 0
36 , 58.25 , 200.00 , 0.00 , 0
37 , 61.00 , 200.00 , 0.00 , 0
38 , 62.00 , 200.00 , 0.00 , 0
39 , 62.50 , 200.00 , 0.00 , 0
40 , 63.25 , 200.00 , 0.00 , 0
41 , 63.25 , 200.00 , 0.00 , 0
42 , 64.00 , 200.00 , 0.00 , 0
43 , 64.50 , 200.00 , 0.00 , 0
44 , 66.00 , 200.00 , 0.00 , 0
45 , 67.00 , 200.00 , 0.00 , 0
46 , 67.75 , 200.00 , 0.00 , 0
47 , 69.00 , 200.00 , 0.00 , 0
48 , 69.50 , 200.00 , 0.00 , 0
49 , 71.25 , 200.00 , 0.00 , 0
50 , 73.75 , 200.00 , 0.00 , 0
51 , 75.75 , 200.00 , 0.00 , 0
52 , 77.75 , 200.00 , 0.00 , 0
53 , 80.25 , 200.00 , 0.00 , 0
54 , 82.25 , 200.00 , 0.00 , 0
55 , 84.00 , 200.00 , 0.00 , 0
56 , 86.75 , 200.00 , 0.00 , 0
57 , 89.25 , 200.00 , 0.00 , 0
58 , 90.50 , 200.00 , 0.00 , 0
59 , 91.25 , 200.00 , 0.00 , 0
60 , 91.50 , 200.00 , 0.00 , 0
61 , 92.00 , 200.00 , 0.00 , 0
Temperature has reached 95, please wait 60s for the initial denaturing to complete
62 , 90.50 , 200.00 , 0.00 , 0
Initial Denaturing has completed, Amplification Loop will start now
Going to Denaturing Temperature
63 , 94.50 , 200.00 , 0.00 , 1
Denaturing DNA Now
64 , 95.75 , 146.25 , 0.00 , 1
65 , 96.50 , 115.62 , 0.00 , 1
66 , 96.75 , 93.87 , 0.00 , 1
67 , 96.00 , 81.75 , 0.00 , 1
68 , 95.00 , 90.75 , 0.00 , 1
Going to Annealing Temperature
69 , 94.00 , 90.75 , 0.00 , 1
70 , 92.50 , 90.75 , 0.00 , 1
71 , 90.75 , 90.75 , 0.00 , 1
72 , 87.50 , 90.75 , 0.00 , 1
73 , 84.75 , 90.75 , 0.00 , 1
74 , 82.50 , 90.75 , 0.00 , 1
75 , 79.25 , 90.75 , 0.00 , 1
76 , 76.75 , 90.75 , 0.00 , 1
77 , 74.75 , 90.75 , 0.00 , 1
78 , 72.50 , 90.75 , 0.00 , 1
79 , 70.25 , 90.75 , 0.00 , 1
80 , 67.75 , 90.75 , 0.00 , 1
81 , 65.25 , 90.75 , 0.00 , 1
82 , 64.00 , 90.75 , 0.00 , 1
83 , 62.00 , 90.75 , 0.00 , 1
84 , 60.25 , 90.75 , 0.00 , 1
85 , 58.50 , 90.75 , 0.00 , 1
86 , 57.25 , 90.75 , 0.00 , 1
87 , 55.50 , 90.75 , 0.00 , 1
88 , 54.00 , 90.75 , 0.00 , 1
89 , 52.75 , 90.75 , 0.00 , 1
90 , 51.25 , 90.75 , 0.00 , 1
Annealing DNA Now
91 , 50.00 , 90.75 , 75.00 , 1
92 , 49.00 , 90.75 , 100.00 , 1
93 , 48.75 , 90.75 , 100.00 , 1
94 , 48.75 , 90.75 , 100.00 , 1
95 , 49.25 , 90.75 , 100.00 , 1
96 , 49.50 , 90.75 , 100.00 , 1
97 , 50.25 , 90.75 , 100.00 , 1
98 , 50.50 , 90.75 , 94.62 , 1
99 , 51.50 , 90.75 , 88.87 , 1
100 , 52.25 , 90.75 , 66.62 , 1
Going to Extension Temperature
101 , 52.25 , 200.00 , 66.62 , 1
102 , 53.75 , 200.00 , 66.62 , 1
103 , 55.00 , 200.00 , 66.62 , 1
104 , 57.00 , 200.00 , 66.62 , 1
105 , 59.25 , 200.00 , 66.62 , 1
106 , 62.25 , 200.00 , 66.62 , 1
107 , 66.25 , 200.00 , 66.62 , 1
108 , 70.75 , 200.00 , 66.62 , 1
Extending DNA Now
109 , 73.75 , 162.38 , 66.62 , 1
110 , 77.50 , 95.25 , 66.62 , 1
111 , 79.00 , 7.50 , 66.62 , 1
112 , 78.75 , 0.00 , 66.62 , 1
113 , 77.25 , 0.00 , 66.62 , 1
114 , 75.00 , 0.00 , 66.62 , 1
115 , 74.50 , 6.50 , 66.62 , 1
116 , 73.00 , 8.25 , 66.62 , 1
117 , 71.50 , 32.25 , 66.62 , 1
118 , 71.00 , 58.50 , 66.62 , 1
119 , 69.50 , 65.50 , 66.62 , 1
120 , 68.75 , 94.75 , 66.62 , 1
121 , 68.75 , 110.12 , 66.62 , 1
122 , 68.25 , 110.50 , 66.62 , 1
123 , 68.75 , 121.62 , 66.62 , 1
124 , 69.50 , 112.00 , 66.62 , 1
125 , 70.50 , 96.25 , 66.62 , 1
126 , 71.00 , 74.00 , 66.62 , 1
127 , 72.25 , 61.00 , 66.62 , 1
128 , 72.25 , 31.12 , 66.62 , 1
129 , 72.25 , 31.12 , 66.62 , 1
Going to Denaturing Temperature
130 , 71.25 , 200.00 , 66.62 , 2
131 , 71.75 , 200.00 , 66.62 , 2
132 , 72.75 , 200.00 , 66.62 , 2
133 , 76.50 , 200.00 , 66.62 , 2
134 , 80.75 , 200.00 , 66.62 , 2
135 , 84.75 , 200.00 , 66.62 , 2
136 , 88.75 , 200.00 , 66.62 , 2
137 , 91.50 , 200.00 , 66.62 , 2
138 , 94.75 , 200.00 , 66.62 , 2
Denaturing DNA Now
139 , 98.25 , 140.88 , 66.62 , 2
140 , 98.25 , 61.50 , 66.62 , 2
141 , 97.25 , 52.13 , 66.62 , 2
142 , 95.25 , 64.25 , 66.62 , 2
143 , 94.00 , 99.37 , 66.62 , 2
Going to Annealing Temperature
144 , 93.00 , 99.37 , 66.62 , 2
145 , 91.75 , 99.37 , 66.62 , 2
146 , 89.50 , 99.37 , 66.62 , 2
147 , 86.75 , 99.37 , 66.62 , 2
148 , 84.25 , 99.37 , 66.62 , 2
149 , 81.25 , 99.37 , 66.62 , 2
150 , 79.00 , 99.37 , 66.62 , 2
151 , 77.00 , 99.37 , 66.62 , 2
152 , 74.25 , 99.37 , 66.62 , 2
153 , 71.75 , 99.37 , 66.62 , 2
154 , 69.50 , 99.37 , 66.62 , 2
155 , 67.50 , 99.37 , 66.62 , 2
156 , 65.50 , 99.37 , 66.62 , 2
157 , 63.50 , 99.37 , 66.62 , 2
158 , 60.75 , 99.37 , 66.62 , 2
159 , 59.75 , 99.37 , 66.62 , 2
160 , 58.00 , 99.37 , 66.62 , 2
161 , 56.50 , 99.37 , 66.62 , 2
162 , 55.25 , 99.37 , 66.62 , 2
163 , 53.00 , 99.37 , 66.62 , 2
164 , 51.75 , 99.37 , 66.62 , 2
Annealing DNA Now
165 , 50.50 , 99.37 , 65.00 , 2
166 , 49.00 , 99.37 , 89.25 , 2
167 , 49.00 , 99.37 , 100.00 , 2
168 , 49.50 , 99.37 , 100.00 , 2
169 , 50.00 , 99.37 , 100.00 , 2
170 , 50.75 , 99.37 , 100.00 , 2
171 , 51.00 , 99.37 , 83.87 , 2
172 , 51.25 , 99.37 , 77.37 , 2
173 , 51.75 , 99.37 , 70.50 , 2
174 , 53.00 , 99.37 , 57.88 , 2
Going to Extension Temperature
175 , 53.00 , 200.00 , 57.88 , 2
176 , 54.25 , 200.00 , 57.88 , 2
177 , 55.75 , 200.00 , 57.88 , 2
178 , 57.50 , 200.00 , 57.88 , 2
179 , 60.00 , 200.00 , 57.88 , 2
180 , 62.50 , 200.00 , 57.88 , 2
181 , 58.00 , 200.00 , 57.88 , 2
182 , 68.50 , 200.00 , 57.88 , 2
Extending DNA Now
183 , 74.50 , 200.00 , 57.88 , 2
184 , 78.25 , 81.75 , 57.88 , 2
185 , 79.50 , 0.00 , 57.88 , 2
186 , 79.75 , 0.00 , 57.88 , 2
187 , 78.75 , 0.00 , 57.88 , 2
188 , 77.25 , 0.00 , 57.88 , 2
189 , 75.00 , 0.00 , 57.88 , 2
190 , 74.25 , 0.00 , 57.88 , 2
191 , 73.50 , 0.00 , 57.88 , 2
192 , 72.25 , 5.38 , 57.88 , 2
193 , 70.50 , 25.50 , 57.88 , 2
194 , 70.50 , 58.25 , 57.88 , 2
195 , 69.25 , 56.00 , 57.88 , 2
196 , 68.75 , 80.62 , 57.88 , 2
197 , 68.25 , 91.00 , 57.88 , 2
198 , 67.75 , 102.12 , 57.88 , 2
199 , 68.00 , 114.00 , 57.88 , 2
200 , 68.50 , 110.50 , 57.88 , 2
201 , 69.50 , 101.25 , 57.88 , 2
202 , 70.00 , 80.50 , 57.88 , 2
203 , 70.50 , 80.50 , 57.88 , 2
Going to Denaturing Temperature
204 , 71.50 , 200.00 , 57.88 , 3
205 , 73.00 , 200.00 , 57.88 , 3
206 , 75.00 , 200.00 , 57.88 , 3
207 , 79.50 , 200.00 , 57.88 , 3
208 , 83.00 , 200.00 , 57.88 , 3
209 , 86.00 , 200.00 , 57.88 , 3
210 , 89.50 , 200.00 , 57.88 , 3
211 , 92.75 , 200.00 , 57.88 , 3
Denaturing DNA Now
212 , 95.25 , 183.88 , 57.88 , 3
213 , 98.00 , 129.00 , 57.88 , 3
214 , 99.25 , 65.00 , 57.88 , 3
215 , 98.75 , 29.12 , 57.88 , 3
216 , 96.75 , 29.00 , 57.88 , 3
Going to Annealing Temperature
217 , 95.25 , 29.00 , 57.88 , 3
218 , 92.75 , 29.00 , 57.88 , 3
219 , 90.50 , 29.00 , 57.88 , 3
220 , 88.00 , 29.00 , 57.88 , 3
221 , 85.25 , 29.00 , 57.88 , 3
222 , 82.75 , 29.00 , 57.88 , 3
223 , 80.00 , 29.00 , 57.88 , 3
224 , 77.25 , 29.00 , 57.88 , 3
225 , 75.00 , 29.00 , 57.88 , 3
226 , 73.25 , 29.00 , 57.88 , 3
227 , 70.75 , 29.00 , 57.88 , 3
228 , 68.50 , 29.00 , 57.88 , 3
229 , 65.75 , 29.00 , 57.88 , 3
230 , 64.00 , 29.00 , 57.88 , 3
231 , 62.75 , 29.00 , 57.88 , 3
232 , 61.00 , 29.00 , 57.88 , 3
233 , 59.00 , 29.00 , 57.88 , 3
234 , 57.50 , 29.00 , 57.88 , 3
235 , 55.75 , 29.00 , 57.88 , 3
236 , 54.50 , 29.00 , 57.88 , 3
237 , 52.75 , 29.00 , 57.88 , 3
238 , 51.75 , 29.00 , 57.88 , 3
Annealing DNA Now
239 , 50.75 , 29.00 , 65.00 , 3
240 , 49.75 , 29.00 , 83.87 , 3
241 , 48.75 , 29.00 , 100.00 , 3
242 , 49.50 , 29.00 , 100.00 , 3
243 , 49.50 , 29.00 , 100.00 , 3
244 , 50.50 , 29.00 , 100.00 , 3
245 , 50.75 , 29.00 , 89.25 , 3
246 , 51.75 , 29.00 , 83.12 , 3
247 , 52.25 , 29.00 , 60.50 , 3
248 , 52.50 , 29.00 , 47.13 , 3
Going to Extension Temperature
249 , 52.50 , 200.00 , 47.13 , 3
250 , 53.50 , 200.00 , 47.13 , 3
251 , 55.00 , 200.00 , 47.13 , 3
252 , 57.25 , 200.00 , 47.13 , 3
253 , 60.50 , 200.00 , 47.13 , 3
254 , 64.75 , 200.00 , 47.13 , 3
255 , 69.00 , 200.00 , 47.13 , 3
Extending DNA Now
256 , 73.50 , 200.00 , 47.13 , 3
257 , 77.25 , 103.25 , 47.13 , 3
258 , 79.75 , 15.88 , 47.13 , 3
259 , 79.75 , 0.00 , 47.13 , 3
260 , 78.50 , 0.00 , 47.13 , 3
261 , 76.50 , 0.00 , 47.13 , 3
262 , 75.25 , 0.00 , 47.13 , 3
263 , 74.50 , 0.00 , 47.13 , 3
264 , 73.25 , 0.00 , 47.13 , 3
265 , 72.00 , 14.13 , 47.13 , 3
266 , 71.00 , 34.63 , 47.13 , 3
267 , 70.25 , 51.63 , 47.13 , 3
268 , 69.00 , 64.75 , 47.13 , 3
269 , 68.25 , 89.75 , 47.13 , 3
270 , 68.25 , 105.87 , 47.13 , 3
271 , 67.75 , 107.00 , 47.13 , 3
272 , 68.50 , 118.87 , 47.13 , 3
273 , 69.25 , 104.62 , 47.13 , 3
274 , 70.25 , 89.25 , 47.13 , 3
275 , 71.75 , 67.37 , 47.13 , 3
276 , 72.50 , 67.37 , 47.13 , 3
Going to Denaturing Temperature
277 , 72.00 , 200.00 , 47.13 , 4
278 , 73.00 , 200.00 , 47.13 , 4
279 , 75.75 , 200.00 , 47.13 , 4
280 , 80.00 , 200.00 , 47.13 , 4
281 , 83.75 , 200.00 , 47.13 , 4
282 , 87.00 , 200.00 , 47.13 , 4
283 , 90.50 , 200.00 , 47.13 , 4
284 , 93.00 , 200.00 , 47.13 , 4
Denaturing DNA Now
285 , 95.50 , 178.50 , 47.13 , 4
286 , 98.50 , 123.25 , 47.13 , 4
287 , 99.75 , 53.50 , 47.13 , 4
288 , 98.75 , 16.87 , 47.13 , 4
289 , 96.75 , 26.75 , 47.13 , 4
Going to Annealing Temperature
290 , 94.50 , 26.75 , 47.13 , 4
291 , 92.50 , 26.75 , 47.13 , 4
292 , 89.50 , 26.75 , 47.13 , 4
293 , 87.75 , 26.75 , 47.13 , 4
294 , 84.50 , 26.75 , 47.13 , 4
295 , 82.25 , 26.75 , 47.13 , 4
296 , 79.50 , 26.75 , 47.13 , 4
297 , 77.50 , 26.75 , 47.13 , 4
298 , 75.00 , 26.75 , 47.13 , 4
299 , 72.75 , 26.75 , 47.13 , 4
300 , 70.25 , 26.75 , 47.13 , 4
301 , 68.00 , 26.75 , 47.13 , 4
302 , 65.75 , 26.75 , 47.13 , 4
303 , 64.00 , 26.75 , 47.13 , 4
304 , 62.25 , 26.75 , 47.13 , 4
305 , 60.00 , 26.75 , 47.13 , 4
306 , 59.00 , 26.75 , 47.13 , 4
307 , 57.00 , 26.75 , 47.13 , 4
308 , 55.25 , 26.75 , 47.13 , 4
309 , 54.00 , 26.75 , 47.13 , 4
310 , 53.25 , 26.75 , 47.13 , 4
311 , 51.75 , 26.75 , 47.13 , 4
Annealing DNA Now
312 , 50.25 , 26.75 , 65.00 , 4
313 , 49.00 , 26.75 , 94.62 , 4
314 , 49.00 , 26.75 , 100.00 , 4
315 , 49.50 , 26.75 , 100.00 , 4
316 , 49.75 , 26.75 , 100.00 , 4
317 , 50.25 , 26.75 , 100.00 , 4
318 , 51.00 , 26.75 , 94.62 , 4
319 , 51.75 , 26.75 , 78.12 , 4
320 , 52.25 , 26.75 , 60.50 , 4
321 , 52.50 , 26.75 , 47.13 , 4
Going to Extension Temperature
322 , 53.00 , 200.00 , 47.13 , 4
323 , 53.75 , 200.00 , 47.13 , 4
324 , 55.50 , 200.00 , 47.13 , 4
325 , 58.75 , 200.00 , 47.13 , 4
326 , 63.00 , 200.00 , 47.13 , 4
327 , 66.50 , 200.00 , 47.13 , 4
328 , 70.00 , 200.00 , 47.13 , 4
Extending DNA Now
329 , 74.25 , 178.50 , 47.13 , 4
330 , 78.50 , 85.62 , 47.13 , 4
331 , 80.00 , 0.00 , 47.13 , 4
332 , 79.50 , 0.00 , 47.13 , 4
333 , 78.50 , 0.00 , 47.13 , 4
334 , 76.50 , 0.00 , 47.13 , 4
335 , 75.50 , 0.00 , 47.13 , 4
336 , 74.25 , 0.00 , 47.13 , 4
337 , 73.00 , 0.00 , 47.13 , 4
338 , 71.75 , 15.00 , 47.13 , 4
339 , 70.75 , 35.88 , 47.13 , 4
340 , 69.75 , 53.25 , 47.13 , 4
341 , 69.00 , 72.12 , 47.13 , 4
342 , 68.25 , 87.12 , 47.13 , 4
343 , 68.00 , 103.25 , 47.13 , 4
344 , 68.25 , 109.75 , 47.13 , 4
345 , 69.25 , 105.87 , 47.13 , 4
346 , 70.00 , 85.50 , 47.13 , 4
347 , 71.25 , 69.00 , 47.13 , 4
348 , 71.75 , 40.63 , 47.13 , 4
349 , 71.25 , 40.63 , 47.13 , 4
Going to Denaturing Temperature
350 , 71.75 , 200.00 , 47.13 , 5
351 , 72.00 , 200.00 , 47.13 , 5
352 , 74.25 , 200.00 , 47.13 , 5
353 , 77.75 , 200.00 , 47.13 , 5
354 , 81.50 , 200.00 , 47.13 , 5
355 , 85.50 , 200.00 , 47.13 , 5
356 , 88.50 , 200.00 , 47.13 , 5
357 , 91.50 , 200.00 , 47.13 , 5
358 , 93.75 , 200.00 , 47.13 , 5
Denaturing DNA Now
359 , 96.75 , 162.38 , 47.13 , 5
360 , 98.25 , 95.25 , 47.13 , 5
361 , 99.00 , 55.88 , 47.13 , 5
362 , 98.00 , 30.37 , 47.13 , 5
363 , 96.25 , 41.38 , 47.13 , 5
Going to Annealing Temperature
364 , 94.50 , 41.38 , 47.13 , 5
365 , 92.25 , 41.38 , 47.13 , 5
366 , 90.50 , 41.38 , 47.13 , 5
367 , 87.50 , 41.38 , 47.13 , 5
368 , 85.25 , 41.38 , 47.13 , 5
369 , 82.75 , 41.38 , 47.13 , 5
370 , 80.25 , 41.38 , 47.13 , 5
371 , 77.50 , 41.38 , 47.13 , 5
372 , 75.25 , 41.38 , 47.13 , 5
373 , 72.75 , 41.38 , 47.13 , 5
374 , 70.50 , 41.38 , 47.13 , 5
375 , 68.00 , 41.38 , 47.13 , 5
376 , 66.50 , 41.38 , 47.13 , 5
377 , 64.00 , 41.38 , 47.13 , 5
378 , 62.75 , 41.38 , 47.13 , 5
379 , 60.75 , 41.38 , 47.13 , 5
380 , 59.00 , 41.38 , 47.13 , 5
381 , 57.50 , 41.38 , 47.13 , 5
382 , 55.50 , 41.38 , 47.13 , 5
383 , 54.50 , 41.38 , 47.13 , 5
384 , 53.00 , 41.38 , 47.13 , 5
385 , 51.75 , 41.38 , 47.13 , 5
Annealing DNA Now
386 , 50.25 , 41.38 , 65.00 , 5
387 , 49.50 , 41.38 , 94.62 , 5
388 , 49.50 , 41.38 , 100.00 , 5
389 , 49.25 , 41.38 , 100.00 , 5
390 , 49.75 , 41.38 , 100.00 , 5
391 , 50.50 , 41.38 , 100.00 , 5
392 , 51.50 , 41.38 , 89.25 , 5
393 , 51.75 , 41.38 , 67.00 , 5
394 , 52.50 , 41.38 , 59.38 , 5
395 , 52.75 , 41.38 , 40.63 , 5
Going to Extension Temperature
396 , 53.00 , 200.00 , 40.63 , 5
397 , 53.75 , 200.00 , 40.63 , 5
398 , 56.00 , 200.00 , 40.63 , 5
399 , 59.50 , 200.00 , 40.63 , 5
400 , 63.25 , 200.00 , 40.63 , 5
401 , 67.25 , 200.00 , 40.63 , 5
402 , 71.00 , 200.00 , 40.63 , 5
Extending DNA Now
403 , 75.00 , 157.00 , 40.63 , 5
404 , 78.25 , 68.00 , 40.63 , 5
405 , 79.50 , 0.00 , 40.63 , 5
406 , 79.00 , 0.00 , 40.63 , 5
407 , 77.50 , 0.00 , 40.63 , 5
409 , 76.25 , 0.00 , 40.63 , 5
410 , 74.75 , 0.00 , 40.63 , 5
411 , 73.50 , 0.00 , 40.63 , 5
412 , 72.25 , 14.38 , 40.63 , 5
413 , 71.00 , 34.50 , 40.63 , 5
414 , 70.00 , 56.50 , 40.63 , 5
415 , 69.25 , 75.00 , 40.63 , 5
416 , 68.00 , 89.62 , 40.63 , 5
417 , 68.75 , 116.12 , 40.63 , 5
418 , 69.50 , 101.50 , 40.63 , 5
419 , 70.25 , 85.75 , 40.63 , 5
420 , 71.50 , 68.87 , 40.63 , 5
421 , 71.75 , 40.13 , 40.63 , 5
422 , 72.00 , 31.00 , 40.63 , 5
423 , 71.25 , 31.00 , 40.63 , 5
Going to Denaturing Temperature
424 , 71.00 , 200.00 , 40.63 , 6
425 , 70.50 , 200.00 , 40.63 , 6
426 , 73.25 , 200.00 , 40.63 , 6
427 , 77.00 , 200.00 , 40.63 , 6
428 , 80.75 , 200.00 , 40.63 , 6
429 , 84.50 , 200.00 , 40.63 , 6
430 , 88.00 , 200.00 , 40.63 , 6
431 , 90.75 , 200.00 , 40.63 , 6
432 , 93.75 , 200.00 , 40.63 , 6
Denaturing DNA Now
433 , 96.25 , 162.38 , 40.63 , 6
434 , 97.50 , 106.00 , 40.63 , 6
435 , 98.50 , 72.75 , 40.63 , 6
436 , 97.75 , 43.00 , 40.63 , 6
437 , 96.25 , 49.38 , 40.63 , 6
Going to Annealing Temperature
438 , 95.00 , 49.38 , 40.63 , 6
439 , 92.50 , 49.38 , 40.63 , 6
440 , 90.75 , 49.38 , 40.63 , 6
441 , 88.25 , 49.38 , 40.63 , 6
442 , 85.50 , 49.38 , 40.63 , 6
443 , 83.00 , 49.38 , 40.63 , 6
444 , 80.50 , 49.38 , 40.63 , 6
445 , 77.50 , 49.38 , 40.63 , 6
446 , 75.00 , 49.38 , 40.63 , 6
447 , 72.50 , 49.38 , 40.63 , 6
448 , 70.75 , 49.38 , 40.63 , 6
449 , 68.25 , 49.38 , 40.63 , 6
450 , 66.75 , 49.38 , 40.63 , 6
451 , 64.50 , 49.38 , 40.63 , 6
452 , 62.75 , 49.38 , 40.63 , 6
453 , 60.75 , 49.38 , 40.63 , 6
454 , 59.00 , 49.38 , 40.63 , 6
455 , 57.00 , 49.38 , 40.63 , 6
456 , 55.50 , 49.38 , 40.63 , 6
457 , 54.75 , 49.38 , 40.63 , 6
458 , 53.00 , 49.38 , 40.63 , 6
459 , 52.00 , 49.38 , 40.63 , 6
Annealing DNA Now
460 , 50.75 , 49.38 , 60.00 , 6
461 , 49.50 , 49.38 , 83.87 , 6
462 , 49.25 , 49.38 , 100.00 , 6
463 , 49.00 , 49.38 , 100.00 , 6
464 , 49.75 , 49.38 , 100.00 , 6
465 , 50.25 , 49.38 , 100.00 , 6
466 , 51.25 , 49.38 , 94.62 , 6
467 , 51.75 , 49.38 , 72.75 , 6
468 , 52.75 , 49.38 , 60.13 , 6
469 , 53.00 , 49.38 , 36.00 , 6
Going to Extension Temperature
470 , 53.00 , 200.00 , 36.00 , 6
471 , 53.75 , 200.00 , 36.00 , 6
472 , 56.00 , 200.00 , 36.00 , 6
473 , 59.50 , 200.00 , 36.00 , 6
474 , 64.00 , 200.00 , 36.00 , 6
475 , 67.50 , 200.00 , 36.00 , 6
Extending DNA Now
476 , 70.75 , 200.00 , 36.00 , 6
477 , 74.75 , 162.38 , 36.00 , 6
478 , 77.75 , 73.75 , 36.00 , 6
479 , 79.00 , 0.63 , 36.00 , 6
480 , 78.00 , 0.00 , 36.00 , 6
481 , 77.00 , 0.00 , 36.00 , 6
482 , 76.00 , 0.00 , 36.00 , 6
483 , 74.50 , 0.00 , 36.00 , 6
484 , 73.25 , 6.38 , 36.00 , 6
485 , 71.25 , 25.00 , 36.00 , 6
486 , 71.00 , 61.63 , 36.00 , 6
487 , 69.50 , 63.63 , 36.00 , 6
488 , 69.25 , 92.87 , 36.00 , 6
489 , 69.00 , 97.50 , 36.00 , 6
490 , 68.75 , 102.50 , 36.00 , 6
491 , 69.75 , 107.87 , 36.00 , 6
492 , 71.00 , 86.75 , 36.00 , 6
493 , 72.00 , 58.75 , 36.00 , 6
494 , 72.50 , 34.25 , 36.00 , 6
495 , 72.25 , 19.00 , 36.00 , 6
496 , 71.50 , 19.00 , 36.00 , 6
Going to Denaturing Temperature
497 , 70.25 , 200.00 , 36.00 , 7
498 , 70.75 , 200.00 , 36.00 , 7
499 , 72.25 , 200.00 , 36.00 , 7
500 , 76.75 , 200.00 , 36.00 , 7
501 , 80.50 , 200.00 , 36.00 , 7
502 , 83.75 , 200.00 , 36.00 , 7
503 , 86.50 , 200.00 , 36.00 , 7
504 , 90.00 , 200.00 , 36.00 , 7
505 , 92.75 , 200.00 , 36.00 , 7
Denaturing DNA Now
506 , 94.50 , 183.88 , 36.00 , 7
507 , 97.50 , 145.13 , 36.00 , 7
508 , 98.75 , 76.87 , 36.00 , 7
509 , 98.50 , 41.75 , 36.00 , 7
510 , 97.00 , 37.00 , 36.00 , 7
Going to Annealing Temperature
511 , 95.00 , 37.00 , 36.00 , 7
512 , 93.25 , 37.00 , 36.00 , 7
513 , 90.75 , 37.00 , 36.00 , 7
514 , 88.00 , 37.00 , 36.00 , 7
515 , 85.50 , 37.00 , 36.00 , 7
516 , 83.00 , 37.00 , 36.00 , 7
517 , 80.00 , 37.00 , 36.00 , 7
518 , 77.75 , 37.00 , 36.00 , 7
519 , 75.00 , 37.00 , 36.00 , 7
520 , 73.00 , 37.00 , 36.00 , 7
521 , 70.75 , 37.00 , 36.00 , 7
522 , 68.75 , 37.00 , 36.00 , 7
523 , 66.50 , 37.00 , 36.00 , 7
524 , 64.50 , 37.00 , 36.00 , 7
525 , 62.50 , 37.00 , 36.00 , 7
526 , 60.75 , 37.00 , 36.00 , 7
527 , 59.50 , 37.00 , 36.00 , 7
528 , 57.50 , 37.00 , 36.00 , 7
529 , 56.50 , 37.00 , 36.00 , 7
530 , 54.50 , 37.00 , 36.00 , 7
531 , 53.00 , 37.00 , 36.00 , 7
532 , 52.25 , 37.00 , 36.00 , 7
533 , 50.75 , 37.00 , 36.00 , 7
Annealing DNA Now
534 , 49.50 , 37.00 , 85.00 , 7
535 , 48.00 , 37.00 , 100.00 , 7
536 , 48.75 , 37.00 , 100.00 , 7
537 , 48.25 , 37.00 , 100.00 , 7
538 , 48.75 , 37.00 , 100.00 , 7
539 , 50.00 , 37.00 , 100.00 , 7
540 , 49.75 , 37.00 , 100.00 , 7
541 , 51.25 , 37.00 , 100.00 , 7
542 , 52.00 , 37.00 , 73.12 , 7
543 , 53.00 , 37.00 , 55.13 , 7
Going to Extension Temperature
544 , 53.25 , 200.00 , 55.13 , 7
545 , 54.50 , 200.00 , 55.13 , 7
546 , 56.75 , 200.00 , 55.13 , 7
547 , 61.25 , 200.00 , 55.13 , 7
548 , 64.75 , 200.00 , 55.13 , 7
549 , 68.25 , 200.00 , 55.13 , 7
Extending DNA Now
550 , 72.00 , 200.00 , 55.13 , 7
551 , 75.00 , 135.50 , 55.13 , 7
552 , 77.75 , 66.50 , 55.13 , 7
553 , 78.75 , 0.00 , 55.13 , 7
554 , 77.75 , 0.00 , 55.13 , 7
555 , 76.75 , 0.00 , 55.13 , 7
556 , 75.25 , 0.00 , 55.13 , 7
557 , 73.75 , 0.00 , 55.13 , 7
558 , 72.50 , 22.50 , 55.13 , 7
559 , 71.50 , 42.25 , 55.13 , 7
560 , 70.50 , 58.50 , 55.13 , 7
561 , 69.75 , 76.25 , 55.13 , 7
562 , 69.00 , 90.12 , 55.13 , 7
563 , 69.00 , 105.12 , 55.13 , 7
564 , 69.50 , 105.12 , 55.13 , 7
565 , 70.50 , 94.37 , 55.13 , 7
566 , 71.25 , 72.12 , 55.13 , 7
567 , 72.25 , 53.75 , 55.13 , 7
568 , 72.50 , 28.87 , 55.13 , 7
569 , 72.00 , 18.62 , 55.13 , 7
570 , 71.25 , 18.62 , 55.13 , 7
Going to Denaturing Temperature
571 , 70.00 , 200.00 , 55.13 , 8
572 , 70.25 , 200.00 , 55.13 , 8
573 , 71.50 , 200.00 , 55.13 , 8
574 , 76.00 , 200.00 , 55.13 , 8
575 , 79.50 , 200.00 , 55.13 , 8
576 , 82.75 , 200.00 , 55.13 , 8
577 , 85.75 , 200.00 , 55.13 , 8
578 , 88.75 , 200.00 , 55.13 , 8
579 , 91.25 , 200.00 , 55.13 , 8
580 , 93.50 , 200.00 , 55.13 , 8
Denaturing DNA Now
581 , 96.25 , 167.75 , 55.13 , 8
582 , 97.75 , 106.37 , 55.13 , 8
583 , 97.75 , 67.75 , 55.13 , 8
584 , 97.75 , 59.13 , 55.13 , 8
585 , 96.00 , 50.50 , 55.13 , 8
Going to Annealing Temperature
586 , 95.00 , 50.50 , 55.13 , 8
587 , 93.00 , 50.50 , 55.13 , 8
588 , 90.50 , 50.50 , 55.13 , 8
589 , 88.25 , 50.50 , 55.13 , 8
590 , 85.50 , 50.50 , 55.13 , 8
591 , 83.00 , 50.50 , 55.13 , 8
592 , 80.25 , 50.50 , 55.13 , 8
593 , 78.00 , 50.50 , 55.13 , 8
594 , 75.25 , 50.50 , 55.13 , 8
595 , 72.25 , 50.50 , 55.13 , 8
596 , 71.00 , 50.50 , 55.13 , 8
597 , 69.00 , 50.50 , 55.13 , 8
598 , 66.75 , 50.50 , 55.13 , 8
599 , 65.00 , 50.50 , 55.13 , 8
600 , 63.00 , 50.50 , 55.13 , 8
601 , 60.50 , 50.50 , 55.13 , 8
602 , 59.50 , 50.50 , 55.13 , 8
603 , 57.25 , 50.50 , 55.13 , 8
604 , 56.25 , 50.50 , 55.13 , 8
605 , 54.00 , 50.50 , 55.13 , 8
606 , 53.25 , 50.50 , 55.13 , 8
607 , 52.00 , 50.50 , 55.13 , 8
Annealing DNA Now
608 , 50.75 , 50.50 , 60.00 , 8
609 , 49.25 , 50.50 , 83.87 , 8
610 , 49.25 , 50.50 , 100.00 , 8
611 , 49.50 , 50.50 , 100.00 , 8
612 , 50.00 , 50.50 , 100.00 , 8
613 , 50.25 , 50.50 , 100.00 , 8
614 , 51.00 , 50.50 , 94.62 , 8
615 , 52.25 , 50.50 , 78.12 , 8
616 , 52.50 , 50.50 , 49.75 , 8
617 , 52.75 , 50.50 , 41.00 , 8
Going to Extension Temperature
618 , 53.00 , 200.00 , 41.00 , 8
619 , 53.50 , 200.00 , 41.00 , 8
620 , 57.00 , 200.00 , 41.00 , 8
621 , 60.50 , 200.00 , 41.00 , 8
622 , 64.50 , 200.00 , 41.00 , 8
623 , 67.50 , 200.00 , 41.00 , 8
Extending DNA Now
624 , 71.50 , 200.00 , 41.00 , 8
625 , 75.25 , 146.25 , 41.00 , 8
626 , 78.25 , 61.88 , 41.00 , 8
627 , 78.75 , 0.00 , 41.00 , 8
628 , 78.25 , 0.00 , 41.00 , 8
629 , 77.25 , 0.00 , 41.00 , 8
630 , 76.00 , 0.00 , 41.00 , 8
631 , 73.75 , 0.00 , 41.00 , 8
632 , 73.25 , 19.50 , 41.00 , 8
633 , 72.25 , 23.12 , 41.00 , 8
634 , 70.50 , 38.25 , 41.00 , 8
635 , 70.25 , 71.00 , 41.00 , 8
636 , 69.75 , 74.12 , 41.00 , 8
637 , 69.00 , 83.00 , 41.00 , 8
638 , 69.25 , 98.00 , 41.00 , 8
639 , 70.25 , 92.62 , 41.00 , 8
640 , 70.75 , 70.75 , 41.00 , 8
641 , 71.25 , 58.13 , 41.00 , 8
642 , 71.50 , 44.75 , 41.00 , 8
643 , 71.00 , 36.00 , 41.00 , 8
644 , 70.75 , 36.00 , 41.00 , 8
Going to Denaturing Temperature
645 , 70.50 , 200.00 , 41.00 , 9
646 , 70.50 , 200.00 , 41.00 , 9
647 , 73.50 , 200.00 , 41.00 , 9
648 , 77.00 , 200.00 , 41.00 , 9
649 , 80.50 , 200.00 , 41.00 , 9
650 , 83.75 , 200.00 , 41.00 , 9
651 , 86.50 , 200.00 , 41.00 , 9
652 , 89.25 , 200.00 , 41.00 , 9
653 , 91.75 , 200.00 , 41.00 , 9
654 , 94.50 , 200.00 , 41.00 , 9
Denaturing DNA Now
655 , 96.50 , 146.25 , 41.00 , 9
656 , 98.00 , 99.50 , 41.00 , 9
657 , 98.00 , 60.50 , 41.00 , 9
658 , 96.75 , 51.50 , 41.00 , 9
659 , 95.50 , 69.37 , 41.00 , 9
Going to Annealing Temperature
660 , 94.25 , 69.37 , 41.00 , 9
661 , 93.00 , 69.37 , 41.00 , 9
662 , 90.50 , 69.37 , 41.00 , 9
663 , 88.00 , 69.37 , 41.00 , 9
664 , 84.50 , 69.37 , 41.00 , 9
665 , 82.75 , 69.37 , 41.00 , 9
666 , 80.00 , 69.37 , 41.00 , 9
667 , 77.75 , 69.37 , 41.00 , 9
668 , 75.25 , 69.37 , 41.00 , 9
669 , 72.75 , 69.37 , 41.00 , 9
670 , 70.25 , 69.37 , 41.00 , 9
671 , 68.25 , 69.37 , 41.00 , 9
672 , 66.50 , 69.37 , 41.00 , 9
673 , 64.00 , 69.37 , 41.00 , 9
674 , 62.75 , 69.37 , 41.00 , 9
675 , 60.75 , 69.37 , 41.00 , 9
676 , 59.25 , 69.37 , 41.00 , 9
677 , 57.00 , 69.37 , 41.00 , 9
678 , 55.75 , 69.37 , 41.00 , 9
679 , 54.25 , 69.37 , 41.00 , 9
680 , 53.50 , 69.37 , 41.00 , 9
681 , 51.00 , 69.37 , 41.00 , 9
Annealing DNA Now
682 , 50.25 , 69.37 , 80.00 , 9
683 , 49.75 , 69.37 , 94.62 , 9
684 , 49.75 , 69.37 , 100.00 , 9
685 , 49.50 , 69.37 , 100.00 , 9
686 , 49.75 , 69.37 , 100.00 , 9
687 , 50.75 , 69.37 , 100.00 , 9
688 , 51.25 , 69.37 , 83.87 , 9
689 , 52.00 , 69.37 , 72.00 , 9
690 , 52.00 , 69.37 , 54.00 , 9
691 , 52.75 , 69.37 , 51.00 , 9
Going to Extension Temperature
692 , 53.00 , 200.00 , 51.00 , 9
693 , 54.00 , 200.00 , 51.00 , 9
694 , 56.25 , 200.00 , 51.00 , 9
695 , 60.00 , 200.00 , 51.00 , 9
696 , 64.50 , 200.00 , 51.00 , 9
697 , 68.25 , 200.00 , 51.00 , 9
Extending DNA Now
698 , 71.25 , 200.00 , 51.00 , 9
699 , 74.25 , 151.63 , 51.00 , 9
700 , 77.25 , 83.75 , 51.00 , 9
701 , 78.00 , 11.38 , 51.00 , 9
702 , 77.00 , 0.00 , 51.00 , 9
703 , 75.75 , 0.00 , 51.00 , 9
704 , 74.50 , 5.75 , 51.00 , 9
705 , 72.50 , 22.50 , 51.00 , 9
706 , 72.00 , 57.25 , 51.00 , 9
707 , 71.00 , 62.75 , 51.00 , 9
708 , 70.25 , 79.75 , 51.00 , 9
709 , 69.75 , 92.87 , 51.00 , 9
710 , 70.75 , 101.75 , 51.00 , 9
711 , 71.75 , 79.12 , 51.00 , 9
712 , 72.25 , 55.00 , 51.00 , 9
713 , 72.25 , 40.13 , 51.00 , 9
714 , 72.25 , 35.25 , 51.00 , 9
715 , 72.00 , 30.37 , 51.00 , 9
716 , 71.25 , 30.87 , 51.00 , 9
717 , 70.75 , 42.50 , 51.00 , 9
718 , 70.25 , 42.50 , 51.00 , 9
Going to Denaturing Temperature
719 , 69.50 , 200.00 , 51.00 , 10
720 , 70.00 , 200.00 , 51.00 , 10
721 , 72.50 , 200.00 , 51.00 , 10
722 , 76.50 , 200.00 , 51.00 , 10
723 , 79.75 , 200.00 , 51.00 , 10
724 , 83.50 , 200.00 , 51.00 , 10
725 , 85.75 , 200.00 , 51.00 , 10
726 , 88.75 , 200.00 , 51.00 , 10
727 , 91.75 , 200.00 , 51.00 , 10
728 , 93.50 , 200.00 , 51.00 , 10
Denaturing DNA Now
729 , 95.75 , 167.75 , 51.00 , 10
730 , 97.75 , 117.12 , 51.00 , 10
731 , 97.75 , 68.50 , 51.00 , 10
732 , 97.50 , 59.88 , 51.00 , 10
733 , 96.50 , 56.63 , 51.00 , 10
Going to Annealing Temperature
734 , 94.75 , 56.63 , 51.00 , 10
735 , 93.00 , 56.63 , 51.00 , 10
736 , 91.25 , 56.63 , 51.00 , 10
737 , 87.75 , 56.63 , 51.00 , 10
738 , 86.00 , 56.63 , 51.00 , 10
739 , 83.00 , 56.63 , 51.00 , 10
740 , 80.75 , 56.63 , 51.00 , 10
741 , 78.25 , 56.63 , 51.00 , 10
742 , 75.75 , 56.63 , 51.00 , 10
743 , 73.00 , 56.63 , 51.00 , 10
744 , 71.00 , 56.63 , 51.00 , 10
745 , 69.00 , 56.63 , 51.00 , 10
746 , 66.75 , 56.63 , 51.00 , 10
747 , 64.25 , 56.63 , 51.00 , 10
748 , 62.75 , 56.63 , 51.00 , 10
749 , 61.00 , 56.63 , 51.00 , 10
750 , 59.25 , 56.63 , 51.00 , 10
751 , 57.75 , 56.63 , 51.00 , 10
752 , 56.25 , 56.63 , 51.00 , 10
753 , 54.25 , 56.63 , 51.00 , 10
754 , 53.00 , 56.63 , 51.00 , 10
755 , 52.00 , 56.63 , 51.00 , 10
Annealing DNA Now
756 , 50.75 , 56.63 , 60.00 , 10
757 , 49.50 , 56.63 , 83.87 , 10
758 , 48.75 , 56.63 , 100.00 , 10
759 , 49.00 , 56.63 , 100.00 , 10
760 , 50.00 , 56.63 , 100.00 , 10
761 , 50.25 , 56.63 , 100.00 , 10
762 , 51.00 , 56.63 , 94.62 , 10
763 , 51.75 , 56.63 , 78.12 , 10
764 , 52.50 , 56.63 , 60.50 , 10
765 , 52.75 , 56.63 , 41.75 , 10
Going to Extension Temperature
766 , 53.25 , 200.00 , 41.75 , 10
767 , 54.50 , 200.00 , 41.75 , 10
768 , 56.75 , 200.00 , 41.75 , 10
769 , 60.50 , 200.00 , 41.75 , 10
770 , 65.00 , 200.00 , 41.75 , 10
771 , 68.00 , 200.00 , 41.75 , 10
Extending DNA Now
772 , 71.50 , 200.00 , 41.75 , 10
773 , 75.00 , 146.25 , 41.75 , 10
774 , 77.75 , 67.25 , 41.75 , 10
775 , 78.50 , 0.00 , 41.75 , 10
776 , 78.00 , 0.00 , 41.75 , 10
777 , 76.00 , 0.00 , 41.75 , 10
778 , 75.25 , 0.00 , 41.75 , 10
779 , 73.75 , 1.50 , 41.75 , 10
780 , 72.50 , 24.37 , 41.75 , 10
781 , 72.00 , 44.13 , 41.75 , 10
782 , 70.75 , 49.63 , 41.75 , 10
783 , 69.75 , 72.00 , 41.75 , 10
784 , 69.00 , 90.87 , 41.75 , 10
785 , 70.00 , 105.87 , 41.75 , 10
786 , 70.75 , 84.37 , 41.75 , 10
787 , 71.50 , 66.75 , 41.75 , 10
788 , 72.00 , 48.00 , 41.75 , 10
789 , 72.00 , 33.50 , 41.75 , 10
790 , 71.50 , 29.00 , 41.75 , 10
791 , 71.25 , 35.25 , 41.75 , 10
792 , 70.00 , 35.25 , 41.75 , 10
Going to Denaturing Temperature
793 , 70.00 , 200.00 , 41.75 , 11
794 , 70.50 , 200.00 , 41.75 , 11
795 , 72.75 , 200.00 , 41.75 , 11
796 , 76.50 , 200.00 , 41.75 , 11
797 , 79.50 , 200.00 , 41.75 , 11
798 , 83.00 , 200.00 , 41.75 , 11
799 , 85.25 , 200.00 , 41.75 , 11
800 , 88.75 , 200.00 , 41.75 , 11
801 , 91.25 , 200.00 , 41.75 , 11
802 , 94.00 , 200.00 , 41.75 , 11
Denaturing DNA Now
803 , 95.50 , 157.00 , 41.75 , 11
804 , 97.00 , 121.75 , 41.75 , 11
805 , 98.00 , 84.25 , 41.75 , 11
806 , 96.50 , 55.25 , 41.75 , 11
807 , 96.25 , 78.50 , 41.75 , 11
Going to Annealing Temperature
808 , 95.25 , 78.50 , 41.75 , 11
809 , 92.75 , 78.50 , 41.75 , 11
810 , 91.25 , 78.50 , 41.75 , 11
811 , 88.75 , 78.50 , 41.75 , 11
812 , 86.25 , 78.50 , 41.75 , 11
813 , 83.50 , 78.50 , 41.75 , 11
814 , 80.50 , 78.50 , 41.75 , 11
815 , 78.00 , 78.50 , 41.75 , 11
816 , 75.25 , 78.50 , 41.75 , 11
817 , 73.25 , 78.50 , 41.75 , 11
818 , 71.25 , 78.50 , 41.75 , 11
819 , 69.25 , 78.50 , 41.75 , 11
820 , 67.25 , 78.50 , 41.75 , 11
821 , 65.00 , 78.50 , 41.75 , 11
822 , 62.75 , 78.50 , 41.75 , 11
823 , 61.25 , 78.50 , 41.75 , 11
824 , 59.75 , 78.50 , 41.75 , 11
825 , 57.50 , 78.50 , 41.75 , 11
826 , 56.00 , 78.50 , 41.75 , 11
827 , 54.50 , 78.50 , 41.75 , 11
828 , 53.50 , 78.50 , 41.75 , 11
829 , 52.00 , 78.50 , 41.75 , 11
Annealing DNA Now
830 , 50.75 , 78.50 , 60.00 , 11
831 , 49.00 , 78.50 , 83.87 , 11
832 , 49.75 , 78.50 , 100.00 , 11
833 , 49.50 , 78.50 , 100.00 , 11
834 , 49.50 , 78.50 , 100.00 , 11
835 , 50.75 , 78.50 , 100.00 , 11
836 , 51.00 , 78.50 , 83.87 , 11
837 , 51.25 , 78.50 , 77.37 , 11
838 , 52.25 , 78.50 , 70.50 , 11
839 , 52.50 , 78.50 , 47.13 , 11
Going to Extension Temperature
840 , 53.25 , 200.00 , 47.13 , 11
841 , 53.75 , 200.00 , 47.13 , 11
842 , 56.50 , 200.00 , 47.13 , 11
843 , 61.25 , 200.00 , 47.13 , 11
844 , 64.25 , 200.00 , 47.13 , 11
845 , 67.75 , 200.00 , 47.13 , 11
Extending DNA Now
846 , 71.50 , 200.00 , 47.13 , 11
847 , 74.50 , 146.25 , 47.13 , 11
848 , 77.00 , 78.00 , 47.13 , 11
849 , 77.75 , 16.00 , 47.13 , 11
850 , 76.25 , 0.00 , 47.13 , 11
851 , 75.25 , 7.00 , 47.13 , 11
852 , 74.25 , 17.62 , 47.13 , 11
853 , 72.50 , 29.75 , 47.13 , 11
854 , 71.50 , 59.50 , 47.13 , 11
855 , 70.50 , 75.75 , 47.13 , 11
856 , 70.00 , 93.50 , 47.13 , 11
857 , 69.75 , 102.00 , 47.13 , 11
858 , 70.25 , 105.87 , 47.13 , 11
859 , 71.75 , 94.00 , 47.13 , 11
860 , 72.00 , 59.88 , 47.13 , 11
861 , 72.75 , 50.38 , 47.13 , 11
862 , 72.50 , 29.75 , 47.13 , 11
863 , 71.75 , 29.50 , 47.13 , 11
864 , 70.75 , 40.38 , 47.13 , 11
865 , 70.00 , 57.75 , 47.13 , 11
866 , 69.50 , 57.75 , 47.13 , 11
Going to Denaturing Temperature
867 , 69.00 , 200.00 , 47.13 , 12
869 , 69.75 , 200.00 , 47.13 , 12
870 , 71.75 , 200.00 , 47.13 , 12
871 , 75.75 , 200.00 , 47.13 , 12
872 , 79.00 , 200.00 , 47.13 , 12
873 , 81.50 , 200.00 , 47.13 , 12
874 , 84.50 , 200.00 , 47.13 , 12
875 , 87.00 , 200.00 , 47.13 , 12
876 , 89.50 , 200.00 , 47.13 , 12
877 , 91.25 , 200.00 , 47.13 , 12
878 , 94.00 , 200.00 , 47.13 , 12
Denaturing DNA Now
879 , 95.50 , 157.00 , 47.13 , 12
880 , 97.00 , 121.75 , 47.13 , 12
881 , 97.75 , 84.25 , 47.13 , 12
882 , 97.00 , 60.63 , 47.13 , 12
883 , 96.00 , 68.12 , 47.13 , 12
Going to Annealing Temperature
884 , 94.75 , 68.12 , 47.13 , 12
885 , 93.00 , 68.12 , 47.13 , 12
886 , 91.00 , 68.12 , 47.13 , 12
887 , 88.25 , 68.12 , 47.13 , 12
888 , 85.75 , 68.12 , 47.13 , 12
889 , 83.00 , 68.12 , 47.13 , 12
890 , 80.50 , 68.12 , 47.13 , 12
891 , 77.75 , 68.12 , 47.13 , 12
892 , 75.25 , 68.12 , 47.13 , 12
893 , 73.50 , 68.12 , 47.13 , 12
894 , 70.50 , 68.12 , 47.13 , 12
895 , 68.50 , 68.12 , 47.13 , 12
896 , 66.00 , 68.12 , 47.13 , 12
897 , 64.25 , 68.12 , 47.13 , 12
898 , 62.75 , 68.12 , 47.13 , 12
899 , 61.00 , 68.12 , 47.13 , 12
900 , 59.25 , 68.12 , 47.13 , 12
901 , 57.75 , 68.12 , 47.13 , 12
902 , 55.75 , 68.12 , 47.13 , 12
903 , 54.75 , 68.12 , 47.13 , 12
904 , 52.75 , 68.12 , 47.13 , 12
905 , 51.50 , 68.12 , 47.13 , 12
Annealing DNA Now
906 , 50.25 , 68.12 , 70.00 , 12
907 , 49.50 , 68.12 , 94.62 , 12
908 , 49.25 , 68.12 , 100.00 , 12
909 , 49.00 , 68.12 , 100.00 , 12
910 , 49.75 , 68.12 , 100.00 , 12
911 , 50.00 , 68.12 , 100.00 , 12
912 , 51.00 , 68.12 , 100.00 , 12
913 , 51.75 , 68.12 , 78.50 , 12
914 , 52.50 , 68.12 , 60.88 , 12
915 , 52.50 , 68.12 , 42.13 , 12
Going to Extension Temperature
916 , 53.50 , 200.00 , 42.13 , 12
917 , 54.00 , 200.00 , 42.13 , 12
918 , 56.75 , 200.00 , 42.13 , 12
919 , 60.75 , 200.00 , 42.13 , 12
920 , 64.25 , 200.00 , 42.13 , 12
921 , 68.00 , 200.00 , 42.13 , 12
Extending DNA Now
922 , 70.75 , 200.00 , 42.13 , 12
923 , 73.75 , 162.38 , 42.13 , 12
924 , 76.50 , 95.25 , 42.13 , 12
925 , 77.00 , 29.00 , 42.13 , 12
926 , 77.00 , 7.00 , 42.13 , 12
927 , 76.25 , 0.00 , 42.13 , 12
928 , 74.50 , 0.00 , 42.13 , 12
929 , 73.00 , 25.87 , 42.13 , 12
930 , 71.50 , 49.88 , 42.13 , 12
931 , 70.00 , 76.12 , 42.13 , 12
932 , 70.25 , 104.62 , 42.13 , 12
933 , 69.75 , 97.75 , 42.13 , 12
934 , 70.75 , 106.62 , 42.13 , 12
935 , 71.50 , 84.00 , 42.13 , 12
936 , 72.50 , 65.25 , 42.13 , 12
937 , 72.25 , 40.00 , 42.13 , 12
938 , 72.25 , 40.13 , 42.13 , 12
939 , 71.50 , 35.25 , 42.13 , 12
940 , 70.75 , 46.50 , 42.13 , 12
941 , 69.75 , 58.88 , 42.13 , 12
942 , 69.50 , 58.88 , 42.13 , 12
Going to Denaturing Temperature
943 , 68.50 , 200.00 , 42.13 , 13
944 , 69.50 , 200.00 , 42.13 , 13
945 , 72.25 , 200.00 , 42.13 , 13
946 , 76.00 , 200.00 , 42.13 , 13
947 , 78.75 , 200.00 , 42.13 , 13
948 , 82.00 , 200.00 , 42.13 , 13
949 , 84.25 , 200.00 , 42.13 , 13
950 , 86.50 , 200.00 , 42.13 , 13
951 , 89.25 , 200.00 , 42.13 , 13
952 , 91.00 , 200.00 , 42.13 , 13
953 , 93.50 , 200.00 , 42.13 , 13
Denaturing DNA Now
954 , 95.50 , 167.75 , 42.13 , 13
955 , 97.00 , 122.50 , 42.13 , 13
956 , 97.50 , 85.00 , 42.13 , 13
957 , 97.00 , 66.75 , 42.13 , 13
958 , 96.00 , 69.25 , 42.13 , 13
Going to Annealing Temperature
959 , 94.75 , 69.25 , 42.13 , 13
960 , 93.00 , 69.25 , 42.13 , 13
961 , 90.75 , 69.25 , 42.13 , 13
962 , 88.00 , 69.25 , 42.13 , 13
963 , 85.75 , 69.25 , 42.13 , 13
964 , 82.50 , 69.25 , 42.13 , 13
965 , 80.25 , 69.25 , 42.13 , 13
966 , 78.00 , 69.25 , 42.13 , 13
967 , 75.25 , 69.25 , 42.13 , 13
968 , 73.00 , 69.25 , 42.13 , 13
969 , 70.75 , 69.25 , 42.13 , 13
970 , 68.50 , 69.25 , 42.13 , 13
971 , 66.50 , 69.25 , 42.13 , 13
972 , 64.50 , 69.25 , 42.13 , 13
973 , 62.50 , 69.25 , 42.13 , 13
974 , 60.25 , 69.25 , 42.13 , 13
975 , 59.00 , 69.25 , 42.13 , 13
976 , 57.25 , 69.25 , 42.13 , 13
977 , 56.00 , 69.25 , 42.13 , 13
978 , 54.25 , 69.25 , 42.13 , 13
979 , 53.00 , 69.25 , 42.13 , 13
980 , 51.50 , 69.25 , 42.13 , 13
Annealing DNA Now
981 , 50.50 , 69.25 , 70.00 , 13
982 , 49.25 , 69.25 , 89.25 , 13
983 , 49.00 , 69.25 , 100.00 , 13
984 , 49.25 , 69.25 , 100.00 , 13
985 , 49.50 , 69.25 , 100.00 , 13
986 , 50.25 , 69.25 , 100.00 , 13
987 , 50.50 , 69.25 , 94.62 , 13
988 , 51.50 , 69.25 , 88.87 , 13
989 , 52.25 , 69.25 , 66.62 , 13
990 , 52.75 , 69.25 , 48.25 , 13
Going to Extension Temperature
991 , 53.00 , 200.00 , 48.25 , 13
992 , 54.00 , 200.00 , 48.25 , 13
993 , 56.50 , 200.00 , 48.25 , 13
994 , 61.25 , 200.00 , 48.25 , 13
995 , 64.00 , 200.00 , 48.25 , 13
996 , 67.75 , 200.00 , 48.25 , 13
Extending DNA Now
997 , 70.50 , 200.00 , 48.25 , 13
998 , 73.75 , 167.75 , 48.25 , 13
999 , 76.00 , 95.62 , 48.25 , 13
1000 , 77.00 , 40.13 , 48.25 , 13
1001 , 77.25 , 8.13 , 48.25 , 13
1002 , 75.75 , 0.00 , 48.25 , 13
1003 , 74.00 , 10.63 , 48.25 , 13
1004 , 73.00 , 38.13 , 48.25 , 13
1005 , 71.75 , 52.13 , 48.25 , 13
1006 , 71.00 , 73.00 , 48.25 , 13
1007 , 70.00 , 85.00 , 48.25 , 13
1008 , 69.75 , 103.50 , 48.25 , 13
1009 , 70.50 , 107.37 , 48.25 , 13
1010 , 71.50 , 90.12 , 48.25 , 13
1011 , 72.25 , 66.37 , 48.25 , 13
1012 , 72.25 , 46.50 , 48.25 , 13
1013 , 72.25 , 41.63 , 48.25 , 13
1014 , 71.50 , 36.75 , 48.25 , 13
1015 , 70.75 , 48.00 , 48.25 , 13
1016 , 70.00 , 60.38 , 48.25 , 13
1017 , 69.25 , 60.38 , 48.25 , 13
Going to Denaturing Temperature
1018 , 69.00 , 200.00 , 48.25 , 14
1019 , 69.25 , 200.00 , 48.25 , 14
1020 , 72.50 , 200.00 , 48.25 , 14
1021 , 74.75 , 200.00 , 48.25 , 14
1022 , 78.50 , 200.00 , 48.25 , 14
1023 , 81.25 , 200.00 , 48.25 , 14
1024 , 83.50 , 200.00 , 48.25 , 14
1025 , 86.25 , 200.00 , 48.25 , 14
1026 , 88.25 , 200.00 , 48.25 , 14
1027 , 90.75 , 200.00 , 48.25 , 14
1028 , 92.50 , 200.00 , 48.25 , 14
Denaturing DNA Now
1029 , 94.50 , 189.25 , 48.25 , 14
1030 , 96.50 , 145.50 , 48.25 , 14
1031 , 97.25 , 98.75 , 48.25 , 14
1032 , 96.75 , 75.87 , 48.25 , 14
1033 , 96.25 , 78.75 , 48.25 , 14
Going to Annealing Temperature
1034 , 94.75 , 78.75 , 48.25 , 14
1035 , 93.25 , 78.75 , 48.25 , 14
1036 , 91.25 , 78.75 , 48.25 , 14
1037 , 88.00 , 78.75 , 48.25 , 14
1038 , 86.00 , 78.75 , 48.25 , 14
1039 , 83.75 , 78.75 , 48.25 , 14
1040 , 80.75 , 78.75 , 48.25 , 14
1041 , 78.00 , 78.75 , 48.25 , 14
1042 , 75.50 , 78.75 , 48.25 , 14
1043 , 73.50 , 78.75 , 48.25 , 14
1044 , 71.00 , 78.75 , 48.25 , 14
1045 , 69.00 , 78.75 , 48.25 , 14
1046 , 67.00 , 78.75 , 48.25 , 14
1047 , 64.75 , 78.75 , 48.25 , 14
1048 , 62.75 , 78.75 , 48.25 , 14
1049 , 60.75 , 78.75 , 48.25 , 14
1050 , 59.00 , 78.75 , 48.25 , 14
1051 , 57.75 , 78.75 , 48.25 , 14
1052 , 56.25 , 78.75 , 48.25 , 14
1053 , 54.75 , 78.75 , 48.25 , 14
1054 , 53.25 , 78.75 , 48.25 , 14
1055 , 52.25 , 78.75 , 48.25 , 14
1056 , 50.75 , 78.75 , 48.25 , 14
Annealing DNA Now
1057 , 49.25 , 78.75 , 85.00 , 14
1058 , 48.50 , 78.75 , 100.00 , 14
1059 , 48.50 , 78.75 , 100.00 , 14
1060 , 48.25 , 78.75 , 100.00 , 14
1061 , 49.00 , 78.75 , 100.00 , 14
1062 , 48.75 , 78.75 , 100.00 , 14
1063 , 50.00 , 78.75 , 100.00 , 14
1064 , 50.75 , 78.75 , 100.00 , 14
1065 , 51.00 , 78.75 , 83.87 , 14
1066 , 52.00 , 78.75 , 77.37 , 14
Going to Extension Temperature
1067 , 53.25 , 200.00 , 77.37 , 14
1068 , 54.50 , 200.00 , 77.37 , 14
1069 , 57.50 , 200.00 , 77.37 , 14
1070 , 61.25 , 200.00 , 77.37 , 14
1071 , 65.00 , 200.00 , 77.37 , 14
1072 , 68.00 , 200.00 , 77.37 , 14
Extending DNA Now
1073 , 71.00 , 200.00 , 77.37 , 14
1074 , 73.75 , 157.00 , 77.37 , 14
1075 , 76.00 , 94.87 , 77.37 , 14
1076 , 77.00 , 39.38 , 77.37 , 14
1077 , 76.00 , 7.38 , 77.37 , 14
1078 , 75.00 , 16.87 , 77.37 , 14
1079 , 73.75 , 27.87 , 77.37 , 14
1080 , 72.50 , 45.75 , 77.37 , 14
1081 , 71.25 , 65.50 , 77.37 , 14
1082 , 70.25 , 87.12 , 77.37 , 14
1083 , 70.25 , 105.25 , 77.37 , 14
1084 , 70.50 , 103.37 , 77.37 , 14
1085 , 71.25 , 96.12 , 77.37 , 14
1086 , 71.75 , 77.75 , 77.37 , 14
1087 , 72.00 , 63.63 , 77.37 , 14
1088 , 72.25 , 54.13 , 77.37 , 14
1089 , 71.75 , 44.25 , 77.37 , 14
1090 , 70.75 , 50.13 , 77.37 , 14
1091 , 70.75 , 67.50 , 77.37 , 14
1092 , 70.00 , 64.87 , 77.37 , 14
1093 , 69.75 , 64.87 , 77.37 , 14
Going to Denaturing Temperature
1094 , 69.50 , 200.00 , 77.37 , 15
1095 , 70.25 , 200.00 , 77.37 , 15
1096 , 73.00 , 200.00 , 77.37 , 15
1097 , 76.00 , 200.00 , 77.37 , 15
1098 , 78.25 , 200.00 , 77.37 , 15
1099 , 81.25 , 200.00 , 77.37 , 15
1100 , 83.75 , 200.00 , 77.37 , 15
1101 , 86.00 , 200.00 , 77.37 , 15
1102 , 87.50 , 200.00 , 77.37 , 15
1103 , 90.00 , 200.00 , 77.37 , 15
1104 , 92.00 , 200.00 , 77.37 , 15
Denaturing DNA Now
1105 , 93.50 , 200.00 , 77.37 , 15
1106 , 95.25 , 167.75 , 77.37 , 15
1107 , 96.75 , 127.87 , 77.37 , 15
1108 , 97.25 , 90.75 , 77.37 , 15
1109 , 96.75 , 72.87 , 77.37 , 15
Going to Annealing Temperature
1110 , 95.50 , 72.87 , 77.37 , 15
1111 , 93.75 , 72.87 , 77.37 , 15
1112 , 91.25 , 72.87 , 77.37 , 15
1113 , 89.25 , 72.87 , 77.37 , 15
1114 , 86.25 , 72.87 , 77.37 , 15
1115 , 83.50 , 72.87 , 77.37 , 15
1116 , 81.00 , 72.87 , 77.37 , 15
1117 , 78.50 , 72.87 , 77.37 , 15
1118 , 75.25 , 72.87 , 77.37 , 15
1119 , 73.75 , 72.87 , 77.37 , 15
1120 , 71.25 , 72.87 , 77.37 , 15
1121 , 69.00 , 72.87 , 77.37 , 15
1122 , 66.75 , 72.87 , 77.37 , 15
1123 , 64.50 , 72.87 , 77.37 , 15
1124 , 63.00 , 72.87 , 77.37 , 15
1125 , 61.00 , 72.87 , 77.37 , 15
1126 , 59.50 , 72.87 , 77.37 , 15
1127 , 57.75 , 72.87 , 77.37 , 15
1128 , 56.25 , 72.87 , 77.37 , 15
1129 , 54.50 , 72.87 , 77.37 , 15
1130 , 53.25 , 72.87 , 77.37 , 15
1131 , 51.50 , 72.87 , 77.37 , 15
Annealing DNA Now
1132 , 51.00 , 72.87 , 70.00 , 15
1133 , 49.00 , 72.87 , 78.50 , 15
1134 , 49.25 , 72.87 , 100.00 , 15
1135 , 49.50 , 72.87 , 100.00 , 15
1136 , 49.75 , 72.87 , 100.00 , 15
1137 , 50.00 , 72.87 , 100.00 , 15
1138 , 50.25 , 72.87 , 100.00 , 15
1139 , 51.00 , 72.87 , 94.62 , 15
1140 , 51.50 , 72.87 , 78.12 , 15
1141 , 52.25 , 72.87 , 65.87 , 15
Going to Extension Temperature
1142 , 53.00 , 200.00 , 65.87 , 15
1143 , 54.50 , 200.00 , 65.87 , 15
1144 , 58.00 , 200.00 , 65.87 , 15
1145 , 61.25 , 200.00 , 65.87 , 15
1146 , 64.25 , 200.00 , 65.87 , 15
1147 , 67.75 , 200.00 , 65.87 , 15
Extending DNA Now
1148 , 70.00 , 200.00 , 65.87 , 15
1149 , 73.25 , 178.50 , 65.87 , 15
1150 , 75.50 , 107.12 , 65.87 , 15
1151 , 76.50 , 52.38 , 65.87 , 15
1152 , 76.75 , 21.12 , 65.87 , 15
1153 , 75.75 , 4.50 , 65.87 , 15
1154 , 74.50 , 14.38 , 65.87 , 15
1155 , 73.00 , 31.12 , 65.87 , 15
1156 , 71.75 , 55.13 , 65.87 , 15
1157 , 70.75 , 76.00 , 65.87 , 15
1158 , 70.00 , 93.37 , 65.87 , 15
1159 , 70.00 , 106.87 , 65.87 , 15
1160 , 70.50 , 105.37 , 65.87 , 15
1161 , 71.25 , 93.12 , 65.87 , 15
1162 , 71.50 , 74.75 , 65.87 , 15
1163 , 71.75 , 66.00 , 65.87 , 15
1164 , 71.75 , 56.88 , 65.87 , 15
1165 , 71.75 , 52.75 , 65.87 , 15
1166 , 71.00 , 48.63 , 65.87 , 15
1167 , 70.50 , 60.63 , 65.87 , 15
1168 , 70.25 , 60.63 , 65.87 , 15
Going to Denaturing Temperature
1169 , 69.50 , 200.00 , 65.87 , 16
1170 , 70.00 , 200.00 , 65.87 , 16
1171 , 73.25 , 200.00 , 65.87 , 16
1172 , 76.25 , 200.00 , 65.87 , 16
1173 , 79.00 , 200.00 , 65.87 , 16
1174 , 81.00 , 200.00 , 65.87 , 16
1175 , 83.75 , 200.00 , 65.87 , 16
1176 , 85.75 , 200.00 , 65.87 , 16
1177 , 87.75 , 200.00 , 65.87 , 16
1178 , 90.00 , 200.00 , 65.87 , 16
1179 , 91.50 , 200.00 , 65.87 , 16
1180 , 93.75 , 200.00 , 65.87 , 16
Denaturing DNA Now
1181 , 94.75 , 162.38 , 65.87 , 16
1182 , 96.75 , 138.25 , 65.87 , 16
1183 , 96.75 , 91.12 , 65.87 , 16
1184 , 96.50 , 84.00 , 65.87 , 16
1185 , 95.50 , 82.25 , 65.87 , 16
Going to Annealing Temperature
1186 , 95.00 , 82.25 , 65.87 , 16
1187 , 93.50 , 82.25 , 65.87 , 16
1188 , 90.75 , 82.25 , 65.87 , 16
1189 , 88.25 , 82.25 , 65.87 , 16
1190 , 85.50 , 82.25 , 65.87 , 16
1191 , 82.75 , 82.25 , 65.87 , 16
1192 , 80.50 , 82.25 , 65.87 , 16
1193 , 78.00 , 82.25 , 65.87 , 16
1194 , 75.50 , 82.25 , 65.87 , 16
1195 , 73.00 , 82.25 , 65.87 , 16
1196 , 71.00 , 82.25 , 65.87 , 16
1197 , 69.00 , 82.25 , 65.87 , 16
1198 , 67.00 , 82.25 , 65.87 , 16
1199 , 64.25 , 82.25 , 65.87 , 16
1200 , 62.75 , 82.25 , 65.87 , 16
1201 , 61.00 , 82.25 , 65.87 , 16
1202 , 59.25 , 82.25 , 65.87 , 16
1203 , 57.75 , 82.25 , 65.87 , 16
1204 , 56.25 , 82.25 , 65.87 , 16
1205 , 54.75 , 82.25 , 65.87 , 16
1206 , 53.25 , 82.25 , 65.87 , 16
1207 , 51.50 , 82.25 , 65.87 , 16
Annealing DNA Now
1208 , 50.50 , 82.25 , 70.00 , 16
1209 , 49.75 , 82.25 , 89.25 , 16
1210 , 48.75 , 82.25 , 100.00 , 16
1211 , 49.50 , 82.25 , 100.00 , 16
1212 , 49.25 , 82.25 , 100.00 , 16
1213 , 50.25 , 82.25 , 100.00 , 16
1214 , 50.25 , 82.25 , 94.62 , 16
1215 , 51.00 , 82.25 , 94.25 , 16
1216 , 51.50 , 82.25 , 77.75 , 16
1217 , 52.00 , 82.25 , 65.50 , 16
Going to Extension Temperature
1218 , 53.25 , 200.00 , 65.50 , 16
1219 , 54.50 , 200.00 , 65.50 , 16
1220 , 57.25 , 200.00 , 65.50 , 16
1221 , 60.50 , 200.00 , 65.50 , 16
1222 , 64.00 , 200.00 , 65.50 , 16
1223 , 67.00 , 200.00 , 65.50 , 16
1224 , 69.25 , 200.00 , 65.50 , 16
Extending DNA Now
1225 , 72.75 , 194.63 , 65.50 , 16
1226 , 74.50 , 119.00 , 65.50 , 16
1227 , 76.25 , 75.75 , 65.50 , 16
1228 , 76.50 , 29.87 , 65.50 , 16
1229 , 75.75 , 13.63 , 65.50 , 16
1230 , 74.50 , 18.50 , 65.50 , 16
1231 , 73.50 , 35.25 , 65.50 , 16
1232 , 72.00 , 48.50 , 65.50 , 16
1233 , 70.75 , 74.00 , 65.50 , 16
1234 , 70.00 , 96.37 , 65.50 , 16
1235 , 69.75 , 109.87 , 65.50 , 16
1236 , 70.75 , 113.75 , 65.50 , 16
1237 , 71.00 , 91.12 , 65.50 , 16
1238 , 72.25 , 83.12 , 65.50 , 16
1239 , 72.50 , 53.25 , 65.50 , 16
1240 , 72.25 , 43.00 , 65.50 , 16
1241 , 71.75 , 43.13 , 65.50 , 16
1242 , 70.75 , 49.00 , 65.50 , 16
1243 , 70.00 , 66.37 , 65.50 , 16
1244 , 70.00 , 79.87 , 65.50 , 16
1245 , 69.75 , 79.87 , 65.50 , 16
Going to Denaturing Temperature
1246 , 69.75 , 200.00 , 65.50 , 17
1247 , 70.75 , 200.00 , 65.50 , 17
1248 , 73.50 , 200.00 , 65.50 , 17
1249 , 76.50 , 200.00 , 65.50 , 17
1250 , 78.75 , 200.00 , 65.50 , 17
1251 , 81.75 , 200.00 , 65.50 , 17
1252 , 84.00 , 200.00 , 65.50 , 17
1253 , 86.25 , 200.00 , 65.50 , 17
1254 , 87.75 , 200.00 , 65.50 , 17
1255 , 90.00 , 200.00 , 65.50 , 17
1256 , 92.00 , 200.00 , 65.50 , 17
Denaturing DNA Now
1257 , 93.50 , 200.00 , 65.50 , 17
1258 , 95.25 , 167.75 , 65.50 , 17
1259 , 96.50 , 127.87 , 65.50 , 17
1260 , 96.75 , 96.12 , 65.50 , 17
1261 , 96.75 , 84.00 , 65.50 , 17
Going to Annealing Temperature
1262 , 95.50 , 84.00 , 65.50 , 17
1263 , 93.75 , 84.00 , 65.50 , 17
1264 , 92.00 , 84.00 , 65.50 , 17
1265 , 88.75 , 84.00 , 65.50 , 17
1266 , 86.00 , 84.00 , 65.50 , 17
1267 , 83.50 , 84.00 , 65.50 , 17
1268 , 80.75 , 84.00 , 65.50 , 17
1269 , 78.00 , 84.00 , 65.50 , 17
1270 , 75.75 , 84.00 , 65.50 , 17
1271 , 73.50 , 84.00 , 65.50 , 17
1272 , 71.00 , 84.00 , 65.50 , 17
1273 , 69.00 , 84.00 , 65.50 , 17
1274 , 67.00 , 84.00 , 65.50 , 17
1275 , 64.75 , 84.00 , 65.50 , 17
1276 , 63.00 , 84.00 , 65.50 , 17
1277 , 61.50 , 84.00 , 65.50 , 17
1278 , 59.75 , 84.00 , 65.50 , 17
1279 , 58.00 , 84.00 , 65.50 , 17
1280 , 56.25 , 84.00 , 65.50 , 17
1281 , 55.00 , 84.00 , 65.50 , 17
1282 , 53.00 , 84.00 , 65.50 , 17
1283 , 52.25 , 84.00 , 65.50 , 17
1284 , 50.75 , 84.00 , 65.50 , 17
Annealing DNA Now
1285 , 49.75 , 84.00 , 85.00 , 17
1286 , 48.75 , 84.00 , 100.00 , 17
1287 , 48.00 , 84.00 , 100.00 , 17
1288 , 48.00 , 84.00 , 100.00 , 17
1289 , 48.75 , 84.00 , 100.00 , 17
1290 , 49.25 , 84.00 , 100.00 , 17
1291 , 50.25 , 84.00 , 100.00 , 17
1292 , 50.00 , 84.00 , 94.62 , 17
1293 , 51.00 , 84.00 , 99.62 , 17
1294 , 51.25 , 84.00 , 78.12 , 17
Going to Extension Temperature
1295 , 52.50 , 200.00 , 78.12 , 17
1296 , 54.25 , 200.00 , 78.12 , 17
1297 , 57.50 , 200.00 , 78.12 , 17
1298 , 61.00 , 200.00 , 78.12 , 17
1299 , 63.75 , 200.00 , 78.12 , 17
1300 , 66.50 , 200.00 , 78.12 , 17
1301 , 68.75 , 200.00 , 78.12 , 17
Extending DNA Now
1302 , 72.00 , 200.00 , 78.12 , 17
1303 , 74.25 , 135.50 , 78.12 , 17
1304 , 75.50 , 82.62 , 78.12 , 17
1305 , 76.00 , 47.88 , 78.12 , 17
1306 , 76.00 , 27.37 , 78.12 , 17
1307 , 74.50 , 16.87 , 78.12 , 17
1308 , 73.50 , 38.63 , 78.12 , 17
1309 , 72.50 , 51.88 , 78.12 , 17
1310 , 71.50 , 66.62 , 78.12 , 17
1312 , 70.75 , 82.87 , 78.12 , 17
1313 , 70.75 , 95.25 , 78.12 , 17
1314 , 70.75 , 92.62 , 78.12 , 17
1315 , 71.00 , 90.00 , 78.12 , 17
1316 , 71.25 , 82.00 , 78.12 , 17
1317 , 71.75 , 73.62 , 78.12 , 17
1318 , 71.75 , 59.50 , 78.12 , 17
1319 , 71.50 , 55.38 , 78.12 , 17
1320 , 71.25 , 56.63 , 78.12 , 17
1321 , 70.75 , 58.25 , 78.12 , 17
1322 , 70.50 , 58.25 , 78.12 , 17
Going to Denaturing Temperature
1323 , 69.50 , 200.00 , 78.12 , 18
1324 , 70.50 , 200.00 , 78.12 , 18
1325 , 73.25 , 200.00 , 78.12 , 18
1326 , 76.00 , 200.00 , 78.12 , 18
1327 , 78.50 , 200.00 , 78.12 , 18
1328 , 80.75 , 200.00 , 78.12 , 18
1329 , 82.50 , 200.00 , 78.12 , 18
1330 , 84.75 , 200.00 , 78.12 , 18
1331 , 86.75 , 200.00 , 78.12 , 18
1332 , 89.00 , 200.00 , 78.12 , 18
1333 , 90.50 , 200.00 , 78.12 , 18
1334 , 92.25 , 200.00 , 78.12 , 18
Denaturing DNA Now
1335 , 93.75 , 194.63 , 78.12 , 18
1336 , 95.00 , 162.00 , 78.12 , 18
1337 , 96.00 , 132.50 , 78.12 , 18
1338 , 96.75 , 106.50 , 78.12 , 18
1339 , 96.25 , 84.37 , 78.12 , 18
Going to Annealing Temperature
1340 , 95.25 , 84.37 , 78.12 , 18
1341 , 93.75 , 84.37 , 78.12 , 18
1342 , 92.00 , 84.37 , 78.12 , 18
1343 , 89.00 , 84.37 , 78.12 , 18
1344 , 86.50 , 84.37 , 78.12 , 18
1345 , 83.75 , 84.37 , 78.12 , 18
1346 , 80.75 , 84.37 , 78.12 , 18
1347 , 78.50 , 84.37 , 78.12 , 18
1348 , 76.00 , 84.37 , 78.12 , 18
1349 , 73.75 , 84.37 , 78.12 , 18
1350 , 70.50 , 84.37 , 78.12 , 18
1351 , 69.00 , 84.37 , 78.12 , 18
1352 , 67.00 , 84.37 , 78.12 , 18
1353 , 65.00 , 84.37 , 78.12 , 18
1354 , 62.50 , 84.37 , 78.12 , 18
1355 , 61.25 , 84.37 , 78.12 , 18
1356 , 59.50 , 84.37 , 78.12 , 18
1357 , 57.75 , 84.37 , 78.12 , 18
1358 , 56.50 , 84.37 , 78.12 , 18
1359 , 55.25 , 84.37 , 78.12 , 18
1360 , 53.50 , 84.37 , 78.12 , 18
1361 , 52.25 , 84.37 , 78.12 , 18
1362 , 51.00 , 84.37 , 78.12 , 18
Annealing DNA Now
1363 , 49.25 , 84.37 , 80.00 , 18
1364 , 48.75 , 84.37 , 100.00 , 18
1365 , 48.50 , 84.37 , 100.00 , 18
1366 , 48.50 , 84.37 , 100.00 , 18
1367 , 48.75 , 84.37 , 100.00 , 18
1368 , 49.00 , 84.37 , 100.00 , 18
1369 , 49.75 , 84.37 , 100.00 , 18
1370 , 50.25 , 84.37 , 100.00 , 18
1371 , 50.75 , 84.37 , 94.62 , 18
1372 , 51.75 , 84.37 , 83.50 , 18
Going to Extension Temperature
1373 , 53.00 , 200.00 , 83.50 , 18
1374 , 54.00 , 200.00 , 83.50 , 18
1375 , 57.50 , 200.00 , 83.50 , 18
1376 , 60.75 , 200.00 , 83.50 , 18
1377 , 63.50 , 200.00 , 83.50 , 18
1378 , 66.25 , 200.00 , 83.50 , 18
1379 , 69.00 , 200.00 , 83.50 , 18
Extending DNA Now
1380 , 71.00 , 200.00 , 83.50 , 18
1381 , 73.75 , 157.00 , 83.50 , 18
1382 , 75.25 , 94.87 , 83.50 , 18
1383 , 76.50 , 55.50 , 83.50 , 18
1384 , 76.00 , 19.25 , 83.50 , 18
1385 , 75.00 , 18.75 , 83.50 , 18
1386 , 74.00 , 29.75 , 83.50 , 18
1387 , 72.50 , 42.25 , 83.50 , 18
1388 , 71.25 , 67.00 , 83.50 , 18
1389 , 71.00 , 88.62 , 83.50 , 18
1390 , 70.25 , 90.62 , 83.50 , 18
1391 , 70.75 , 103.75 , 83.50 , 18
1392 , 71.00 , 91.12 , 83.50 , 18
1393 , 71.25 , 83.12 , 83.50 , 18
1394 , 71.50 , 74.75 , 83.50 , 18
1395 , 71.50 , 66.00 , 83.50 , 18
1396 , 71.25 , 62.25 , 83.50 , 18
1397 , 71.50 , 63.88 , 83.50 , 18
1398 , 70.25 , 55.13 , 83.50 , 18
1399 , 70.00 , 78.25 , 83.50 , 18
1400 , 70.25 , 78.25 , 83.50 , 18
Going to Denaturing Temperature
1401 , 70.00 , 200.00 , 83.50 , 19
1402 , 70.50 , 200.00 , 83.50 , 19
1403 , 73.50 , 200.00 , 83.50 , 19
1404 , 75.50 , 200.00 , 83.50 , 19
1405 , 78.25 , 200.00 , 83.50 , 19
1406 , 80.25 , 200.00 , 83.50 , 19
1407 , 82.25 , 200.00 , 83.50 , 19
1408 , 84.75 , 200.00 , 83.50 , 19
1409 , 86.75 , 200.00 , 83.50 , 19
1410 , 87.75 , 200.00 , 83.50 , 19
1411 , 89.75 , 200.00 , 83.50 , 19
1412 , 91.75 , 200.00 , 83.50 , 19
1413 , 93.25 , 200.00 , 83.50 , 19
Denaturing DNA Now
1414 , 94.50 , 173.13 , 83.50 , 19
1415 , 95.75 , 144.38 , 83.50 , 19
1416 , 96.25 , 113.75 , 83.50 , 19
1417 , 96.25 , 97.37 , 83.50 , 19
1418 , 96.00 , 91.00 , 83.50 , 19
Going to Annealing Temperature
1419 , 95.50 , 91.00 , 83.50 , 19
1420 , 93.50 , 91.00 , 83.50 , 19
1421 , 91.75 , 91.00 , 83.50 , 19
1422 , 88.75 , 91.00 , 83.50 , 19
1423 , 86.25 , 91.00 , 83.50 , 19
1424 , 83.75 , 91.00 , 83.50 , 19
1425 , 81.00 , 91.00 , 83.50 , 19
1426 , 78.50 , 91.00 , 83.50 , 19
1427 , 76.00 , 91.00 , 83.50 , 19
1428 , 73.50 , 91.00 , 83.50 , 19
1429 , 71.00 , 91.00 , 83.50 , 19
1430 , 69.00 , 91.00 , 83.50 , 19
1431 , 67.25 , 91.00 , 83.50 , 19
1432 , 65.25 , 91.00 , 83.50 , 19
1433 , 62.75 , 91.00 , 83.50 , 19
1434 , 61.25 , 91.00 , 83.50 , 19
1435 , 59.75 , 91.00 , 83.50 , 19
1436 , 57.50 , 91.00 , 83.50 , 19
1437 , 56.50 , 91.00 , 83.50 , 19
1438 , 54.75 , 91.00 , 83.50 , 19
1439 , 53.50 , 91.00 , 83.50 , 19
1440 , 51.25 , 91.00 , 83.50 , 19
Annealing DNA Now
1441 , 51.25 , 91.00 , 75.00 , 19
1442 , 49.50 , 91.00 , 73.12 , 19
1443 , 49.25 , 91.00 , 100.00 , 19
1444 , 49.25 , 91.00 , 100.00 , 19
1445 , 49.75 , 91.00 , 100.00 , 19
1446 , 50.00 , 91.00 , 100.00 , 19
1447 , 49.75 , 91.00 , 100.00 , 19
1448 , 50.50 , 91.00 , 100.00 , 19
1449 , 51.00 , 91.00 , 89.25 , 19
1450 , 51.75 , 91.00 , 77.75 , 19
Going to Extension Temperature
1451 , 53.00 , 200.00 , 77.75 , 19
1452 , 54.50 , 200.00 , 77.75 , 19
1453 , 57.25 , 200.00 , 77.75 , 19
1454 , 60.75 , 200.00 , 77.75 , 19
1455 , 63.00 , 200.00 , 77.75 , 19
1456 , 65.75 , 200.00 , 77.75 , 19
1457 , 68.75 , 200.00 , 77.75 , 19
Extending DNA Now
1458 , 70.50 , 200.00 , 77.75 , 19
1459 , 73.25 , 167.75 , 77.75 , 19
1460 , 75.50 , 106.37 , 77.75 , 19
1461 , 76.25 , 51.63 , 77.75 , 19
1462 , 76.00 , 25.75 , 77.75 , 19
1463 , 75.00 , 20.25 , 77.75 , 19
1464 , 73.25 , 31.25 , 77.75 , 19
1465 , 72.50 , 59.88 , 77.75 , 19
1466 , 71.50 , 69.62 , 77.75 , 19
1467 , 71.25 , 85.87 , 77.75 , 19
1468 , 71.00 , 87.50 , 77.75 , 19
1469 , 70.75 , 89.50 , 77.75 , 19
1470 , 70.75 , 91.87 , 77.75 , 19
1471 , 71.25 , 89.25 , 77.75 , 19
1472 , 71.25 , 75.87 , 77.75 , 19
1473 , 71.50 , 72.50 , 77.75 , 19
1474 , 71.50 , 63.75 , 77.75 , 19
1475 , 71.25 , 60.00 , 77.75 , 19
1476 , 70.50 , 61.63 , 77.75 , 19
1477 , 70.75 , 74.37 , 77.75 , 19
1478 , 70.00 , 74.37 , 77.75 , 19
Going to Denaturing Temperature
1479 , 70.25 , 200.00 , 77.75 , 20
1480 , 71.00 , 200.00 , 77.75 , 20
1481 , 73.00 , 200.00 , 77.75 , 20
1482 , 76.25 , 200.00 , 77.75 , 20
1483 , 78.50 , 200.00 , 77.75 , 20
1484 , 80.75 , 200.00 , 77.75 , 20
1485 , 82.50 , 200.00 , 77.75 , 20
1486 , 84.25 , 200.00 , 77.75 , 20
1487 , 86.00 , 200.00 , 77.75 , 20
1488 , 87.75 , 200.00 , 77.75 , 20
1489 , 89.25 , 200.00 , 77.75 , 20
1490 , 90.50 , 200.00 , 77.75 , 20
1491 , 92.75 , 200.00 , 77.75 , 20
Denaturing DNA Now
1492 , 94.00 , 183.88 , 77.75 , 20
1493 , 95.25 , 155.88 , 77.75 , 20
1494 , 96.00 , 126.00 , 77.75 , 20
1495 , 96.00 , 105.00 , 77.75 , 20
1496 , 95.25 , 99.00 , 77.75 , 20
Going to Annealing Temperature
1497 , 95.00 , 99.00 , 77.75 , 20
1498 , 93.75 , 99.00 , 77.75 , 20
1499 , 91.50 , 99.00 , 77.75 , 20
1500 , 89.00 , 99.00 , 77.75 , 20
1501 , 86.00 , 99.00 , 77.75 , 20
1502 , 83.50 , 99.00 , 77.75 , 20
1503 , 81.00 , 99.00 , 77.75 , 20
1504 , 78.25 , 99.00 , 77.75 , 20
1505 , 75.75 , 99.00 , 77.75 , 20
1506 , 73.75 , 99.00 , 77.75 , 20
1507 , 71.50 , 99.00 , 77.75 , 20
1508 , 68.75 , 99.00 , 77.75 , 20
1509 , 67.00 , 99.00 , 77.75 , 20
1510 , 64.50 , 99.00 , 77.75 , 20
1511 , 63.00 , 99.00 , 77.75 , 20
1512 , 61.00 , 99.00 , 77.75 , 20
1513 , 59.50 , 99.00 , 77.75 , 20
1514 , 57.75 , 99.00 , 77.75 , 20
1515 , 56.25 , 99.00 , 77.75 , 20
1516 , 55.00 , 99.00 , 77.75 , 20
1517 , 53.00 , 99.00 , 77.75 , 20
1518 , 52.00 , 99.00 , 77.75 , 20
Annealing DNA Now
1519 , 51.00 , 99.00 , 60.00 , 20
1520 , 50.00 , 99.00 , 78.50 , 20
1521 , 49.25 , 99.00 , 98.50 , 20
1522 , 49.00 , 99.00 , 100.00 , 20
1523 , 49.00 , 99.00 , 100.00 , 20
1524 , 50.00 , 99.00 , 100.00 , 20
1525 , 50.25 , 99.00 , 100.00 , 20
1526 , 50.00 , 99.00 , 94.62 , 20
1527 , 51.00 , 99.00 , 99.62 , 20
1528 , 52.25 , 99.00 , 78.12 , 20
Going to Extension Temperature
1529 , 52.75 , 200.00 , 78.12 , 20
1530 , 54.50 , 200.00 , 78.12 , 20
1531 , 57.25 , 200.00 , 78.12 , 20
1532 , 60.50 , 200.00 , 78.12 , 20
1533 , 63.00 , 200.00 , 78.12 , 20
1534 , 65.75 , 200.00 , 78.12 , 20
1535 , 67.75 , 200.00 , 78.12 , 20
Extending DNA Now
1536 , 70.25 , 200.00 , 78.12 , 20
1537 , 72.75 , 173.13 , 78.12 , 20
1538 , 74.25 , 117.50 , 78.12 , 20
1539 , 75.75 , 79.62 , 78.12 , 20
1540 , 75.75 , 39.50 , 78.12 , 20
1541 , 75.00 , 29.37 , 78.12 , 20
1542 , 74.50 , 35.38 , 78.12 , 20
1543 , 73.25 , 37.13 , 78.12 , 20
1544 , 71.75 , 55.75 , 78.12 , 20
1545 , 71.00 , 81.62 , 78.12 , 20
1546 , 70.75 , 93.62 , 78.12 , 20
1547 , 70.75 , 96.00 , 78.12 , 20
1548 , 71.00 , 93.37 , 78.12 , 20
1549 , 71.00 , 85.37 , 78.12 , 20
1550 , 71.25 , 82.37 , 78.12 , 20
1551 , 71.50 , 74.00 , 78.12 , 20
1552 , 71.00 , 65.25 , 78.12 , 20
1553 , 71.50 , 72.25 , 78.12 , 20
1554 , 70.75 , 58.50 , 78.12 , 20
1555 , 70.50 , 70.87 , 78.12 , 20
1556 , 70.00 , 70.87 , 78.12 , 20
Going to Denaturing Temperature
1557 , 70.00 , 200.00 , 78.12 , 21
1558 , 70.25 , 200.00 , 78.12 , 21
1559 , 73.25 , 200.00 , 78.12 , 21
1560 , 75.50 , 200.00 , 78.12 , 21
1561 , 77.50 , 200.00 , 78.12 , 21
1562 , 79.75 , 200.00 , 78.12 , 21
1563 , 81.50 , 200.00 , 78.12 , 21
1564 , 83.75 , 200.00 , 78.12 , 21
1565 , 85.00 , 200.00 , 78.12 , 21
1566 , 87.00 , 200.00 , 78.12 , 21
1567 , 88.50 , 200.00 , 78.12 , 21
1568 , 90.00 , 200.00 , 78.12 , 21
1569 , 91.25 , 200.00 , 78.12 , 21
1570 , 92.50 , 200.00 , 78.12 , 21
Denaturing DNA Now
1571 , 94.25 , 189.25 , 78.12 , 21
1572 , 95.50 , 150.88 , 78.12 , 21
1573 , 96.50 , 120.62 , 78.12 , 21
1574 , 96.00 , 93.87 , 78.12 , 21
1575 , 95.75 , 97.87 , 78.12 , 21
Going to Annealing Temperature
1576 , 95.50 , 97.87 , 78.12 , 21
1577 , 93.75 , 97.87 , 78.12 , 21
1578 , 91.50 , 97.87 , 78.12 , 21
1579 , 88.50 , 97.87 , 78.12 , 21
1580 , 86.25 , 97.87 , 78.12 , 21
1581 , 83.50 , 97.87 , 78.12 , 21
1582 , 80.75 , 97.87 , 78.12 , 21
1583 , 78.50 , 97.87 , 78.12 , 21
1584 , 75.50 , 97.87 , 78.12 , 21
1585 , 73.25 , 97.87 , 78.12 , 21
1586 , 70.75 , 97.87 , 78.12 , 21
1587 , 69.25 , 97.87 , 78.12 , 21
1588 , 66.75 , 97.87 , 78.12 , 21
1589 , 64.50 , 97.87 , 78.12 , 21
1590 , 63.00 , 97.87 , 78.12 , 21
1591 , 61.00 , 97.87 , 78.12 , 21
1592 , 59.75 , 97.87 , 78.12 , 21
1593 , 58.00 , 97.87 , 78.12 , 21
1594 , 55.75 , 97.87 , 78.12 , 21
1595 , 54.50 , 97.87 , 78.12 , 21
1596 , 53.50 , 97.87 , 78.12 , 21
1597 , 52.00 , 97.87 , 78.12 , 21
Annealing DNA Now
1598 , 51.00 , 97.87 , 60.00 , 21
1599 , 49.50 , 97.87 , 78.50 , 21
1600 , 49.50 , 97.87 , 100.00 , 21
1601 , 49.25 , 97.87 , 100.00 , 21
1602 , 49.25 , 97.87 , 100.00 , 21
1603 , 50.00 , 97.87 , 100.00 , 21
1604 , 50.25 , 97.87 , 100.00 , 21
1605 , 50.25 , 97.87 , 94.62 , 21
1606 , 51.00 , 97.87 , 94.25 , 21
1607 , 51.75 , 97.87 , 77.75 , 21
Going to Extension Temperature
1608 , 52.75 , 200.00 , 77.75 , 21
1609 , 54.75 , 200.00 , 77.75 , 21
1610 , 57.00 , 200.00 , 77.75 , 21
1611 , 60.00 , 200.00 , 77.75 , 21
1612 , 62.75 , 200.00 , 77.75 , 21
1613 , 65.00 , 200.00 , 77.75 , 21
1614 , 67.50 , 200.00 , 77.75 , 21
Extending DNA Now
1615 , 69.75 , 200.00 , 77.75 , 21
1616 , 72.25 , 183.88 , 77.75 , 21
1617 , 73.75 , 129.00 , 77.75 , 21
1618 , 75.50 , 91.87 , 77.75 , 21
1619 , 76.25 , 47.13 , 77.75 , 21
1620 , 75.50 , 21.25 , 77.75 , 21
1621 , 74.25 , 26.50 , 77.75 , 21
1622 , 72.75 , 43.63 , 77.75 , 21
1623 , 71.50 , 68.00 , 77.75 , 21
1624 , 71.25 , 89.25 , 77.75 , 21
1625 , 70.75 , 90.87 , 77.75 , 21
1626 , 71.00 , 98.25 , 77.75 , 21
1627 , 71.25 , 90.25 , 77.75 , 21
1628 , 71.50 , 81.87 , 77.75 , 21
1629 , 71.75 , 73.12 , 77.75 , 21
1630 , 71.50 , 64.00 , 77.75 , 21
1631 , 71.25 , 65.25 , 77.75 , 21
1632 , 71.00 , 66.87 , 77.75 , 21
1633 , 70.75 , 68.87 , 77.75 , 21
1634 , 70.00 , 71.25 , 77.75 , 21
1635 , 70.50 , 71.25 , 77.75 , 21
Going to Denaturing Temperature
1636 , 70.00 , 200.00 , 77.75 , 22
1637 , 70.50 , 200.00 , 77.75 , 22
1638 , 73.00 , 200.00 , 77.75 , 22
1639 , 75.25 , 200.00 , 77.75 , 22
1640 , 77.25 , 200.00 , 77.75 , 22
1641 , 79.50 , 200.00 , 77.75 , 22
1642 , 81.25 , 200.00 , 77.75 , 22
1643 , 83.25 , 200.00 , 77.75 , 22
1644 , 84.50 , 200.00 , 77.75 , 22
1645 , 86.50 , 200.00 , 77.75 , 22
1646 , 88.25 , 200.00 , 77.75 , 22
1647 , 89.75 , 200.00 , 77.75 , 22
1648 , 90.50 , 200.00 , 77.75 , 22
1649 , 91.75 , 200.00 , 77.75 , 22
1650 , 93.75 , 200.00 , 77.75 , 22
Denaturing DNA Now
1651 , 94.75 , 162.38 , 77.75 , 22
1652 , 95.75 , 138.25 , 77.75 , 22
1653 , 96.00 , 112.62 , 77.75 , 22
1654 , 95.75 , 101.62 , 77.75 , 22
1655 , 95.50 , 101.00 , 77.75 , 22
Going to Annealing Temperature
1656 , 94.50 , 101.00 , 77.75 , 22
1657 , 93.50 , 101.00 , 77.75 , 22
1658 , 91.25 , 101.00 , 77.75 , 22
1659 , 88.75 , 101.00 , 77.75 , 22
1660 , 86.25 , 101.00 , 77.75 , 22
1661 , 83.00 , 101.00 , 77.75 , 22
1662 , 80.75 , 101.00 , 77.75 , 22
1663 , 78.25 , 101.00 , 77.75 , 22
1664 , 75.75 , 101.00 , 77.75 , 22
1665 , 73.25 , 101.00 , 77.75 , 22
1666 , 70.75 , 101.00 , 77.75 , 22
1667 , 69.00 , 101.00 , 77.75 , 22
1668 , 66.75 , 101.00 , 77.75 , 22
1669 , 64.50 , 101.00 , 77.75 , 22
1670 , 62.75 , 101.00 , 77.75 , 22
1671 , 61.25 , 101.00 , 77.75 , 22
1672 , 59.00 , 101.00 , 77.75 , 22
1673 , 57.50 , 101.00 , 77.75 , 22
1674 , 55.75 , 101.00 , 77.75 , 22
1675 , 54.50 , 101.00 , 77.75 , 22
1676 , 53.50 , 101.00 , 77.75 , 22
1677 , 52.00 , 101.00 , 77.75 , 22
Annealing DNA Now
1678 , 51.00 , 101.00 , 60.00 , 22
1679 , 49.75 , 101.00 , 78.50 , 22
1680 , 49.25 , 101.00 , 100.00 , 22
1681 , 49.50 , 101.00 , 100.00 , 22
1682 , 49.50 , 101.00 , 100.00 , 22
1683 , 49.75 , 101.00 , 100.00 , 22
1684 , 50.00 , 101.00 , 100.00 , 22
1685 , 50.50 , 101.00 , 100.00 , 22
1686 , 50.50 , 101.00 , 89.25 , 22
1687 , 51.25 , 101.00 , 88.50 , 22
Going to Extension Temperature
1688 , 53.00 , 200.00 , 88.50 , 22
1689 , 54.75 , 200.00 , 88.50 , 22
1690 , 57.00 , 200.00 , 88.50 , 22
1691 , 60.00 , 200.00 , 88.50 , 22
1692 , 62.00 , 200.00 , 88.50 , 22
1693 , 65.00 , 200.00 , 88.50 , 22
1694 , 68.00 , 200.00 , 88.50 , 22
Extending DNA Now
1695 , 70.00 , 200.00 , 88.50 , 22
1696 , 72.25 , 178.50 , 88.50 , 22
1697 , 73.50 , 128.63 , 88.50 , 22
1698 , 75.00 , 96.87 , 88.50 , 22
1699 , 75.25 , 57.88 , 88.50 , 22
1700 , 74.75 , 43.50 , 88.50 , 22
1701 , 73.75 , 44.88 , 88.50 , 22
1702 , 73.25 , 57.75 , 88.50 , 22
1703 , 72.25 , 61.38 , 88.50 , 22
1704 , 71.50 , 76.50 , 88.50 , 22
1705 , 71.25 , 87.75 , 88.50 , 22
1706 , 71.00 , 89.37 , 88.50 , 22
1707 , 71.25 , 91.37 , 88.50 , 22
1708 , 71.50 , 83.00 , 88.50 , 22
1709 , 71.00 , 74.25 , 88.50 , 22
1710 , 71.00 , 81.25 , 88.50 , 22
1711 , 71.00 , 78.25 , 88.50 , 22
1712 , 71.00 , 75.25 , 88.50 , 22
1713 , 70.75 , 72.25 , 88.50 , 22
1714 , 70.50 , 74.62 , 88.50 , 22
1715 , 70.75 , 74.62 , 88.50 , 22
Going to Denaturing Temperature
1716 , 70.75 , 200.00 , 88.50 , 23
1717 , 71.50 , 200.00 , 88.50 , 23
1718 , 73.75 , 200.00 , 88.50 , 23
1719 , 75.75 , 200.00 , 88.50 , 23
1720 , 77.75 , 200.00 , 88.50 , 23
1721 , 80.00 , 200.00 , 88.50 , 23
1722 , 81.25 , 200.00 , 88.50 , 23
1723 , 83.50 , 200.00 , 88.50 , 23
1724 , 85.25 , 200.00 , 88.50 , 23
1725 , 87.00 , 200.00 , 88.50 , 23
1726 , 88.00 , 200.00 , 88.50 , 23
1727 , 89.75 , 200.00 , 88.50 , 23
1728 , 91.50 , 200.00 , 88.50 , 23
1729 , 92.50 , 200.00 , 88.50 , 23
Denaturing DNA Now
1730 , 93.75 , 189.25 , 88.50 , 23
1731 , 94.75 , 161.63 , 88.50 , 23
1732 , 95.25 , 137.50 , 88.50 , 23
1733 , 95.75 , 122.62 , 88.50 , 23
1734 , 95.50 , 107.00 , 88.50 , 23
Going to Annealing Temperature
1735 , 94.75 , 107.00 , 88.50 , 23
1736 , 94.00 , 107.00 , 88.50 , 23
1737 , 91.50 , 107.00 , 88.50 , 23
1738 , 89.00 , 107.00 , 88.50 , 23
1739 , 86.25 , 107.00 , 88.50 , 23
1740 , 83.25 , 107.00 , 88.50 , 23
1741 , 80.50 , 107.00 , 88.50 , 23
1742 , 78.00 , 107.00 , 88.50 , 23
1743 , 76.00 , 107.00 , 88.50 , 23
1744 , 73.00 , 107.00 , 88.50 , 23
1745 , 71.00 , 107.00 , 88.50 , 23
1746 , 69.00 , 107.00 , 88.50 , 23
1747 , 66.75 , 107.00 , 88.50 , 23
1748 , 65.25 , 107.00 , 88.50 , 23
1749 , 63.00 , 107.00 , 88.50 , 23
1751 , 61.25 , 107.00 , 88.50 , 23
1752 , 59.25 , 107.00 , 88.50 , 23
1753 , 57.75 , 107.00 , 88.50 , 23
1754 , 56.25 , 107.00 , 88.50 , 23
1755 , 54.75 , 107.00 , 88.50 , 23
1756 , 53.75 , 107.00 , 88.50 , 23
1757 , 51.75 , 107.00 , 88.50 , 23
Annealing DNA Now
1758 , 51.25 , 107.00 , 65.00 , 23
1759 , 50.00 , 107.00 , 73.12 , 23
1760 , 49.50 , 107.00 , 98.12 , 23
1761 , 49.25 , 107.00 , 100.00 , 23
1762 , 49.00 , 107.00 , 100.00 , 23
1763 , 50.00 , 107.00 , 100.00 , 23
1764 , 49.50 , 107.00 , 100.00 , 23
1765 , 50.50 , 107.00 , 100.00 , 23
1766 , 50.50 , 107.00 , 89.25 , 23
1767 , 51.25 , 107.00 , 88.50 , 23
Going to Extension Temperature
1768 , 52.75 , 200.00 , 88.50 , 23
1769 , 54.25 , 200.00 , 88.50 , 23
1770 , 56.75 , 200.00 , 88.50 , 23
1771 , 59.25 , 200.00 , 88.50 , 23
1772 , 62.00 , 200.00 , 88.50 , 23
1773 , 64.75 , 200.00 , 88.50 , 23
1774 , 66.75 , 200.00 , 88.50 , 23
1775 , 68.75 , 200.00 , 88.50 , 23
Extending DNA Now
1776 , 71.25 , 200.00 , 88.50 , 23
1777 , 73.75 , 151.63 , 88.50 , 23
1778 , 74.75 , 94.50 , 88.50 , 23
1779 , 75.75 , 65.87 , 88.50 , 23
1780 , 74.50 , 35.75 , 88.50 , 23
1781 , 73.75 , 52.50 , 88.50 , 23
1782 , 73.50 , 60.38 , 88.50 , 23
1783 , 72.50 , 58.63 , 88.50 , 23
1784 , 72.25 , 73.37 , 88.50 , 23
1785 , 71.25 , 73.50 , 88.50 , 23
1786 , 71.00 , 90.12 , 88.50 , 23
1787 , 71.25 , 92.12 , 88.50 , 23
1788 , 70.75 , 83.75 , 88.50 , 23
1789 , 71.25 , 91.12 , 88.50 , 23
1790 , 71.25 , 77.75 , 88.50 , 23
1791 , 71.25 , 74.37 , 88.50 , 23
1792 , 70.75 , 71.00 , 88.50 , 23
1793 , 71.25 , 78.37 , 88.50 , 23
1794 , 71.00 , 65.00 , 88.50 , 23
1795 , 70.50 , 67.00 , 88.50 , 23
1796 , 70.25 , 67.00 , 88.50 , 23
Going to Denaturing Temperature
1797 , 70.00 , 200.00 , 88.50 , 24
1798 , 70.75 , 200.00 , 88.50 , 24
1799 , 72.50 , 200.00 , 88.50 , 24
1800 , 75.25 , 200.00 , 88.50 , 24
1801 , 77.25 , 200.00 , 88.50 , 24
1802 , 78.75 , 200.00 , 88.50 , 24
1803 , 81.25 , 200.00 , 88.50 , 24
1804 , 83.00 , 200.00 , 88.50 , 24
1805 , 84.50 , 200.00 , 88.50 , 24
1806 , 85.75 , 200.00 , 88.50 , 24
1807 , 87.00 , 200.00 , 88.50 , 24
1808 , 89.00 , 200.00 , 88.50 , 24
1809 , 90.50 , 200.00 , 88.50 , 24
1810 , 92.00 , 200.00 , 88.50 , 24
Denaturing DNA Now
1811 , 93.25 , 200.00 , 88.50 , 24
1812 , 94.25 , 173.13 , 88.50 , 24
1813 , 95.75 , 149.75 , 88.50 , 24
1814 , 95.50 , 114.12 , 88.50 , 24
1815 , 95.50 , 113.87 , 88.50 , 24
Going to Annealing Temperature
1816 , 95.00 , 113.87 , 88.50 , 24
1817 , 94.00 , 113.87 , 88.50 , 24
1818 , 91.50 , 113.87 , 88.50 , 24
1819 , 88.50 , 113.87 , 88.50 , 24
1820 , 86.25 , 113.87 , 88.50 , 24
1821 , 83.50 , 113.87 , 88.50 , 24
1822 , 80.50 , 113.87 , 88.50 , 24
1823 , 78.50 , 113.87 , 88.50 , 24
1824 , 76.00 , 113.87 , 88.50 , 24
1825 , 73.75 , 113.87 , 88.50 , 24
1826 , 71.25 , 113.87 , 88.50 , 24
1827 , 69.25 , 113.87 , 88.50 , 24
1828 , 67.25 , 113.87 , 88.50 , 24
1829 , 64.75 , 113.87 , 88.50 , 24
1830 , 63.50 , 113.87 , 88.50 , 24
1831 , 61.50 , 113.87 , 88.50 , 24
1832 , 59.75 , 113.87 , 88.50 , 24
1833 , 57.50 , 113.87 , 88.50 , 24
1834 , 56.25 , 113.87 , 88.50 , 24
1835 , 54.75 , 113.87 , 88.50 , 24
1836 , 53.75 , 113.87 , 88.50 , 24
1837 , 52.50 , 113.87 , 88.50 , 24
1838 , 50.50 , 113.87 , 88.50 , 24
Annealing DNA Now
1839 , 49.50 , 113.87 , 90.00 , 24
1840 , 49.00 , 113.87 , 100.00 , 24
1841 , 48.50 , 113.87 , 100.00 , 24
1842 , 49.00 , 113.87 , 100.00 , 24
1843 , 48.50 , 113.87 , 100.00 , 24
1844 , 48.75 , 113.87 , 100.00 , 24
1845 , 49.25 , 113.87 , 100.00 , 24
1846 , 50.25 , 113.87 , 100.00 , 24
1847 , 50.50 , 113.87 , 94.62 , 24
1848 , 51.75 , 113.87 , 88.87 , 24
Going to Extension Temperature
1849 , 52.25 , 200.00 , 88.87 , 24
1850 , 54.00 , 200.00 , 88.87 , 24
1851 , 56.50 , 200.00 , 88.87 , 24
1852 , 59.00 , 200.00 , 88.87 , 24
1853 , 62.25 , 200.00 , 88.87 , 24
1854 , 64.75 , 200.00 , 88.87 , 24
1855 , 66.75 , 200.00 , 88.87 , 24
1856 , 68.75 , 200.00 , 88.87 , 24
Extending DNA Now
1857 , 70.75 , 200.00 , 88.87 , 24
1858 , 72.50 , 162.38 , 88.87 , 24
1859 , 74.25 , 122.12 , 88.87 , 24
1860 , 75.00 , 79.25 , 88.87 , 24
1861 , 75.00 , 55.25 , 88.87 , 24
1862 , 74.75 , 46.25 , 88.87 , 24
1863 , 73.25 , 42.63 , 88.87 , 24
1864 , 72.75 , 66.25 , 88.87 , 24
1865 , 72.25 , 70.62 , 88.87 , 24
1866 , 71.50 , 75.75 , 88.87 , 24
1867 , 71.75 , 87.00 , 88.87 , 24
1868 , 71.00 , 77.87 , 88.87 , 24
1869 , 70.75 , 89.87 , 88.87 , 24
1870 , 70.75 , 92.25 , 88.87 , 24
1871 , 70.75 , 89.62 , 88.87 , 24
1872 , 71.50 , 87.00 , 88.87 , 24
1873 , 71.75 , 68.25 , 88.87 , 24
1874 , 71.25 , 59.13 , 88.87 , 24
1875 , 71.00 , 65.75 , 88.87 , 24
1876 , 70.50 , 67.75 , 88.87 , 24
1877 , 70.50 , 67.75 , 88.87 , 24
Going to Denaturing Temperature
1878 , 69.50 , 200.00 , 88.87 , 25
1879 , 70.00 , 200.00 , 88.87 , 25
1880 , 72.25 , 200.00 , 88.87 , 25
1881 , 74.50 , 200.00 , 88.87 , 25
1882 , 76.50 , 200.00 , 88.87 , 25
1883 , 78.50 , 200.00 , 88.87 , 25
1884 , 80.25 , 200.00 , 88.87 , 25
1885 , 82.00 , 200.00 , 88.87 , 25
1886 , 83.50 , 200.00 , 88.87 , 25
1887 , 85.50 , 200.00 , 88.87 , 25
1888 , 86.75 , 200.00 , 88.87 , 25
1889 , 88.50 , 200.00 , 88.87 , 25
1890 , 89.00 , 200.00 , 88.87 , 25
1891 , 91.00 , 200.00 , 88.87 , 25
1892 , 92.25 , 200.00 , 88.87 , 25
Denaturing DNA Now
1893 , 93.25 , 194.63 , 88.87 , 25
1894 , 94.75 , 172.75 , 88.87 , 25
1895 , 95.25 , 138.63 , 88.87 , 25
1896 , 95.75 , 123.75 , 88.87 , 25
1897 , 95.75 , 108.12 , 88.87 , 25
Going to Annealing Temperature
1898 , 95.00 , 108.12 , 88.87 , 25
1899 , 93.75 , 108.12 , 88.87 , 25
1900 , 91.50 , 108.12 , 88.87 , 25
1901 , 88.50 , 108.12 , 88.87 , 25
1902 , 86.25 , 108.12 , 88.87 , 25
1903 , 83.25 , 108.12 , 88.87 , 25
1904 , 80.50 , 108.12 , 88.87 , 25
1905 , 77.75 , 108.12 , 88.87 , 25
1906 , 75.00 , 108.12 , 88.87 , 25
1907 , 73.50 , 108.12 , 88.87 , 25
1908 , 71.25 , 108.12 , 88.87 , 25
1909 , 69.00 , 108.12 , 88.87 , 25
1910 , 67.00 , 108.12 , 88.87 , 25
1911 , 65.25 , 108.12 , 88.87 , 25
1912 , 63.00 , 108.12 , 88.87 , 25
1913 , 61.00 , 108.12 , 88.87 , 25
1914 , 59.75 , 108.12 , 88.87 , 25
1915 , 58.00 , 108.12 , 88.87 , 25
1916 , 56.25 , 108.12 , 88.87 , 25
1917 , 54.75 , 108.12 , 88.87 , 25
1918 , 53.50 , 108.12 , 88.87 , 25
1919 , 52.25 , 108.12 , 88.87 , 25
1920 , 51.00 , 108.12 , 88.87 , 25
Annealing DNA Now
1921 , 50.00 , 108.12 , 80.00 , 25
1922 , 48.50 , 108.12 , 100.00 , 25
1923 , 48.25 , 108.12 , 100.00 , 25
1924 , 48.50 , 108.12 , 100.00 , 25
1925 , 49.00 , 108.12 , 100.00 , 25
1926 , 49.00 , 108.12 , 100.00 , 25
1927 , 49.25 , 108.12 , 100.00 , 25
1928 , 49.25 , 108.12 , 100.00 , 25
1929 , 50.25 , 108.12 , 100.00 , 25
1930 , 51.25 , 108.12 , 94.62 , 25
Going to Extension Temperature
1931 , 52.75 , 200.00 , 94.62 , 25
1932 , 54.00 , 200.00 , 94.62 , 25
1933 , 56.50 , 200.00 , 94.62 , 25
1934 , 59.75 , 200.00 , 94.62 , 25
1935 , 61.75 , 200.00 , 94.62 , 25
1936 , 64.00 , 200.00 , 94.62 , 25
1937 , 66.75 , 200.00 , 94.62 , 25
1938 , 68.00 , 200.00 , 94.62 , 25
Extending DNA Now
1939 , 70.75 , 200.00 , 94.62 , 25
1940 , 72.75 , 162.38 , 94.62 , 25
1941 , 74.00 , 116.75 , 94.62 , 25
1942 , 75.00 , 84.25 , 94.62 , 25
1943 , 75.25 , 55.25 , 94.62 , 25
1944 , 74.00 , 40.88 , 94.62 , 25
1945 , 74.00 , 58.38 , 94.62 , 25
1946 , 73.00 , 50.88 , 94.62 , 25
1947 , 72.00 , 64.87 , 94.62 , 25
1948 , 71.00 , 80.37 , 94.62 , 25
1949 , 71.25 , 97.37 , 94.62 , 25
1950 , 70.75 , 89.00 , 94.62 , 25
1951 , 71.00 , 96.37 , 94.62 , 25
1952 , 71.25 , 88.37 , 94.62 , 25
1953 , 71.25 , 80.00 , 94.62 , 25
1954 , 71.50 , 76.62 , 94.62 , 25
1955 , 71.50 , 67.87 , 94.62 , 25
1956 , 70.75 , 64.12 , 94.62 , 25
1957 , 70.50 , 76.50 , 94.62 , 25
1958 , 70.50 , 79.25 , 94.62 , 25
1959 , 70.00 , 79.25 , 94.62 , 25
Going to Denaturing Temperature
1960 , 69.75 , 200.00 , 94.62 , 26
1961 , 70.50 , 200.00 , 94.62 , 26
1962 , 73.00 , 200.00 , 94.62 , 26
1963 , 75.00 , 200.00 , 94.62 , 26
1964 , 76.75 , 200.00 , 94.62 , 26
1965 , 78.75 , 200.00 , 94.62 , 26
1966 , 80.50 , 200.00 , 94.62 , 26
1967 , 82.25 , 200.00 , 94.62 , 26
1968 , 83.75 , 200.00 , 94.62 , 26
1969 , 85.00 , 200.00 , 94.62 , 26
1970 , 86.75 , 200.00 , 94.62 , 26
1971 , 87.75 , 200.00 , 94.62 , 26
1972 , 89.25 , 200.00 , 94.62 , 26
1973 , 90.75 , 200.00 , 94.62 , 26
1974 , 91.50 , 200.00 , 94.62 , 26
1975 , 92.75 , 200.00 , 94.62 , 26
Denaturing DNA Now
1976 , 94.00 , 183.88 , 94.62 , 26
1977 , 95.25 , 155.88 , 94.62 , 26
1978 , 94.75 , 126.00 , 94.62 , 26
1979 , 95.75 , 131.88 , 94.62 , 26
1980 , 95.50 , 106.25 , 94.62 , 26
Going to Annealing Temperature
1981 , 95.25 , 106.25 , 94.62 , 26
1982 , 93.25 , 106.25 , 94.62 , 26
1983 , 91.25 , 106.25 , 94.62 , 26
1984 , 88.25 , 106.25 , 94.62 , 26
1985 , 85.50 , 106.25 , 94.62 , 26
1986 , 83.50 , 106.25 , 94.62 , 26
1987 , 81.00 , 106.25 , 94.62 , 26
1988 , 78.00 , 106.25 , 94.62 , 26
1989 , 75.75 , 106.25 , 94.62 , 26
1990 , 73.00 , 106.25 , 94.62 , 26
1991 , 70.50 , 106.25 , 94.62 , 26
1992 , 68.75 , 106.25 , 94.62 , 26
1993 , 66.50 , 106.25 , 94.62 , 26
1994 , 64.25 , 106.25 , 94.62 , 26
1995 , 62.75 , 106.25 , 94.62 , 26
1996 , 61.25 , 106.25 , 94.62 , 26
1997 , 59.50 , 106.25 , 94.62 , 26
1998 , 58.00 , 106.25 , 94.62 , 26
1999 , 56.25 , 106.25 , 94.62 , 26
2000 , 54.25 , 106.25 , 94.62 , 26
2001 , 53.50 , 106.25 , 94.62 , 26
2002 , 52.25 , 106.25 , 94.62 , 26
2003 , 51.25 , 106.25 , 94.62 , 26
Annealing DNA Now
2004 , 49.75 , 106.25 , 75.00 , 26
2005 , 48.75 , 106.25 , 100.00 , 26
2006 , 48.50 , 106.25 , 100.00 , 26
2007 , 48.00 , 106.25 , 100.00 , 26
2008 , 47.75 , 106.25 , 100.00 , 26
2009 , 48.75 , 106.25 , 100.00 , 26
2010 , 49.00 , 106.25 , 100.00 , 26
2011 , 49.75 , 106.25 , 100.00 , 26
2012 , 50.00 , 106.25 , 100.00 , 26
2013 , 51.00 , 106.25 , 100.00 , 26
Going to Extension Temperature
2014 , 52.25 , 200.00 , 100.00 , 26
2015 , 53.75 , 200.00 , 100.00 , 26
2016 , 56.00 , 200.00 , 100.00 , 26
2017 , 59.00 , 200.00 , 100.00 , 26
2018 , 61.25 , 200.00 , 100.00 , 26
2019 , 63.50 , 200.00 , 100.00 , 26
2020 , 65.25 , 200.00 , 100.00 , 26
2021 , 68.25 , 200.00 , 100.00 , 26
Extending DNA Now
2022 , 70.00 , 200.00 , 100.00 , 26
2023 , 71.50 , 178.50 , 100.00 , 26
2024 , 73.75 , 144.75 , 100.00 , 26
2025 , 74.25 , 92.62 , 100.00 , 26
2026 , 75.25 , 74.75 , 100.00 , 26
2027 , 75.00 , 45.38 , 100.00 , 26
2028 , 74.00 , 41.38 , 100.00 , 26
2029 , 72.75 , 53.88 , 100.00 , 26
2030 , 72.50 , 73.25 , 100.00 , 26
2031 , 71.50 , 73.00 , 100.00 , 26
2032 , 71.00 , 89.25 , 100.00 , 26
2033 , 70.50 , 96.25 , 100.00 , 26
2034 , 71.50 , 104.00 , 100.00 , 26
2035 , 71.50 , 80.25 , 100.00 , 26
2036 , 72.00 , 76.50 , 100.00 , 26
2037 , 72.00 , 62.00 , 100.00 , 26
2038 , 71.50 , 57.50 , 100.00 , 26
2039 , 70.50 , 63.75 , 100.00 , 26
2040 , 70.25 , 81.50 , 100.00 , 26
2041 , 69.75 , 84.62 , 100.00 , 26
2042 , 70.00 , 84.62 , 100.00 , 26
Going to Denaturing Temperature
2043 , 70.25 , 200.00 , 100.00 , 27
2044 , 70.50 , 200.00 , 100.00 , 27
2045 , 72.75 , 200.00 , 100.00 , 27
2046 , 75.25 , 200.00 , 100.00 , 27
2047 , 76.75 , 200.00 , 100.00 , 27
2048 , 78.75 , 200.00 , 100.00 , 27
2049 , 80.25 , 200.00 , 100.00 , 27
2050 , 82.25 , 200.00 , 100.00 , 27
2051 , 83.50 , 200.00 , 100.00 , 27
2052 , 84.50 , 200.00 , 100.00 , 27
2053 , 86.75 , 200.00 , 100.00 , 27
2054 , 87.50 , 200.00 , 100.00 , 27
2055 , 89.50 , 200.00 , 100.00 , 27
2056 , 90.00 , 200.00 , 100.00 , 27
2057 , 92.00 , 200.00 , 100.00 , 27
Denaturing DNA Now
2058 , 93.25 , 200.00 , 100.00 , 27
2059 , 94.00 , 173.13 , 100.00 , 27
2060 , 95.25 , 155.13 , 100.00 , 27
2061 , 95.00 , 125.25 , 100.00 , 27
2062 , 95.00 , 125.75 , 100.00 , 27
Going to Annealing Temperature
2063 , 94.50 , 125.75 , 100.00 , 27
2064 , 93.75 , 125.75 , 100.00 , 27
2065 , 91.50 , 125.75 , 100.00 , 27
2066 , 88.75 , 125.75 , 100.00 , 27
2067 , 86.00 , 125.75 , 100.00 , 27
2068 , 83.25 , 125.75 , 100.00 , 27
2069 , 81.00 , 125.75 , 100.00 , 27
2070 , 78.25 , 125.75 , 100.00 , 27
2071 , 75.75 , 125.75 , 100.00 , 27
2072 , 73.25 , 125.75 , 100.00 , 27
2073 , 71.25 , 125.75 , 100.00 , 27
2074 , 69.00 , 125.75 , 100.00 , 27
2075 , 66.75 , 125.75 , 100.00 , 27
2076 , 64.75 , 125.75 , 100.00 , 27
2077 , 63.00 , 125.75 , 100.00 , 27
2078 , 61.50 , 125.75 , 100.00 , 27
2079 , 59.75 , 125.75 , 100.00 , 27
2080 , 57.75 , 125.75 , 100.00 , 27
2081 , 56.00 , 125.75 , 100.00 , 27
2082 , 55.00 , 125.75 , 100.00 , 27
2083 , 53.25 , 125.75 , 100.00 , 27
2084 , 52.50 , 125.75 , 100.00 , 27
2085 , 50.75 , 125.75 , 100.00 , 27
Annealing DNA Now
2086 , 50.00 , 125.75 , 85.00 , 27
2087 , 48.75 , 125.75 , 100.00 , 27
2088 , 48.50 , 125.75 , 100.00 , 27
2089 , 48.25 , 125.75 , 100.00 , 27
2090 , 49.00 , 125.75 , 100.00 , 27
2091 , 49.00 , 125.75 , 100.00 , 27
2092 , 49.50 , 125.75 , 100.00 , 27
2093 , 49.75 , 125.75 , 100.00 , 27
2094 , 50.00 , 125.75 , 100.00 , 27
2095 , 51.00 , 125.75 , 100.00 , 27
Going to Extension Temperature
2096 , 52.25 , 200.00 , 100.00 , 27
2097 , 53.25 , 200.00 , 100.00 , 27
2098 , 56.00 , 200.00 , 100.00 , 27
2099 , 58.75 , 200.00 , 100.00 , 27
2100 , 61.00 , 200.00 , 100.00 , 27
2101 , 63.25 , 200.00 , 100.00 , 27
2102 , 65.75 , 200.00 , 100.00 , 27
2103 , 67.50 , 200.00 , 100.00 , 27
Extending DNA Now
2104 , 69.50 , 200.00 , 100.00 , 27
2105 , 71.25 , 189.25 , 100.00 , 27
2106 , 72.75 , 150.88 , 100.00 , 27
2107 , 73.75 , 115.25 , 100.00 , 27
2108 , 75.00 , 88.12 , 100.00 , 27
2109 , 74.50 , 54.13 , 100.00 , 27
2110 , 74.25 , 55.88 , 100.00 , 27
2111 , 73.00 , 53.00 , 100.00 , 27
2112 , 72.50 , 72.00 , 100.00 , 27
2113 , 72.25 , 76.75 , 100.00 , 27
2114 , 71.75 , 76.87 , 100.00 , 27
2115 , 71.75 , 82.75 , 100.00 , 27
2116 , 70.75 , 78.62 , 100.00 , 27
2117 , 70.75 , 96.00 , 100.00 , 27
2118 , 70.75 , 93.37 , 100.00 , 27
2119 , 71.00 , 90.75 , 100.00 , 27
2120 , 71.50 , 82.75 , 100.00 , 27
2121 , 71.00 , 69.00 , 100.00 , 27
2122 , 71.00 , 76.00 , 100.00 , 27
2123 , 71.00 , 73.00 , 100.00 , 27
2124 , 70.75 , 73.00 , 100.00 , 27
Going to Denaturing Temperature
2125 , 70.25 , 200.00 , 100.00 , 28
2126 , 70.75 , 200.00 , 100.00 , 28
2127 , 72.25 , 200.00 , 100.00 , 28
2128 , 75.25 , 200.00 , 100.00 , 28
2129 , 76.75 , 200.00 , 100.00 , 28
2130 , 78.75 , 200.00 , 100.00 , 28
2131 , 80.25 , 200.00 , 100.00 , 28
2132 , 82.00 , 200.00 , 100.00 , 28
2133 , 83.25 , 200.00 , 100.00 , 28
2134 , 84.50 , 200.00 , 100.00 , 28
2135 , 86.25 , 200.00 , 100.00 , 28
2136 , 87.50 , 200.00 , 100.00 , 28
2137 , 89.00 , 200.00 , 100.00 , 28
2138 , 90.50 , 200.00 , 100.00 , 28
2139 , 91.00 , 200.00 , 100.00 , 28
2140 , 92.25 , 200.00 , 100.00 , 28
Denaturing DNA Now
2141 , 93.50 , 194.63 , 100.00 , 28
2142 , 94.50 , 167.38 , 100.00 , 28
2143 , 95.50 , 143.63 , 100.00 , 28
2144 , 96.00 , 118.37 , 100.00 , 28
2145 , 95.50 , 102.37 , 100.00 , 28
Going to Annealing Temperature
2146 , 95.50 , 102.37 , 100.00 , 28
2147 , 94.00 , 102.37 , 100.00 , 28
2148 , 91.50 , 102.37 , 100.00 , 28
2149 , 89.50 , 102.37 , 100.00 , 28
2150 , 87.00 , 102.37 , 100.00 , 28
2151 , 84.25 , 102.37 , 100.00 , 28
2152 , 81.50 , 102.37 , 100.00 , 28
2153 , 78.75 , 102.37 , 100.00 , 28
2154 , 76.50 , 102.37 , 100.00 , 28
2155 , 74.25 , 102.37 , 100.00 , 28
2156 , 72.00 , 102.37 , 100.00 , 28
2157 , 69.50 , 102.37 , 100.00 , 28
2158 , 67.50 , 102.37 , 100.00 , 28
2159 , 65.50 , 102.37 , 100.00 , 28
2160 , 63.00 , 102.37 , 100.00 , 28
2161 , 61.75 , 102.37 , 100.00 , 28
2162 , 60.25 , 102.37 , 100.00 , 28
2163 , 58.00 , 102.37 , 100.00 , 28
2164 , 57.25 , 102.37 , 100.00 , 28
2165 , 55.00 , 102.37 , 100.00 , 28
2166 , 53.75 , 102.37 , 100.00 , 28
2167 , 52.50 , 102.37 , 100.00 , 28
2168 , 51.25 , 102.37 , 100.00 , 28
Annealing DNA Now
2169 , 50.25 , 102.37 , 75.00 , 28
2170 , 49.50 , 102.37 , 94.62 , 28
2171 , 49.00 , 102.37 , 100.00 , 28
2172 , 49.00 , 102.37 , 100.00 , 28
2173 , 48.75 , 102.37 , 100.00 , 28
2174 , 49.25 , 102.37 , 100.00 , 28
2175 , 49.75 , 102.37 , 100.00 , 28
2176 , 49.50 , 102.37 , 100.00 , 28
2177 , 50.75 , 102.37 , 100.00 , 28
2178 , 51.75 , 102.37 , 83.87 , 28
Going to Extension Temperature
2180 , 51.75 , 200.00 , 83.87 , 28
2181 , 53.75 , 200.00 , 83.87 , 28
2182 , 56.50 , 200.00 , 83.87 , 28
2183 , 59.00 , 200.00 , 83.87 , 28
2184 , 61.50 , 200.00 , 83.87 , 28
2185 , 64.25 , 200.00 , 83.87 , 28
2186 , 66.25 , 200.00 , 83.87 , 28
2187 , 69.00 , 200.00 , 83.87 , 28
Extending DNA Now
2188 , 71.00 , 200.00 , 83.87 , 28
2189 , 73.00 , 157.00 , 83.87 , 28
2190 , 74.75 , 111.00 , 83.87 , 28
2191 , 75.50 , 67.37 , 83.87 , 28
2192 , 75.25 , 42.63 , 83.87 , 28
2193 , 75.25 , 38.25 , 83.87 , 28
2194 , 74.25 , 28.87 , 83.87 , 28
2195 , 73.50 , 41.00 , 83.87 , 28
2196 , 73.00 , 49.25 , 83.87 , 28
2197 , 72.00 , 53.25 , 83.87 , 28
2198 , 71.50 , 68.75 , 83.87 , 28
2199 , 71.25 , 75.00 , 83.87 , 28
2200 , 70.75 , 76.62 , 83.87 , 28
2201 , 70.75 , 84.00 , 83.87 , 28
2202 , 71.25 , 81.37 , 83.87 , 28
2203 , 71.50 , 68.00 , 83.87 , 28
2204 , 71.50 , 59.25 , 83.87 , 28
2205 , 71.50 , 55.50 , 83.87 , 28
2206 , 71.00 , 51.75 , 83.87 , 28
2207 , 70.75 , 58.75 , 83.87 , 28
2208 , 70.00 , 58.75 , 83.87 , 28
Going to Denaturing Temperature
2209 , 69.75 , 200.00 , 83.87 , 29
2210 , 70.50 , 200.00 , 83.87 , 29
2211 , 72.00 , 200.00 , 83.87 , 29
2212 , 74.50 , 200.00 , 83.87 , 29
2213 , 76.25 , 200.00 , 83.87 , 29
2214 , 78.00 , 200.00 , 83.87 , 29
2215 , 79.50 , 200.00 , 83.87 , 29
2216 , 81.25 , 200.00 , 83.87 , 29
2217 , 82.25 , 200.00 , 83.87 , 29
2218 , 84.25 , 200.00 , 83.87 , 29
2219 , 86.00 , 200.00 , 83.87 , 29
2220 , 86.75 , 200.00 , 83.87 , 29
2221 , 87.50 , 200.00 , 83.87 , 29
2222 , 89.25 , 200.00 , 83.87 , 29
2223 , 89.75 , 200.00 , 83.87 , 29
2224 , 91.25 , 200.00 , 83.87 , 29
2225 , 92.00 , 200.00 , 83.87 , 29
Denaturing DNA Now
2226 , 93.25 , 200.00 , 83.87 , 29
2227 , 93.75 , 173.13 , 83.87 , 29
2228 , 95.25 , 160.50 , 83.87 , 29
2229 , 95.50 , 125.62 , 83.87 , 29
2230 , 95.00 , 115.37 , 83.87 , 29
Going to Annealing Temperature
2231 , 94.75 , 115.37 , 83.87 , 29
2232 , 93.50 , 115.37 , 83.87 , 29
2233 , 91.25 , 115.37 , 83.87 , 29
2234 , 89.00 , 115.37 , 83.87 , 29
2235 , 85.75 , 115.37 , 83.87 , 29
2236 , 83.50 , 115.37 , 83.87 , 29
2237 , 80.75 , 115.37 , 83.87 , 29
2238 , 78.75 , 115.37 , 83.87 , 29
2239 , 75.25 , 115.37 , 83.87 , 29
2240 , 73.50 , 115.37 , 83.87 , 29
2241 , 71.25 , 115.37 , 83.87 , 29
2242 , 69.00 , 115.37 , 83.87 , 29
2243 , 67.00 , 115.37 , 83.87 , 29
2244 , 65.00 , 115.37 , 83.87 , 29
2245 , 62.75 , 115.37 , 83.87 , 29
2246 , 61.00 , 115.37 , 83.87 , 29
2247 , 59.75 , 115.37 , 83.87 , 29
2248 , 57.75 , 115.37 , 83.87 , 29
2249 , 56.50 , 115.37 , 83.87 , 29
2250 , 54.50 , 115.37 , 83.87 , 29
2251 , 53.50 , 115.37 , 83.87 , 29
2252 , 52.50 , 115.37 , 83.87 , 29
2253 , 51.25 , 115.37 , 83.87 , 29
Annealing DNA Now
2254 , 49.75 , 115.37 , 75.00 , 29
2255 , 48.75 , 115.37 , 100.00 , 29
2256 , 48.75 , 115.37 , 100.00 , 29
2257 , 48.75 , 115.37 , 100.00 , 29
2258 , 48.75 , 115.37 , 100.00 , 29
2259 , 49.25 , 115.37 , 100.00 , 29
2260 , 49.25 , 115.37 , 100.00 , 29
2261 , 49.25 , 115.37 , 100.00 , 29
2262 , 50.00 , 115.37 , 100.00 , 29
2263 , 50.25 , 115.37 , 100.00 , 29
Going to Extension Temperature
2264 , 51.50 , 200.00 , 100.00 , 29
2265 , 53.25 , 200.00 , 100.00 , 29
2266 , 55.75 , 200.00 , 100.00 , 29
2267 , 58.25 , 200.00 , 100.00 , 29
2268 , 60.50 , 200.00 , 100.00 , 29
2269 , 62.50 , 200.00 , 100.00 , 29
2270 , 64.75 , 200.00 , 100.00 , 29
2271 , 66.75 , 200.00 , 100.00 , 29
2272 , 68.75 , 200.00 , 100.00 , 29
Extending DNA Now
2273 , 70.75 , 200.00 , 100.00 , 29
2274 , 72.50 , 162.38 , 100.00 , 29
2275 , 74.00 , 122.12 , 100.00 , 29
2276 , 74.00 , 84.62 , 100.00 , 29
2277 , 74.25 , 77.12 , 100.00 , 29
2278 , 73.75 , 64.25 , 100.00 , 29
2279 , 73.00 , 67.12 , 100.00 , 29
2280 , 72.50 , 76.12 , 100.00 , 29
2281 , 72.75 , 80.87 , 100.00 , 29
2282 , 71.75 , 70.25 , 100.00 , 29
2283 , 71.25 , 86.12 , 100.00 , 29
2284 , 71.75 , 92.75 , 100.00 , 29
2285 , 71.75 , 78.62 , 100.00 , 29
2286 , 71.75 , 74.50 , 100.00 , 29
2287 , 71.50 , 70.37 , 100.00 , 29
2288 , 71.00 , 71.62 , 100.00 , 29
2289 , 71.00 , 78.62 , 100.00 , 29
2290 , 70.50 , 75.62 , 100.00 , 29
2291 , 70.25 , 83.37 , 100.00 , 29
2292 , 70.00 , 86.50 , 100.00 , 29
2293 , 70.50 , 86.50 , 100.00 , 29
Going to Denaturing Temperature
2294 , 70.00 , 200.00 , 100.00 , 30
2295 , 71.00 , 200.00 , 100.00 , 30
2296 , 73.25 , 200.00 , 100.00 , 30
2297 , 74.75 , 200.00 , 100.00 , 30
2298 , 77.00 , 200.00 , 100.00 , 30
2299 , 78.50 , 200.00 , 100.00 , 30
2300 , 79.75 , 200.00 , 100.00 , 30
2301 , 81.25 , 200.00 , 100.00 , 30
2302 , 83.00 , 200.00 , 100.00 , 30
2303 , 84.00 , 200.00 , 100.00 , 30
2304 , 85.75 , 200.00 , 100.00 , 30
2305 , 86.25 , 200.00 , 100.00 , 30
2306 , 88.00 , 200.00 , 100.00 , 30
2307 , 89.25 , 200.00 , 100.00 , 30
2308 , 90.50 , 200.00 , 100.00 , 30
2309 , 91.00 , 200.00 , 100.00 , 30
2310 , 92.25 , 200.00 , 100.00 , 30
Denaturing DNA Now
2311 , 93.00 , 194.63 , 100.00 , 30
2312 , 94.25 , 178.13 , 100.00 , 30
2313 , 94.25 , 149.75 , 100.00 , 30
2314 , 95.25 , 146.38 , 100.00 , 30
2315 , 94.75 , 121.50 , 100.00 , 30
Going to Annealing Temperature
2316 , 94.75 , 121.50 , 100.00 , 30
2317 , 93.00 , 121.50 , 100.00 , 30
2318 , 91.00 , 121.50 , 100.00 , 30
2319 , 88.50 , 121.50 , 100.00 , 30
2320 , 85.50 , 121.50 , 100.00 , 30
2321 , 82.75 , 121.50 , 100.00 , 30
2322 , 80.75 , 121.50 , 100.00 , 30
2323 , 78.00 , 121.50 , 100.00 , 30
2324 , 75.75 , 121.50 , 100.00 , 30
2325 , 73.25 , 121.50 , 100.00 , 30
2326 , 70.75 , 121.50 , 100.00 , 30
2327 , 68.75 , 121.50 , 100.00 , 30
2328 , 67.00 , 121.50 , 100.00 , 30
2329 , 64.75 , 121.50 , 100.00 , 30
2330 , 63.00 , 121.50 , 100.00 , 30
2331 , 61.25 , 121.50 , 100.00 , 30
2332 , 59.00 , 121.50 , 100.00 , 30
2333 , 57.50 , 121.50 , 100.00 , 30
2334 , 55.50 , 121.50 , 100.00 , 30
2335 , 54.75 , 121.50 , 100.00 , 30
2336 , 53.75 , 121.50 , 100.00 , 30
2337 , 52.00 , 121.50 , 100.00 , 30
Annealing DNA Now
2338 , 50.75 , 121.50 , 60.00 , 30
2339 , 50.00 , 121.50 , 83.87 , 30
2340 , 49.50 , 121.50 , 98.87 , 30
2341 , 49.50 , 121.50 , 100.00 , 30
2342 , 49.25 , 121.50 , 100.00 , 30
2343 , 49.50 , 121.50 , 100.00 , 30
2344 , 50.00 , 121.50 , 100.00 , 30
2345 , 50.00 , 121.50 , 100.00 , 30
2346 , 49.75 , 121.50 , 100.00 , 30
2347 , 50.75 , 121.50 , 100.00 , 30
Going to Extension Temperature
2348 , 52.25 , 200.00 , 100.00 , 30
2349 , 54.00 , 200.00 , 100.00 , 30
2350 , 56.00 , 200.00 , 100.00 , 30
2351 , 58.25 , 200.00 , 100.00 , 30
2352 , 60.50 , 200.00 , 100.00 , 30
2353 , 62.75 , 200.00 , 100.00 , 30
2354 , 64.75 , 200.00 , 100.00 , 30
2355 , 66.75 , 200.00 , 100.00 , 30
2356 , 68.00 , 200.00 , 100.00 , 30
Extending DNA Now
2357 , 70.00 , 200.00 , 100.00 , 30
2358 , 71.75 , 178.50 , 100.00 , 30
2359 , 73.75 , 139.38 , 100.00 , 30
2360 , 74.00 , 92.25 , 100.00 , 30
2361 , 74.75 , 79.75 , 100.00 , 30
2362 , 74.00 , 56.13 , 100.00 , 30
2363 , 74.25 , 63.63 , 100.00 , 30
2364 , 73.25 , 50.75 , 100.00 , 30
2365 , 72.50 , 64.37 , 100.00 , 30
2366 , 72.50 , 74.12 , 100.00 , 30
2367 , 71.00 , 68.87 , 100.00 , 30
2368 , 71.50 , 95.87 , 100.00 , 30
2369 , 71.50 , 82.12 , 100.00 , 30
2370 , 71.75 , 78.37 , 100.00 , 30
2371 , 71.75 , 69.25 , 100.00 , 30
2372 , 72.00 , 65.12 , 100.00 , 30
2373 , 71.25 , 55.63 , 100.00 , 30
2374 , 71.00 , 67.25 , 100.00 , 30
2375 , 70.50 , 69.25 , 100.00 , 30
2376 , 70.00 , 77.00 , 100.00 , 30
2377 , 70.25 , 77.00 , 100.00 , 30
