Please wait for the temperature to reach 95
0 , 35.25 , 200.00 , 0.00 , 0
1 , 35.00 , 200.00 , 0.00 , 0
2 , 34.75 , 200.00 , 0.00 , 0
3 , 34.75 , 200.00 , 0.00 , 0
4 , 35.50 , 200.00 , 0.00 , 0
5 , 36.75 , 200.00 , 0.00 , 0
6 , 39.25 , 200.00 , 0.00 , 0
7 , 42.25 , 200.00 , 0.00 , 0
8 , 47.00 , 200.00 , 0.00 , 0
9 , 51.50 , 200.00 , 0.00 , 0
10 , 55.75 , 200.00 , 0.00 , 0
11 , 59.75 , 200.00 , 0.00 , 0
12 , 63.75 , 200.00 , 0.00 , 0
13 , 67.25 , 200.00 , 0.00 , 0
14 , 71.25 , 200.00 , 0.00 , 0
15 , 75.25 , 200.00 , 0.00 , 0
16 , 77.75 , 200.00 , 0.00 , 0
17 , 81.00 , 200.00 , 0.00 , 0
18 , 84.75 , 200.00 , 0.00 , 0
19 , 88.00 , 200.00 , 0.00 , 0
20 , 91.00 , 200.00 , 0.00 , 0
21 , 93.50 , 200.00 , 0.00 , 0
Temperature has reached 95, please wait 60s for the initial denaturing to complete
22 , 96.50 , 168.80 , 0.00 , 0
Initial Denaturing has completed, Amplification Loop will start now
Going to Denaturing Temperature
Denaturing DNA Now
23 , 98.50 , 105.20 , 0.00 , 1
24 , 98.50 , 60.00 , 0.00 , 1
25 , 97.00 , 54.80 , 0.00 , 1
26 , 95.25 , 80.80 , 0.00 , 1
27 , 94.25 , 113.20 , 0.00 , 1
Going to Annealing Temperature
28 , 94.25 , 113.20 , 0.00 , 1
29 , 92.75 , 113.20 , 0.00 , 1
30 , 90.00 , 113.20 , 0.00 , 1
31 , 86.50 , 113.20 , 0.00 , 1
32 , 83.00 , 113.20 , 0.00 , 1
33 , 80.00 , 113.20 , 0.00 , 1
34 , 77.25 , 113.20 , 0.00 , 1
35 , 74.50 , 113.20 , 0.00 , 1
36 , 72.00 , 113.20 , 0.00 , 1
37 , 69.00 , 113.20 , 0.00 , 1
38 , 66.25 , 113.20 , 0.00 , 1
39 , 64.50 , 113.20 , 0.00 , 1
40 , 62.25 , 113.20 , 0.00 , 1
41 , 59.75 , 113.20 , 0.00 , 1
42 , 58.25 , 113.20 , 0.00 , 1
43 , 56.00 , 113.20 , 0.00 , 1
44 , 54.50 , 113.20 , 0.00 , 1
Annealing DNA Now
45 , 53.00 , 113.20 , 70.00 , 1
46 , 52.00 , 113.20 , 100.00 , 1
47 , 52.75 , 113.20 , 100.00 , 1
48 , 54.00 , 113.20 , 100.00 , 1
49 , 55.25 , 113.20 , 79.20 , 1
50 , 57.00 , 113.20 , 52.40 , 1
51 , 57.50 , 113.20 , 14.20 , 1
52 , 57.00 , 113.20 , 0.60 , 1
53 , 55.75 , 113.20 , 7.40 , 1
54 , 55.00 , 113.20 , 30.20 , 1
Going to Extension Temperature
55 , 54.75 , 200.00 , 30.20 , 1
56 , 56.00 , 200.00 , 30.20 , 1
57 , 59.50 , 200.00 , 30.20 , 1
58 , 62.25 , 200.00 , 30.20 , 1
59 , 65.00 , 200.00 , 30.20 , 1
60 , 67.75 , 189.60 , 30.20 , 1
Extending DNA Now
61 , 69.75 , 134.80 , 30.20 , 1
62 , 70.50 , 93.40 , 30.20 , 1
63 , 70.75 , 76.40 , 30.20 , 1
64 , 70.00 , 69.20 , 30.20 , 1
65 , 70.00 , 82.60 , 30.20 , 1
66 , 69.50 , 81.00 , 30.20 , 1
67 , 69.25 , 89.80 , 30.20 , 1
68 , 69.25 , 93.80 , 30.20 , 1
69 , 69.25 , 92.80 , 30.20 , 1
70 , 69.50 , 91.80 , 30.20 , 1
71 , 69.75 , 85.60 , 30.20 , 1
72 , 69.25 , 79.20 , 30.20 , 1
73 , 69.50 , 88.20 , 30.20 , 1
74 , 69.25 , 82.00 , 30.20 , 1
75 , 69.25 , 86.00 , 30.20 , 1
76 , 69.25 , 85.00 , 30.20 , 1
77 , 69.25 , 84.00 , 30.20 , 1
78 , 69.00 , 83.00 , 30.20 , 1
79 , 69.25 , 87.20 , 30.20 , 1
80 , 69.50 , 81.20 , 30.20 , 1
81 , 69.50 , 81.20 , 30.20 , 1
Going to Denaturing Temperature
82 , 69.25 , 200.00 , 30.20 , 2
83 , 72.75 , 200.00 , 30.20 , 2
84 , 78.00 , 200.00 , 30.20 , 2
85 , 82.75 , 200.00 , 30.20 , 2
86 , 86.25 , 200.00 , 30.20 , 2
87 , 90.25 , 200.00 , 30.20 , 2
88 , 94.00 , 200.00 , 30.20 , 2
Denaturing DNA Now
89 , 97.75 , 140.80 , 30.20 , 2
90 , 99.00 , 61.20 , 30.20 , 2
91 , 98.00 , 30.60 , 30.20 , 2
92 , 95.75 , 45.80 , 30.20 , 2
93 , 93.50 , 87.80 , 30.20 , 2
Going to Annealing Temperature
94 , 93.00 , 87.80 , 30.20 , 2
95 , 91.00 , 87.80 , 30.20 , 2
96 , 89.00 , 87.80 , 30.20 , 2
97 , 85.75 , 87.80 , 30.20 , 2
98 , 82.25 , 87.80 , 30.20 , 2
99 , 80.00 , 87.80 , 30.20 , 2
100 , 76.50 , 87.80 , 30.20 , 2
101 , 73.50 , 87.80 , 30.20 , 2
102 , 70.75 , 87.80 , 30.20 , 2
103 , 68.75 , 87.80 , 30.20 , 2
104 , 65.75 , 87.80 , 30.20 , 2
105 , 63.75 , 87.80 , 30.20 , 2
106 , 62.00 , 87.80 , 30.20 , 2
107 , 60.25 , 87.80 , 30.20 , 2
108 , 57.75 , 87.80 , 30.20 , 2
109 , 56.00 , 87.80 , 30.20 , 2
110 , 54.50 , 87.80 , 30.20 , 2
Annealing DNA Now
111 , 53.25 , 87.80 , 70.00 , 2
112 , 51.75 , 87.80 , 94.80 , 2
113 , 51.75 , 87.80 , 100.00 , 2
114 , 53.75 , 87.80 , 100.00 , 2
115 , 55.00 , 87.80 , 84.40 , 2
116 , 57.00 , 87.80 , 57.80 , 2
117 , 57.50 , 87.80 , 14.60 , 2
118 , 57.75 , 87.80 , 1.00 , 2
119 , 56.75 , 87.80 , 0.00 , 2
120 , 56.00 , 87.80 , 9.20 , 2
Going to Extension Temperature
121 , 55.00 , 200.00 , 9.20 , 2
122 , 56.75 , 200.00 , 9.20 , 2
123 , 60.25 , 200.00 , 9.20 , 2
124 , 63.25 , 200.00 , 9.20 , 2
125 , 66.50 , 200.00 , 9.20 , 2
Extending DNA Now
126 , 69.00 , 154.40 , 9.20 , 2
127 , 71.25 , 103.60 , 9.20 , 2
128 , 71.75 , 56.00 , 9.20 , 2
129 , 71.00 , 43.00 , 9.20 , 2
130 , 69.75 , 55.60 , 9.20 , 2
131 , 69.50 , 79.20 , 9.20 , 2
132 , 68.75 , 83.00 , 9.20 , 2
133 , 68.75 , 97.40 , 9.20 , 2
134 , 69.25 , 96.80 , 9.20 , 2
135 , 69.25 , 85.80 , 9.20 , 2
136 , 69.50 , 84.80 , 9.20 , 2
137 , 69.75 , 78.60 , 9.20 , 2
138 , 69.75 , 72.20 , 9.20 , 2
139 , 68.75 , 70.80 , 9.20 , 2
140 , 69.00 , 90.20 , 9.20 , 2
141 , 69.50 , 84.40 , 9.20 , 2
142 , 69.00 , 73.20 , 9.20 , 2
143 , 69.50 , 82.40 , 9.20 , 2
144 , 69.50 , 71.20 , 9.20 , 2
145 , 69.50 , 70.00 , 9.20 , 2
146 , 69.00 , 70.00 , 9.20 , 2
Going to Denaturing Temperature
147 , 69.00 , 200.00 , 9.20 , 3
148 , 72.25 , 200.00 , 9.20 , 3
149 , 78.00 , 200.00 , 9.20 , 3
150 , 83.00 , 200.00 , 9.20 , 3
151 , 87.25 , 200.00 , 9.20 , 3
152 , 91.50 , 200.00 , 9.20 , 3
153 , 95.25 , 185.20 , 9.20 , 3
Denaturing DNA Now
154 , 98.50 , 107.60 , 9.20 , 3
155 , 99.00 , 37.40 , 9.20 , 3
156 , 97.25 , 21.80 , 9.20 , 3
157 , 94.50 , 52.60 , 9.20 , 3
158 , 93.00 , 105.60 , 9.20 , 3
Going to Annealing Temperature
159 , 93.00 , 105.60 , 9.20 , 3
160 , 91.75 , 105.60 , 9.20 , 3
161 , 88.50 , 105.60 , 9.20 , 3
162 , 85.75 , 105.60 , 9.20 , 3
163 , 82.75 , 105.60 , 9.20 , 3
164 , 79.25 , 105.60 , 9.20 , 3
165 , 76.75 , 105.60 , 9.20 , 3
166 , 73.75 , 105.60 , 9.20 , 3
167 , 71.00 , 105.60 , 9.20 , 3
168 , 68.50 , 105.60 , 9.20 , 3
169 , 66.25 , 105.60 , 9.20 , 3
170 , 63.50 , 105.60 , 9.20 , 3
171 , 62.00 , 105.60 , 9.20 , 3
172 , 59.75 , 105.60 , 9.20 , 3
173 , 58.00 , 105.60 , 9.20 , 3
174 , 55.50 , 105.60 , 9.20 , 3
175 , 54.50 , 105.60 , 9.20 , 3
Annealing DNA Now
176 , 53.00 , 105.60 , 70.00 , 3
177 , 51.75 , 105.60 , 100.00 , 3
178 , 52.50 , 105.60 , 100.00 , 3
179 , 54.00 , 105.60 , 100.00 , 3
180 , 56.00 , 105.60 , 79.20 , 3
181 , 57.25 , 105.60 , 36.80 , 3
182 , 58.00 , 105.60 , 8.40 , 3
183 , 56.75 , 105.60 , 0.00 , 3
184 , 56.25 , 105.60 , 11.40 , 3
185 , 55.50 , 105.60 , 18.80 , 3
Going to Extension Temperature
186 , 54.25 , 200.00 , 18.80 , 3
187 , 56.25 , 200.00 , 18.80 , 3
188 , 59.25 , 200.00 , 18.80 , 3
189 , 63.00 , 200.00 , 18.80 , 3
190 , 66.00 , 200.00 , 18.80 , 3
191 , 69.50 , 166.80 , 18.80 , 3
Extending DNA Now
192 , 71.25 , 95.60 , 18.80 , 3
193 , 71.50 , 58.00 , 18.80 , 3
194 , 71.25 , 50.20 , 18.80 , 3
195 , 70.25 , 52.60 , 18.80 , 3
196 , 69.75 , 70.80 , 18.80 , 3
197 , 68.50 , 79.40 , 18.80 , 3
198 , 68.75 , 104.00 , 18.80 , 3
199 , 69.00 , 98.40 , 18.80 , 3
200 , 69.25 , 92.60 , 18.80 , 3
201 , 69.75 , 86.60 , 18.80 , 3
202 , 69.75 , 75.20 , 18.80 , 3
203 , 69.25 , 73.80 , 18.80 , 3
204 , 68.75 , 82.80 , 18.80 , 3
205 , 68.75 , 92.20 , 18.80 , 3
206 , 69.75 , 91.60 , 18.80 , 3
207 , 69.50 , 70.20 , 18.80 , 3
208 , 70.00 , 74.00 , 18.80 , 3
209 , 69.25 , 62.40 , 18.80 , 3
210 , 69.25 , 76.40 , 18.80 , 3
211 , 68.75 , 75.40 , 18.80 , 3
212 , 68.50 , 75.40 , 18.80 , 3
Going to Denaturing Temperature
213 , 68.75 , 200.00 , 18.80 , 4
214 , 72.00 , 200.00 , 18.80 , 4
215 , 77.75 , 200.00 , 18.80 , 4
216 , 83.00 , 200.00 , 18.80 , 4
217 , 87.50 , 200.00 , 18.80 , 4
218 , 90.50 , 200.00 , 18.80 , 4
219 , 95.25 , 200.00 , 18.80 , 4
Denaturing DNA Now
220 , 98.50 , 109.60 , 18.80 , 4
221 , 98.75 , 39.40 , 18.80 , 4
222 , 97.00 , 29.00 , 18.80 , 4
223 , 95.00 , 60.00 , 18.80 , 4
224 , 93.25 , 97.60 , 18.80 , 4
Going to Annealing Temperature
225 , 93.50 , 97.60 , 18.80 , 4
226 , 92.00 , 97.60 , 18.80 , 4
227 , 89.25 , 97.60 , 18.80 , 4
228 , 86.00 , 97.60 , 18.80 , 4
229 , 82.75 , 97.60 , 18.80 , 4
230 , 79.75 , 97.60 , 18.80 , 4
231 , 76.75 , 97.60 , 18.80 , 4
232 , 74.00 , 97.60 , 18.80 , 4
233 , 71.25 , 97.60 , 18.80 , 4
234 , 69.00 , 97.60 , 18.80 , 4
235 , 66.75 , 97.60 , 18.80 , 4
236 , 64.25 , 97.60 , 18.80 , 4
237 , 62.00 , 97.60 , 18.80 , 4
238 , 60.25 , 97.60 , 18.80 , 4
239 , 57.75 , 97.60 , 18.80 , 4
240 , 56.50 , 97.60 , 18.80 , 4
241 , 54.50 , 97.60 , 18.80 , 4
Annealing DNA Now
242 , 53.00 , 97.60 , 70.00 , 4
243 , 51.50 , 97.60 , 100.00 , 4
244 , 52.50 , 97.60 , 100.00 , 4
245 , 54.25 , 97.60 , 100.00 , 4
246 , 55.75 , 97.60 , 74.00 , 4
247 , 57.00 , 97.60 , 41.80 , 4
248 , 58.00 , 97.60 , 13.60 , 4
249 , 57.25 , 97.60 , 0.00 , 4
250 , 56.00 , 97.60 , 1.20 , 4
251 , 55.00 , 97.60 , 23.80 , 4
Going to Extension Temperature
252 , 55.25 , 200.00 , 23.80 , 4
253 , 56.50 , 200.00 , 23.80 , 4
254 , 59.50 , 200.00 , 23.80 , 4
255 , 62.25 , 200.00 , 23.80 , 4
256 , 66.25 , 200.00 , 23.80 , 4
257 , 68.25 , 161.40 , 23.80 , 4
Extending DNA Now
258 , 70.75 , 121.20 , 23.80 , 4
259 , 71.50 , 69.00 , 23.80 , 4
260 , 72.00 , 51.20 , 23.80 , 4
261 , 71.00 , 38.00 , 23.80 , 4
262 , 70.00 , 55.60 , 23.80 , 4
263 , 69.00 , 74.00 , 23.80 , 4
264 , 68.00 , 93.20 , 23.80 , 4
265 , 68.75 , 113.20 , 23.80 , 4
266 , 69.25 , 97.60 , 23.80 , 4
267 , 69.50 , 86.60 , 23.80 , 4
268 , 70.50 , 80.40 , 23.80 , 4
269 , 70.50 , 58.40 , 23.80 , 4
270 , 70.00 , 56.40 , 23.80 , 4
271 , 69.25 , 64.80 , 23.80 , 4
272 , 69.00 , 78.80 , 23.80 , 4
273 , 69.00 , 83.00 , 23.80 , 4
274 , 68.50 , 82.20 , 23.80 , 4
275 , 69.00 , 91.80 , 23.80 , 4
276 , 69.50 , 81.00 , 23.80 , 4
277 , 69.50 , 69.80 , 23.80 , 4
278 , 69.50 , 69.80 , 23.80 , 4
Going to Denaturing Temperature
279 , 69.00 , 200.00 , 23.80 , 5
280 , 72.50 , 200.00 , 23.80 , 5
281 , 78.00 , 200.00 , 23.80 , 5
282 , 83.25 , 200.00 , 23.80 , 5
283 , 87.25 , 200.00 , 23.80 , 5
284 , 91.50 , 200.00 , 23.80 , 5
285 , 95.25 , 184.20 , 23.80 , 5
Denaturing DNA Now
286 , 98.00 , 106.60 , 23.80 , 5
287 , 99.25 , 46.80 , 23.80 , 5
288 , 97.50 , 16.00 , 23.80 , 5
289 , 95.00 , 46.60 , 23.80 , 5
290 , 92.50 , 94.20 , 23.80 , 5
Going to Annealing Temperature
291 , 92.50 , 94.20 , 23.80 , 5
292 , 91.00 , 94.20 , 23.80 , 5
293 , 88.75 , 94.20 , 23.80 , 5
294 , 85.25 , 94.20 , 23.80 , 5
295 , 82.50 , 94.20 , 23.80 , 5
296 , 79.50 , 94.20 , 23.80 , 5
297 , 76.00 , 94.20 , 23.80 , 5
298 , 73.75 , 94.20 , 23.80 , 5
299 , 71.00 , 94.20 , 23.80 , 5
300 , 68.25 , 94.20 , 23.80 , 5
301 , 66.25 , 94.20 , 23.80 , 5
302 , 63.75 , 94.20 , 23.80 , 5
303 , 61.75 , 94.20 , 23.80 , 5
304 , 59.25 , 94.20 , 23.80 , 5
305 , 57.75 , 94.20 , 23.80 , 5
306 , 56.00 , 94.20 , 23.80 , 5
307 , 54.00 , 94.20 , 23.80 , 5
Annealing DNA Now
308 , 52.50 , 94.20 , 80.00 , 5
309 , 51.50 , 94.20 , 100.00 , 5
310 , 52.25 , 94.20 , 100.00 , 5
311 , 53.75 , 94.20 , 100.00 , 5
312 , 55.75 , 94.20 , 84.40 , 5
313 , 57.50 , 94.20 , 42.20 , 5
314 , 57.50 , 94.20 , 3.60 , 5
315 , 56.75 , 94.20 , 0.00 , 5
316 , 56.25 , 94.20 , 12.00 , 5
317 , 55.25 , 94.20 , 19.40 , 5
Going to Extension Temperature
318 , 54.75 , 200.00 , 19.40 , 5
319 , 56.50 , 200.00 , 19.40 , 5
320 , 59.50 , 200.00 , 19.40 , 5
321 , 63.25 , 200.00 , 19.40 , 5
322 , 66.50 , 200.00 , 19.40 , 5
Extending DNA Now
323 , 68.75 , 156.20 , 19.40 , 5
324 , 70.50 , 110.60 , 19.40 , 5
325 , 71.50 , 73.60 , 19.40 , 5
326 , 71.25 , 50.80 , 19.40 , 5
327 , 70.00 , 53.20 , 19.40 , 5
328 , 68.25 , 76.60 , 19.40 , 5
329 , 69.00 , 111.40 , 19.40 , 5
330 , 69.25 , 95.60 , 19.40 , 5
331 , 70.25 , 89.60 , 19.40 , 5
332 , 70.25 , 67.80 , 19.40 , 5
333 , 70.00 , 66.00 , 19.40 , 5
334 , 69.75 , 69.40 , 19.40 , 5
335 , 69.50 , 73.00 , 19.40 , 5
336 , 69.00 , 76.80 , 19.40 , 5
337 , 69.00 , 86.00 , 19.40 , 5
338 , 68.50 , 85.20 , 19.40 , 5
339 , 69.00 , 94.80 , 19.40 , 5
340 , 69.75 , 84.00 , 19.40 , 5
341 , 69.75 , 67.60 , 19.40 , 5
342 , 69.00 , 66.20 , 19.40 , 5
343 , 69.50 , 66.20 , 19.40 , 5
Going to Denaturing Temperature
344 , 68.50 , 200.00 , 19.40 , 6
345 , 72.00 , 200.00 , 19.40 , 6
346 , 77.50 , 200.00 , 19.40 , 6
347 , 82.50 , 200.00 , 19.40 , 6
348 , 87.00 , 200.00 , 19.40 , 6
349 , 90.75 , 200.00 , 19.40 , 6
350 , 94.25 , 200.00 , 19.40 , 6
Denaturing DNA Now
351 , 97.75 , 131.40 , 19.40 , 6
352 , 99.50 , 56.80 , 19.40 , 6
353 , 97.50 , 15.80 , 19.40 , 6
354 , 95.50 , 51.40 , 19.40 , 6
355 , 93.50 , 88.60 , 19.40 , 6
Going to Annealing Temperature
356 , 92.50 , 88.60 , 19.40 , 6
357 , 91.50 , 88.60 , 19.40 , 6
358 , 88.75 , 88.60 , 19.40 , 6
359 , 86.00 , 88.60 , 19.40 , 6
360 , 82.25 , 88.60 , 19.40 , 6
361 , 79.75 , 88.60 , 19.40 , 6
362 , 76.25 , 88.60 , 19.40 , 6
363 , 74.00 , 88.60 , 19.40 , 6
364 , 71.25 , 88.60 , 19.40 , 6
365 , 68.00 , 88.60 , 19.40 , 6
366 , 66.50 , 88.60 , 19.40 , 6
367 , 64.25 , 88.60 , 19.40 , 6
368 , 61.50 , 88.60 , 19.40 , 6
369 , 59.75 , 88.60 , 19.40 , 6
370 , 58.00 , 88.60 , 19.40 , 6
371 , 55.75 , 88.60 , 19.40 , 6
372 , 54.50 , 88.60 , 19.40 , 6
Annealing DNA Now
373 , 52.75 , 88.60 , 70.00 , 6
374 , 51.25 , 88.60 , 100.00 , 6
375 , 52.25 , 88.60 , 100.00 , 6
376 , 54.00 , 88.60 , 100.00 , 6
377 , 55.50 , 88.60 , 79.20 , 6
378 , 56.75 , 88.60 , 47.20 , 6
379 , 57.25 , 88.60 , 19.20 , 6
380 , 57.50 , 88.60 , 5.80 , 6
381 , 56.75 , 88.60 , 0.00 , 6
382 , 55.50 , 88.60 , 9.20 , 6
Going to Extension Temperature
383 , 54.50 , 200.00 , 9.20 , 6
384 , 55.75 , 200.00 , 9.20 , 6
385 , 59.50 , 200.00 , 9.20 , 6
386 , 62.25 , 200.00 , 9.20 , 6
387 , 65.25 , 200.00 , 9.20 , 6
388 , 68.00 , 183.40 , 9.20 , 6
Extending DNA Now
389 , 71.00 , 128.40 , 9.20 , 6
390 , 71.50 , 66.00 , 9.20 , 6
391 , 71.75 , 53.20 , 9.20 , 6
392 , 70.25 , 45.20 , 9.20 , 6
393 , 69.75 , 73.40 , 9.20 , 6
394 , 69.00 , 82.00 , 9.20 , 6
395 , 69.00 , 96.20 , 9.20 , 6
397 , 68.50 , 95.40 , 9.20 , 6
398 , 69.25 , 105.00 , 9.20 , 6
399 , 70.00 , 89.00 , 9.20 , 6
400 , 70.25 , 72.40 , 9.20 , 6
401 , 70.00 , 65.60 , 9.20 , 6
402 , 69.25 , 69.00 , 9.20 , 6
403 , 69.50 , 83.00 , 9.20 , 6
404 , 69.00 , 76.80 , 9.20 , 6
405 , 69.00 , 86.00 , 9.20 , 6
406 , 69.25 , 85.20 , 9.20 , 6
407 , 69.75 , 79.20 , 9.20 , 6
408 , 69.00 , 67.80 , 9.20 , 6
409 , 68.75 , 67.80 , 9.20 , 6
Going to Denaturing Temperature
410 , 68.75 , 200.00 , 9.20 , 7
411 , 71.50 , 200.00 , 9.20 , 7
412 , 77.00 , 200.00 , 9.20 , 7
413 , 82.25 , 200.00 , 9.20 , 7
414 , 86.50 , 200.00 , 9.20 , 7
415 , 90.00 , 200.00 , 9.20 , 7
416 , 94.00 , 200.00 , 9.20 , 7
Denaturing DNA Now
417 , 97.25 , 140.60 , 9.20 , 7
418 , 99.00 , 71.40 , 9.20 , 7
419 , 98.00 , 30.80 , 9.20 , 7
420 , 96.25 , 46.00 , 9.20 , 7
421 , 93.75 , 77.60 , 9.20 , 7
Going to Annealing Temperature
422 , 93.00 , 77.60 , 9.20 , 7
423 , 91.00 , 77.60 , 9.20 , 7
424 , 88.00 , 77.60 , 9.20 , 7
425 , 85.25 , 77.60 , 9.20 , 7
426 , 82.25 , 77.60 , 9.20 , 7
427 , 79.50 , 77.60 , 9.20 , 7
428 , 76.50 , 77.60 , 9.20 , 7
429 , 73.00 , 77.60 , 9.20 , 7
430 , 70.75 , 77.60 , 9.20 , 7
431 , 68.25 , 77.60 , 9.20 , 7
432 , 66.00 , 77.60 , 9.20 , 7
433 , 63.75 , 77.60 , 9.20 , 7
434 , 61.75 , 77.60 , 9.20 , 7
435 , 59.00 , 77.60 , 9.20 , 7
436 , 57.75 , 77.60 , 9.20 , 7
437 , 55.50 , 77.60 , 9.20 , 7
438 , 54.25 , 77.60 , 9.20 , 7
Annealing DNA Now
439 , 52.75 , 77.60 , 75.00 , 7
440 , 51.50 , 77.60 , 100.00 , 7
441 , 52.00 , 77.60 , 100.00 , 7
442 , 53.75 , 77.60 , 100.00 , 7
443 , 55.25 , 77.60 , 84.40 , 7
444 , 57.00 , 77.60 , 52.60 , 7
445 , 57.50 , 77.60 , 14.40 , 7
446 , 57.00 , 77.60 , 0.80 , 7
447 , 56.50 , 77.60 , 7.60 , 7
448 , 55.25 , 77.60 , 14.80 , 7
Going to Extension Temperature
449 , 55.00 , 200.00 , 14.80 , 7
450 , 56.00 , 200.00 , 14.80 , 7
451 , 59.75 , 200.00 , 14.80 , 7
452 , 62.50 , 200.00 , 14.80 , 7
453 , 65.25 , 200.00 , 14.80 , 7
454 , 68.25 , 183.20 , 14.80 , 7
Extending DNA Now
455 , 70.50 , 123.00 , 14.80 , 7
456 , 71.50 , 76.00 , 14.80 , 7
457 , 71.75 , 53.20 , 14.80 , 7
458 , 70.25 , 45.20 , 14.80 , 7
459 , 69.75 , 73.40 , 14.80 , 7
460 , 68.50 , 82.00 , 14.80 , 7
461 , 68.75 , 106.60 , 14.80 , 7
462 , 68.75 , 101.00 , 14.80 , 7
463 , 69.50 , 100.40 , 14.80 , 7
464 , 70.50 , 84.20 , 14.80 , 7
465 , 70.25 , 62.20 , 14.80 , 7
466 , 70.50 , 65.40 , 14.80 , 7
467 , 69.50 , 58.40 , 14.80 , 7
468 , 69.25 , 77.20 , 14.80 , 7
469 , 69.25 , 81.20 , 14.80 , 7
470 , 68.75 , 80.20 , 14.80 , 7
471 , 68.75 , 89.60 , 14.80 , 7
472 , 69.25 , 89.00 , 14.80 , 7
473 , 69.00 , 78.00 , 14.80 , 7
474 , 69.25 , 82.20 , 14.80 , 7
475 , 69.00 , 82.20 , 14.80 , 7
Going to Denaturing Temperature
476 , 69.25 , 200.00 , 14.80 , 8
477 , 72.50 , 200.00 , 14.80 , 8
478 , 78.00 , 200.00 , 14.80 , 8
479 , 82.50 , 200.00 , 14.80 , 8
480 , 86.25 , 200.00 , 14.80 , 8
481 , 90.25 , 200.00 , 14.80 , 8
482 , 92.75 , 200.00 , 14.80 , 8
Denaturing DNA Now
483 , 97.00 , 163.60 , 14.80 , 8
484 , 99.00 , 74.60 , 14.80 , 8
485 , 98.25 , 29.00 , 14.80 , 8
486 , 96.25 , 39.00 , 14.80 , 8
487 , 93.75 , 75.60 , 14.80 , 8
Going to Annealing Temperature
488 , 93.00 , 75.60 , 14.80 , 8
489 , 91.00 , 75.60 , 14.80 , 8
490 , 88.25 , 75.60 , 14.80 , 8
491 , 85.00 , 75.60 , 14.80 , 8
492 , 82.00 , 75.60 , 14.80 , 8
493 , 79.25 , 75.60 , 14.80 , 8
494 , 76.25 , 75.60 , 14.80 , 8
495 , 73.75 , 75.60 , 14.80 , 8
496 , 71.00 , 75.60 , 14.80 , 8
497 , 68.25 , 75.60 , 14.80 , 8
498 , 65.50 , 75.60 , 14.80 , 8
499 , 63.25 , 75.60 , 14.80 , 8
500 , 61.75 , 75.60 , 14.80 , 8
501 , 59.75 , 75.60 , 14.80 , 8
502 , 57.75 , 75.60 , 14.80 , 8
503 , 55.75 , 75.60 , 14.80 , 8
504 , 54.50 , 75.60 , 14.80 , 8
Annealing DNA Now
505 , 52.50 , 75.60 , 70.00 , 8
506 , 51.75 , 75.60 , 100.00 , 8
507 , 52.25 , 75.60 , 100.00 , 8
508 , 54.00 , 75.60 , 100.00 , 8
509 , 55.00 , 75.60 , 79.20 , 8
510 , 56.50 , 75.60 , 57.60 , 8
511 , 57.00 , 75.60 , 24.80 , 8
512 , 57.25 , 75.60 , 11.60 , 8
513 , 56.50 , 75.60 , 3.20 , 8
514 , 55.75 , 75.60 , 15.40 , 8
Going to Extension Temperature
515 , 55.25 , 200.00 , 15.40 , 8
516 , 56.00 , 200.00 , 15.40 , 8
517 , 59.50 , 200.00 , 15.40 , 8
518 , 62.50 , 200.00 , 15.40 , 8
519 , 65.00 , 200.00 , 15.40 , 8
520 , 67.50 , 188.60 , 15.40 , 8
Extending DNA Now
521 , 69.75 , 139.00 , 15.40 , 8
522 , 71.00 , 92.60 , 15.40 , 8
523 , 71.25 , 65.20 , 15.40 , 8
524 , 70.50 , 57.60 , 15.40 , 8
525 , 69.75 , 70.60 , 15.40 , 8
526 , 69.25 , 84.20 , 15.40 , 8
527 , 68.50 , 93.20 , 15.40 , 8
528 , 69.00 , 107.80 , 15.40 , 8
529 , 69.00 , 97.00 , 15.40 , 8
530 , 69.50 , 96.20 , 15.40 , 8
531 , 69.75 , 85.00 , 15.40 , 8
532 , 69.75 , 78.60 , 15.40 , 8
533 , 70.00 , 77.20 , 15.40 , 8
534 , 69.75 , 70.60 , 15.40 , 8
535 , 69.25 , 74.20 , 15.40 , 8
536 , 68.75 , 83.20 , 15.40 , 8
537 , 68.75 , 92.60 , 15.40 , 8
538 , 69.00 , 92.00 , 15.40 , 8
539 , 69.25 , 86.20 , 15.40 , 8
540 , 69.75 , 80.20 , 15.40 , 8
541 , 69.25 , 80.20 , 15.40 , 8
Going to Denaturing Temperature
542 , 69.00 , 200.00 , 15.40 , 9
543 , 72.50 , 200.00 , 15.40 , 9
544 , 78.00 , 200.00 , 15.40 , 9
545 , 82.75 , 200.00 , 15.40 , 9
546 , 86.50 , 200.00 , 15.40 , 9
547 , 90.00 , 200.00 , 15.40 , 9
548 , 93.00 , 200.00 , 15.40 , 9
Denaturing DNA Now
549 , 96.25 , 161.20 , 15.40 , 9
550 , 98.75 , 92.80 , 15.40 , 9
551 , 99.00 , 37.40 , 15.40 , 9
552 , 96.50 , 26.80 , 15.40 , 9
553 , 94.50 , 73.20 , 15.40 , 9
Going to Annealing Temperature
554 , 93.25 , 73.20 , 15.40 , 9
555 , 91.25 , 73.20 , 15.40 , 9
556 , 88.50 , 73.20 , 15.40 , 9
557 , 85.50 , 73.20 , 15.40 , 9
558 , 82.25 , 73.20 , 15.40 , 9
559 , 79.50 , 73.20 , 15.40 , 9
560 , 76.25 , 73.20 , 15.40 , 9
561 , 73.50 , 73.20 , 15.40 , 9
562 , 71.00 , 73.20 , 15.40 , 9
563 , 68.25 , 73.20 , 15.40 , 9
564 , 66.00 , 73.20 , 15.40 , 9
565 , 63.25 , 73.20 , 15.40 , 9
566 , 61.75 , 73.20 , 15.40 , 9
567 , 59.25 , 73.20 , 15.40 , 9
568 , 57.75 , 73.20 , 15.40 , 9
569 , 56.00 , 73.20 , 15.40 , 9
570 , 54.00 , 73.20 , 15.40 , 9
Annealing DNA Now
571 , 52.25 , 73.20 , 80.00 , 9
572 , 51.75 , 73.20 , 100.00 , 9
573 , 52.00 , 73.20 , 100.00 , 9
574 , 53.50 , 73.20 , 100.00 , 9
575 , 55.50 , 73.20 , 89.60 , 9
576 , 56.75 , 73.20 , 47.60 , 9
577 , 57.50 , 73.20 , 19.60 , 9
578 , 57.00 , 73.20 , 1.00 , 9
579 , 55.50 , 73.20 , 7.80 , 9
580 , 55.50 , 73.20 , 35.80 , 9
Going to Extension Temperature
581 , 55.00 , 200.00 , 35.80 , 9
582 , 55.75 , 200.00 , 35.80 , 9
583 , 59.75 , 200.00 , 35.80 , 9
584 , 63.00 , 200.00 , 35.80 , 9
585 , 65.75 , 200.00 , 35.80 , 9
586 , 67.75 , 173.40 , 35.80 , 9
Extending DNA Now
587 , 69.75 , 133.60 , 35.80 , 9
588 , 71.00 , 92.20 , 35.80 , 9
589 , 70.50 , 64.80 , 35.80 , 9
590 , 69.75 , 72.80 , 35.80 , 9
591 , 70.00 , 86.40 , 35.80 , 9
592 , 69.50 , 79.80 , 35.80 , 9
593 , 69.00 , 88.60 , 35.80 , 9
594 , 69.00 , 97.80 , 35.80 , 9
595 , 69.00 , 97.00 , 35.80 , 9
596 , 69.25 , 96.20 , 35.80 , 9
597 , 69.75 , 90.20 , 35.80 , 9
598 , 69.75 , 78.80 , 35.80 , 9
599 , 69.75 , 77.40 , 35.80 , 9
600 , 69.50 , 76.00 , 35.80 , 9
601 , 69.75 , 79.80 , 35.80 , 9
602 , 69.50 , 73.40 , 35.80 , 9
603 , 69.50 , 77.20 , 35.80 , 9
604 , 69.25 , 76.00 , 35.80 , 9
605 , 68.75 , 80.00 , 35.80 , 9
606 , 69.00 , 89.40 , 35.80 , 9
607 , 68.50 , 89.40 , 35.80 , 9
Going to Denaturing Temperature
608 , 69.00 , 200.00 , 35.80 , 10
609 , 71.75 , 200.00 , 35.80 , 10
610 , 77.25 , 200.00 , 35.80 , 10
611 , 81.25 , 200.00 , 35.80 , 10
61⸮ , 85.25 , 200.00 , 35.80 , 10
613 , 89.00 , 200.00 , 35.80 , 10
614 , 92.75 , 200.00 , 35.80 , 10
Denaturing DNA Now
615 , 95.75 , 170.40 , 35.80 , 10
616 , 97.50 , 107.40 , 35.80 , 10
617 , 97.50 , 68.00 , 35.80 , 10
618 , 96.75 , 63.60 , 35.80 , 10
619 , 95.50 , 74.80 , 35.80 , 10
Going to Annealing Temperature
620 , 94.25 , 74.80 , 35.80 , 10
621 , 92.50 , 74.80 , 35.80 , 10
622 , 89.00 , 74.80 , 35.80 , 10
623 , 86.25 , 74.80 , 35.80 , 10
624 , 82.75 , 74.80 , 35.80 , 10
625 , 79.75 , 74.80 , 35.80 , 10
626 , 77.25 , 74.80 , 35.80 , 10
627 , 74.25 , 74.80 , 35.80 , 10
628 , 71.75 , 74.80 , 35.80 , 10
629 , 68.75 , 74.80 , 35.80 , 10
630 , 66.50 , 74.80 , 35.80 , 10
631 , 64.25 , 74.80 , 35.80 , 10
632 , 61.50 , 74.80 , 35.80 , 10
633 , 59.75 , 74.80 , 35.80 , 10
634 , 58.25 , 74.80 , 35.80 , 10
635 , 55.75 , 74.80 , 35.80 , 10
636 , 54.25 , 74.80 , 35.80 , 10
Annealing DNA Now
637 , 52.75 , 74.80 , 75.00 , 10
638 , 51.75 , 74.80 , 100.00 , 10
639 , 51.75 , 74.80 , 100.00 , 10
640 , 54.00 , 74.80 , 100.00 , 10
641 , 55.50 , 74.80 , 79.20 , 10
642 , 56.75 , 74.80 , 47.20 , 10
643 , 57.25 , 74.80 , 19.20 , 10
644 , 56.75 , 74.80 , 5.80 , 10
645 , 55.75 , 74.80 , 12.80 , 10
646 , 54.75 , 74.80 , 30.60 , 10
Going to Extension Temperature
647 , 54.50 , 200.00 , 30.60 , 10
648 , 56.00 , 200.00 , 30.60 , 10
649 , 59.00 , 200.00 , 30.60 , 10
650 , 62.25 , 200.00 , 30.60 , 10
651 , 64.75 , 200.00 , 30.60 , 10
652 , 67.00 , 196.00 , 30.60 , 10
Extending DNA Now
653 , 69.50 , 151.80 , 30.60 , 10
654 , 70.75 , 100.60 , 30.60 , 10
655 , 71.25 , 73.40 , 30.60 , 10
656 , 71.00 , 60.80 , 30.60 , 10
657 , 70.25 , 63.40 , 30.60 , 10
658 , 69.25 , 76.60 , 30.60 , 10
659 , 68.75 , 95.60 , 30.60 , 10
660 , 69.25 , 105.00 , 30.60 , 10
661 , 69.25 , 94.00 , 30.60 , 10
662 , 69.00 , 93.00 , 30.60 , 10
663 , 69.50 , 97.20 , 30.60 , 10
664 , 70.25 , 86.00 , 30.60 , 10
665 , 69.75 , 69.20 , 30.60 , 10
666 , 70.00 , 77.80 , 30.60 , 10
667 , 69.50 , 71.20 , 30.60 , 10
668 , 69.25 , 80.00 , 30.60 , 10
669 , 68.50 , 84.00 , 30.60 , 10
670 , 68.25 , 98.60 , 30.60 , 10
671 , 69.50 , 103.40 , 30.60 , 10
672 , 69.00 , 77.20 , 30.60 , 10
673 , 69.75 , 77.20 , 30.60 , 10
Going to Denaturing Temperature
674 , 69.50 , 200.00 , 30.60 , 11
675 , 71.75 , 200.00 , 30.60 , 11
676 , 77.50 , 200.00 , 30.60 , 11
677 , 81.75 , 200.00 , 30.60 , 11
678 , 85.50 , 200.00 , 30.60 , 11
679 , 89.00 , 200.00 , 30.60 , 11
680 , 92.00 , 200.00 , 30.60 , 11
Denaturing DNA Now
681 , 95.25 , 186.60 , 30.60 , 11
682 , 97.50 , 119.00 , 30.60 , 11
683 , 98.00 , 69.60 , 30.60 , 11
684 , 97.25 , 54.80 , 30.60 , 11
685 , 95.50 , 65.60 , 30.60 , 11
Going to Annealing Temperature
686 , 93.75 , 65.60 , 30.60 , 11
687 , 91.75 , 65.60 , 30.60 , 11
688 , 88.75 , 65.60 , 30.60 , 11
689 , 85.75 , 65.60 , 30.60 , 11
690 , 82.75 , 65.60 , 30.60 , 11
691 , 79.50 , 65.60 , 30.60 , 11
692 , 76.75 , 65.60 , 30.60 , 11
693 , 73.50 , 65.60 , 30.60 , 11
694 , 71.75 , 65.60 , 30.60 , 11
695 , 69.00 , 65.60 , 30.60 , 11
696 , 65.75 , 65.60 , 30.60 , 11
697 , 64.00 , 65.60 , 30.60 , 11
698 , 61.75 , 65.60 , 30.60 , 11
699 , 60.00 , 65.60 , 30.60 , 11
700 , 58.00 , 65.60 , 30.60 , 11
701 , 56.00 , 65.60 , 30.60 , 11
702 , 54.50 , 65.60 , 30.60 , 11
Annealing DNA Now
703 , 52.75 , 65.60 , 70.00 , 11
704 , 51.75 , 65.60 , 100.00 , 11
705 , 52.50 , 65.60 , 100.00 , 11
706 , 53.25 , 65.60 , 100.00 , 11
707 , 55.00 , 65.60 , 94.80 , 11
708 , 56.50 , 65.60 , 58.20 , 11
709 , 57.50 , 65.60 , 25.40 , 11
710 , 57.00 , 65.60 , 1.80 , 11
711 , 55.50 , 65.60 , 8.60 , 11
712 , 55.75 , 65.60 , 36.60 , 11
Going to Extension Temperature
713 , 54.75 , 200.00 , 36.60 , 11
714 , 56.25 , 200.00 , 36.60 , 11
715 , 59.50 , 200.00 , 36.60 , 11
716 , 62.00 , 200.00 , 36.60 , 11
717 , 64.50 , 200.00 , 36.60 , 11
718 , 67.00 , 200.00 , 36.60 , 11
Extending DNA Now
719 , 69.75 , 151.60 , 36.60 , 11
720 , 71.00 , 95.20 , 36.60 , 11
721 , 71.25 , 67.80 , 36.60 , 11
722 , 70.50 , 60.20 , 36.60 , 11
723 , 69.75 , 73.20 , 36.60 , 11
724 , 68.50 , 86.80 , 36.60 , 11
725 , 69.00 , 111.40 , 36.60 , 11
726 , 69.00 , 100.60 , 36.60 , 11
727 , 69.50 , 99.80 , 36.60 , 11
728 , 69.50 , 88.60 , 36.60 , 11
729 , 69.50 , 87.40 , 36.60 , 11
730 , 69.50 , 86.20 , 36.60 , 11
731 , 70.00 , 85.00 , 36.60 , 11
732 , 69.00 , 73.40 , 36.60 , 11
733 , 68.75 , 92.60 , 36.60 , 11
734 , 69.00 , 97.00 , 36.60 , 11
735 , 69.50 , 91.20 , 36.60 , 11
736 , 69.25 , 80.00 , 36.60 , 11
737 , 69.50 , 84.00 , 36.60 , 11
738 , 69.25 , 77.80 , 36.60 , 11
739 , 68.75 , 77.80 , 36.60 , 11
Going to Denaturing Temperature
740 , 68.50 , 200.00 , 36.60 , 12
741 , 71.25 , 200.00 , 36.60 , 12
742 , 76.25 , 200.00 , 36.60 , 12
743 , 80.50 , 200.00 , 36.60 , 12
744 , 84.25 , 200.00 , 36.60 , 12
745 , 87.75 , 200.00 , 36.60 , 12
746 , 90.50 , 200.00 , 36.60 , 12
747 , 93.75 , 200.00 , 36.60 , 12
Denaturing DNA Now
748 , 95.75 , 158.00 , 36.60 , 12
749 , 98.00 , 115.00 , 36.60 , 12
750 , 98.00 , 65.20 , 36.60 , 12
751 , 97.00 , 60.40 , 36.60 , 12
752 , 95.25 , 76.40 , 36.60 , 12
Going to Annealing Temperature
753 , 94.25 , 76.40 , 36.60 , 12
754 , 92.75 , 76.40 , 36.60 , 12
755 , 90.25 , 76.40 , 36.60 , 12
756 , 86.75 , 76.40 , 36.60 , 12
757 , 83.75 , 76.40 , 36.60 , 12
758 , 81.00 , 76.40 , 36.60 , 12
759 , 77.75 , 76.40 , 36.60 , 12
760 , 74.50 , 76.40 , 36.60 , 12
761 , 72.00 , 76.40 , 36.60 , 12
762 , 69.75 , 76.40 , 36.60 , 12
763 , 67.25 , 76.40 , 36.60 , 12
764 , 65.00 , 76.40 , 36.60 , 12
765 , 62.75 , 76.40 , 36.60 , 12
766 , 60.00 , 76.40 , 36.60 , 12
767 , 58.75 , 76.40 , 36.60 , 12
768 , 56.75 , 76.40 , 36.60 , 12
769 , 55.00 , 76.40 , 36.60 , 12
Annealing DNA Now
770 , 53.50 , 76.40 , 60.00 , 12
771 , 52.00 , 76.40 , 89.60 , 12
772 , 52.50 , 76.40 , 100.00 , 12
773 , 53.75 , 76.40 , 100.00 , 12
774 , 55.00 , 76.40 , 84.40 , 12
775 , 56.00 , 76.40 , 57.80 , 12
776 , 57.25 , 76.40 , 35.40 , 12
777 , 56.75 , 76.40 , 7.00 , 12
778 , 56.50 , 76.40 , 14.00 , 12
779 , 55.25 , 76.40 , 16.20 , 12
Going to Extension Temperature
780 , 54.25 , 200.00 , 16.20 , 12
781 , 56.25 , 200.00 , 16.20 , 12
782 , 58.75 , 200.00 , 16.20 , 12
783 , 61.25 , 200.00 , 16.20 , 12
784 , 64.50 , 200.00 , 16.20 , 12
785 , 66.75 , 200.00 , 16.20 , 12
Extending DNA Now
786 , 68.50 , 158.40 , 16.20 , 12
787 , 70.50 , 123.00 , 16.20 , 12
788 , 70.75 , 81.00 , 16.20 , 12
789 , 70.25 , 73.80 , 16.20 , 12
790 , 70.00 , 82.00 , 16.20 , 12
791 , 69.00 , 85.40 , 16.20 , 12
792 , 69.25 , 104.60 , 16.20 , 12
793 , 69.50 , 98.60 , 16.20 , 12
794 , 69.50 , 92.40 , 16.20 , 12
795 , 69.75 , 91.20 , 16.20 , 12
796 , 69.50 , 84.80 , 16.20 , 12
797 , 69.25 , 88.60 , 16.20 , 12
798 , 68.75 , 92.60 , 16.20 , 12
799 , 69.50 , 102.00 , 16.20 , 12
800 , 69.25 , 85.80 , 16.20 , 12
801 , 69.75 , 89.80 , 16.20 , 12
802 , 69.75 , 78.40 , 16.20 , 12
803 , 69.00 , 77.00 , 16.20 , 12
804 , 69.00 , 91.20 , 16.20 , 12
805 , 68.75 , 90.40 , 16.20 , 12
806 , 68.75 , 90.40 , 16.20 , 12
Going to Denaturing Temperature
807 , 69.25 , 200.00 , 16.20 , 13
808 , 71.75 , 200.00 , 16.20 , 13
809 , 76.50 , 200.00 , 16.20 , 13
810 , 80.75 , 200.00 , 16.20 , 13
811 , 84.25 , 200.00 , 16.20 , 13
812 , 87.50 , 200.00 , 16.20 , 13
813 , 90.25 , 200.00 , 16.20 , 13
814 , 92.75 , 200.00 , 16.20 , 13
Denaturing DNA Now
815 , 96.00 , 180.40 , 16.20 , 13
816 , 97.75 , 112.20 , 16.20 , 13
817 , 98.25 , 72.60 , 16.20 , 13
818 , 96.75 , 57.60 , 16.20 , 13
819 , 95.25 , 83.80 , 16.20 , 13
Going to Annealing Temperature
820 , 94.75 , 83.80 , 16.20 , 13
821 , 92.25 , 83.80 , 16.20 , 13
822 , 89.25 , 83.80 , 16.20 , 13
823 , 86.00 , 83.80 , 16.20 , 13
824 , 83.00 , 83.80 , 16.20 , 13
825 , 80.00 , 83.80 , 16.20 , 13
826 , 77.00 , 83.80 , 16.20 , 13
827 , 74.25 , 83.80 , 16.20 , 13
828 , 71.75 , 83.80 , 16.20 , 13
829 , 69.00 , 83.80 , 16.20 , 13
830 , 66.50 , 83.80 , 16.20 , 13
831 , 64.25 , 83.80 , 16.20 , 13
832 , 61.75 , 83.80 , 16.20 , 13
833 , 60.00 , 83.80 , 16.20 , 13
834 , 58.00 , 83.80 , 16.20 , 13
835 , 56.25 , 83.80 , 16.20 , 13
836 , 54.25 , 83.80 , 16.20 , 13
Annealing DNA Now
837 , 52.50 , 83.80 , 75.00 , 13
838 , 51.75 , 83.80 , 100.00 , 13
839 , 52.50 , 83.80 , 100.00 , 13
840 , 53.25 , 83.80 , 100.00 , 13
841 , 55.25 , 83.80 , 94.80 , 13
842 , 56.75 , 83.80 , 53.00 , 13
843 , 56.75 , 83.80 , 20.00 , 13
844 , 56.50 , 83.80 , 17.00 , 13
845 , 56.00 , 83.80 , 19.20 , 13
846 , 55.25 , 83.80 , 26.80 , 13
Going to Extension Temperature
847 , 54.50 , 200.00 , 26.80 , 13
848 , 56.75 , 200.00 , 26.80 , 13
849 , 59.25 , 200.00 , 26.80 , 13
850 , 62.00 , 200.00 , 26.80 , 13
851 , 64.00 , 200.00 , 26.80 , 13
852 , 66.50 , 200.00 , 26.80 , 13
Extending DNA Now
854 , 68.75 , 163.00 , 26.80 , 13
855 , 70.00 , 117.40 , 26.80 , 13
856 , 70.50 , 90.80 , 26.80 , 13
857 , 70.75 , 78.80 , 26.80 , 13
858 , 70.50 , 71.60 , 26.80 , 13
859 , 69.50 , 74.60 , 26.80 , 13
860 , 69.25 , 93.40 , 26.80 , 13
861 , 68.75 , 97.40 , 26.80 , 13
862 , 69.25 , 106.80 , 26.80 , 13
863 , 69.25 , 95.80 , 26.80 , 13
864 , 69.25 , 94.80 , 26.80 , 13
865 , 69.50 , 93.80 , 26.80 , 13
866 , 69.50 , 87.60 , 26.80 , 13
867 , 69.50 , 86.40 , 26.80 , 13
868 , 69.50 , 85.20 , 26.80 , 13
869 , 69.50 , 84.00 , 26.80 , 13
870 , 69.00 , 82.80 , 26.80 , 13
871 , 69.25 , 92.00 , 26.80 , 13
872 , 69.25 , 86.00 , 26.80 , 13
873 , 69.75 , 85.00 , 26.80 , 13
874 , 69.50 , 85.00 , 26.80 , 13
Going to Denaturing Temperature
875 , 69.25 , 200.00 , 26.80 , 14
876 , 72.50 , 200.00 , 26.80 , 14
877 , 77.00 , 200.00 , 26.80 , 14
878 , 80.75 , 200.00 , 26.80 , 14
879 , 84.50 , 200.00 , 26.80 , 14
880 , 87.50 , 200.00 , 26.80 , 14
881 , 90.50 , 200.00 , 26.80 , 14
882 , 93.25 , 200.00 , 26.80 , 14
Denaturing DNA Now
883 , 96.25 , 167.60 , 26.80 , 14
884 , 97.75 , 104.20 , 26.80 , 14
885 , 97.75 , 69.60 , 26.80 , 14
886 , 96.00 , 65.00 , 26.80 , 14
887 , 95.25 , 96.80 , 26.80 , 14
Going to Annealing Temperature
888 , 95.00 , 96.80 , 26.80 , 14
889 , 92.50 , 96.80 , 26.80 , 14
890 , 90.00 , 96.80 , 26.80 , 14
891 , 86.75 , 96.80 , 26.80 , 14
892 , 83.25 , 96.80 , 26.80 , 14
893 , 80.50 , 96.80 , 26.80 , 14
894 , 77.50 , 96.80 , 26.80 , 14
895 , 74.75 , 96.80 , 26.80 , 14
896 , 72.00 , 96.80 , 26.80 , 14
897 , 69.50 , 96.80 , 26.80 , 14
898 , 67.00 , 96.80 , 26.80 , 14
899 , 64.25 , 96.80 , 26.80 , 14
900 , 62.25 , 96.80 , 26.80 , 14
901 , 60.50 , 96.80 , 26.80 , 14
902 , 58.25 , 96.80 , 26.80 , 14
903 , 56.75 , 96.80 , 26.80 , 14
904 , 54.75 , 96.80 , 26.80 , 14
Annealing DNA Now
905 , 53.25 , 96.80 , 65.00 , 14
906 , 52.25 , 96.80 , 94.80 , 14
907 , 52.50 , 96.80 , 100.00 , 14
908 , 53.50 , 96.80 , 100.00 , 14
909 , 54.50 , 96.80 , 89.60 , 14
910 , 56.00 , 96.80 , 68.40 , 14
911 , 57.25 , 96.80 , 36.00 , 14
912 , 56.75 , 96.80 , 7.60 , 14
913 , 56.50 , 96.80 , 14.60 , 14
914 , 56.00 , 96.80 , 16.80 , 14
Going to Extension Temperature
915 , 55.00 , 200.00 , 16.80 , 14
916 , 56.25 , 200.00 , 16.80 , 14
917 , 58.75 , 200.00 , 16.80 , 14
918 , 61.25 , 200.00 , 16.80 , 14
919 , 64.25 , 200.00 , 16.80 , 14
920 , 66.25 , 200.00 , 16.80 , 14
921 , 68.50 , 168.40 , 16.80 , 14
Extending DNA Now
922 , 70.00 , 123.00 , 16.80 , 14
923 , 70.50 , 91.40 , 16.80 , 14
924 , 70.00 , 79.40 , 16.80 , 14
925 , 70.25 , 87.80 , 16.80 , 14
926 , 69.25 , 81.00 , 16.80 , 14
927 , 69.50 , 100.00 , 16.80 , 14
928 , 68.75 , 93.80 , 16.80 , 14
929 , 68.50 , 108.20 , 16.80 , 14
930 , 69.50 , 112.80 , 16.80 , 14
931 , 69.50 , 91.60 , 16.80 , 14
932 , 70.00 , 90.40 , 16.80 , 14
933 , 70.00 , 78.80 , 16.80 , 14
934 , 69.50 , 77.20 , 16.80 , 14
935 , 69.25 , 86.00 , 16.80 , 14
936 , 69.25 , 90.00 , 16.80 , 14
937 , 69.25 , 89.00 , 16.80 , 14
938 , 69.25 , 88.00 , 16.80 , 14
939 , 69.00 , 87.00 , 16.80 , 14
940 , 69.00 , 91.20 , 16.80 , 14
941 , 69.50 , 90.40 , 16.80 , 14
942 , 69.25 , 90.40 , 16.80 , 14
Going to Denaturing Temperature
943 , 69.00 , 200.00 , 16.80 , 15
944 , 71.75 , 200.00 , 16.80 , 15
945 , 76.50 , 200.00 , 16.80 , 15
946 , 80.75 , 200.00 , 16.80 , 15
947 , 84.25 , 200.00 , 16.80 , 15
948 , 87.25 , 200.00 , 16.80 , 15
949 , 90.00 , 200.00 , 16.80 , 15
950 , 92.75 , 200.00 , 16.80 , 15
Denaturing DNA Now
951 , 95.00 , 180.60 , 16.80 , 15
952 , 97.25 , 133.20 , 16.80 , 15
953 , 97.75 , 84.00 , 16.80 , 15
954 , 97.00 , 69.40 , 16.80 , 15
955 , 96.00 , 80.40 , 16.80 , 15
Going to Annealing Temperature
956 , 94.50 , 80.40 , 16.80 , 15
957 , 92.00 , 80.40 , 16.80 , 15
958 , 89.75 , 80.40 , 16.80 , 15
959 , 86.00 , 80.40 , 16.80 , 15
960 , 83.75 , 80.40 , 16.80 , 15
961 , 80.50 , 80.40 , 16.80 , 15
962 , 77.50 , 80.40 , 16.80 , 15
963 , 74.50 , 80.40 , 16.80 , 15
964 , 72.00 , 80.40 , 16.80 , 15
965 , 69.25 , 80.40 , 16.80 , 15
966 , 66.75 , 80.40 , 16.80 , 15
967 , 64.50 , 80.40 , 16.80 , 15
968 , 62.00 , 80.40 , 16.80 , 15
969 , 60.25 , 80.40 , 16.80 , 15
970 , 58.50 , 80.40 , 16.80 , 15
971 , 56.25 , 80.40 , 16.80 , 15
972 , 55.00 , 80.40 , 16.80 , 15
Annealing DNA Now
973 , 52.75 , 80.40 , 60.00 , 15
974 , 52.00 , 80.40 , 100.00 , 15
975 , 52.25 , 80.40 , 100.00 , 15
976 , 53.50 , 80.40 , 100.00 , 15
977 , 54.75 , 80.40 , 89.60 , 15
978 , 56.00 , 80.40 , 63.20 , 15
979 , 56.75 , 80.40 , 35.80 , 15
980 , 57.00 , 80.40 , 17.80 , 15
981 , 56.25 , 80.40 , 9.60 , 15
982 , 55.25 , 80.40 , 22.00 , 15
Going to Extension Temperature
983 , 54.75 , 200.00 , 22.00 , 15
984 , 56.00 , 200.00 , 22.00 , 15
985 , 58.25 , 200.00 , 22.00 , 15
986 , 61.00 , 200.00 , 22.00 , 15
987 , 63.25 , 200.00 , 22.00 , 15
988 , 65.25 , 200.00 , 22.00 , 15
989 , 67.25 , 191.80 , 22.00 , 15
Extending DNA Now
990 , 69.25 , 152.40 , 22.00 , 15
991 , 70.50 , 111.40 , 22.00 , 15
992 , 70.75 , 84.40 , 22.00 , 15
993 , 70.25 , 77.20 , 22.00 , 15
994 , 70.00 , 85.40 , 22.00 , 15
995 , 69.50 , 88.80 , 22.00 , 15
996 , 68.75 , 97.60 , 22.00 , 15
997 , 69.00 , 112.00 , 22.00 , 15
998 , 69.75 , 106.20 , 22.00 , 15
999 , 69.75 , 89.80 , 22.00 , 15
1000 , 70.25 , 88.40 , 22.00 , 15
1001 , 69.50 , 76.60 , 22.00 , 15
1002 , 69.75 , 90.40 , 22.00 , 15
1003 , 69.00 , 84.00 , 22.00 , 15
1004 , 69.25 , 98.20 , 22.00 , 15
1005 , 69.25 , 92.20 , 22.00 , 15
1006 , 69.25 , 91.20 , 22.00 , 15
1007 , 69.75 , 90.20 , 22.00 , 15
1008 , 69.25 , 78.80 , 22.00 , 15
1009 , 69.25 , 87.80 , 22.00 , 15
1010 , 68.75 , 87.80 , 22.00 , 15
Going to Denaturing Temperature
1011 , 69.25 , 200.00 , 22.00 , 16
1012 , 72.25 , 200.00 , 22.00 , 16
1013 , 76.50 , 200.00 , 22.00 , 16
1014 , 80.00 , 200.00 , 22.00 , 16
1015 , 83.25 , 200.00 , 22.00 , 16
1016 , 86.00 , 200.00 , 22.00 , 16
1017 , 89.50 , 200.00 , 22.00 , 16
1018 , 91.75 , 200.00 , 22.00 , 16
1019 , 94.50 , 200.00 , 22.00 , 16
Denaturing DNA Now
1020 , 96.25 , 148.00 , 22.00 , 16
1021 , 98.25 , 109.60 , 22.00 , 16
1022 , 97.75 , 64.60 , 22.00 , 16
1023 , 96.75 , 70.00 , 22.00 , 16
1024 , 95.00 , 86.20 , 22.00 , 16
Going to Annealing Temperature
1025 , 94.25 , 86.20 , 22.00 , 16
1026 , 92.00 , 86.20 , 22.00 , 16
1027 , 89.50 , 86.20 , 22.00 , 16
1028 , 86.25 , 86.20 , 22.00 , 16
1029 , 83.00 , 86.20 , 22.00 , 16
1030 , 80.25 , 86.20 , 22.00 , 16
1031 , 77.50 , 86.20 , 22.00 , 16
1032 , 74.25 , 86.20 , 22.00 , 16
1033 , 71.75 , 86.20 , 22.00 , 16
1034 , 69.25 , 86.20 , 22.00 , 16
1035 , 66.25 , 86.20 , 22.00 , 16
1036 , 63.75 , 86.20 , 22.00 , 16
1037 , 61.25 , 86.20 , 22.00 , 16
1038 , 59.75 , 86.20 , 22.00 , 16
1039 , 58.25 , 86.20 , 22.00 , 16
1040 , 56.50 , 86.20 , 22.00 , 16
1041 , 54.75 , 86.20 , 22.00 , 16
Annealing DNA Now
1042 , 52.75 , 86.20 , 65.00 , 16
1043 , 52.00 , 86.20 , 100.00 , 16
1044 , 52.25 , 86.20 , 100.00 , 16
1045 , 53.50 , 86.20 , 100.00 , 16
1046 , 55.00 , 86.20 , 89.60 , 16
1047 , 56.25 , 86.20 , 58.00 , 16
1048 , 56.50 , 86.20 , 30.40 , 16
1049 , 56.00 , 86.20 , 22.60 , 16
1050 , 55.50 , 86.20 , 30.20 , 16
1051 , 55.75 , 86.20 , 38.20 , 16
Going to Extension Temperature
1052 , 55.25 , 200.00 , 38.20 , 16
1053 , 56.75 , 200.00 , 38.20 , 16
1054 , 59.25 , 200.00 , 38.20 , 16
1055 , 61.25 , 200.00 , 38.20 , 16
1056 , 63.75 , 200.00 , 38.20 , 16
1057 , 65.75 , 200.00 , 38.20 , 16
1058 , 67.50 , 179.80 , 38.20 , 16
Extending DNA Now
1059 , 69.50 , 145.20 , 38.20 , 16
1060 , 70.00 , 104.00 , 38.20 , 16
1061 , 70.25 , 92.40 , 38.20 , 16
1062 , 69.50 , 85.60 , 38.20 , 16
1063 , 70.00 , 99.40 , 38.20 , 16
1064 , 69.50 , 87.80 , 38.20 , 16
1065 , 69.75 , 96.60 , 38.20 , 16
1066 , 70.00 , 90.20 , 38.20 , 16
1067 , 70.25 , 83.60 , 38.20 , 16
1068 , 69.75 , 76.80 , 38.20 , 16
1069 , 69.25 , 85.40 , 38.20 , 16
1070 , 69.00 , 94.40 , 38.20 , 16
1071 , 68.75 , 98.60 , 38.20 , 16
1072 , 68.50 , 103.00 , 38.20 , 16
1073 , 69.75 , 107.60 , 38.20 , 16
1074 , 69.50 , 81.20 , 38.20 , 16
1075 , 69.50 , 85.00 , 38.20 , 16
1076 , 69.75 , 83.80 , 38.20 , 16
1077 , 69.50 , 77.40 , 38.20 , 16
1078 , 68.25 , 81.20 , 38.20 , 16
1079 , 69.00 , 81.20 , 38.20 , 16
Going to Denaturing Temperature
1080 , 67.75 , 200.00 , 38.20 , 17
1081 , 71.25 , 200.00 , 38.20 , 17
1082 , 75.75 , 200.00 , 38.20 , 17
1083 , 78.75 , 200.00 , 38.20 , 17
1084 , 82.50 , 200.00 , 38.20 , 17
1085 , 85.75 , 200.00 , 38.20 , 17
1086 , 88.25 , 200.00 , 38.20 , 17
1087 , 91.00 , 200.00 , 38.20 , 17
1088 , 93.25 , 200.00 , 38.20 , 17
Denaturing DNA Now
1089 , 96.00 , 174.00 , 38.20 , 17
1090 , 97.50 , 115.80 , 38.20 , 17
1091 , 97.75 , 81.40 , 38.20 , 17
1092 , 96.50 , 71.80 , 38.20 , 17
1093 , 95.25 , 93.20 , 38.20 , 17
Going to Annealing Temperature
1094 , 94.75 , 93.20 , 38.20 , 17
1095 , 92.50 , 93.20 , 38.20 , 17
1096 , 89.75 , 93.20 , 38.20 , 17
1097 , 86.50 , 93.20 , 38.20 , 17
1098 , 83.00 , 93.20 , 38.20 , 17
1099 , 80.00 , 93.20 , 38.20 , 17
1100 , 76.75 , 93.20 , 38.20 , 17
1101 , 74.50 , 93.20 , 38.20 , 17
1102 , 72.00 , 93.20 , 38.20 , 17
1103 , 69.25 , 93.20 , 38.20 , 17
1104 , 66.75 , 93.20 , 38.20 , 17
1105 , 64.50 , 93.20 , 38.20 , 17
1106 , 62.25 , 93.20 , 38.20 , 17
1107 , 60.00 , 93.20 , 38.20 , 17
1108 , 58.25 , 93.20 , 38.20 , 17
1109 , 56.00 , 93.20 , 38.20 , 17
1110 , 54.75 , 93.20 , 38.20 , 17
Annealing DNA Now
1111 , 52.75 , 93.20 , 65.00 , 17
1112 , 52.00 , 93.20 , 100.00 , 17
1113 , 52.25 , 93.20 , 100.00 , 17
1114 , 53.50 , 93.20 , 100.00 , 17
1115 , 55.00 , 93.20 , 89.60 , 17
1116 , 55.50 , 93.20 , 58.00 , 17
1117 , 56.75 , 93.20 , 46.00 , 17
1118 , 56.75 , 93.20 , 18.00 , 17
1119 , 55.50 , 93.20 , 15.00 , 17
1120 , 55.25 , 93.20 , 38.00 , 17
Going to Extension Temperature
1121 , 54.50 , 200.00 , 38.00 , 17
1122 , 56.50 , 200.00 , 38.00 , 17
1123 , 58.75 , 200.00 , 38.00 , 17
1124 , 61.25 , 200.00 , 38.00 , 17
1125 , 63.25 , 200.00 , 38.00 , 17
1126 , 65.75 , 200.00 , 38.00 , 17
1127 , 67.00 , 181.60 , 38.00 , 17
Extending DNA Now
1128 , 69.25 , 157.40 , 38.00 , 17
1129 , 70.00 , 111.40 , 38.00 , 17
1130 , 70.00 , 94.80 , 38.00 , 17
1131 , 69.50 , 93.20 , 38.00 , 17
1132 , 69.50 , 102.00 , 38.00 , 17
1133 , 68.75 , 100.80 , 38.00 , 17
1134 , 69.25 , 115.20 , 38.00 , 17
1135 , 69.25 , 104.20 , 38.00 , 17
1136 , 69.25 , 103.20 , 38.00 , 17
1137 , 69.25 , 102.20 , 38.00 , 17
1138 , 70.25 , 101.20 , 38.00 , 17
1139 , 70.25 , 79.40 , 38.00 , 17
1140 , 69.50 , 77.60 , 38.00 , 17
1141 , 69.25 , 91.40 , 38.00 , 17
1142 , 68.75 , 95.40 , 38.00 , 17
1143 , 69.50 , 104.80 , 38.00 , 17
1144 , 69.25 , 88.60 , 38.00 , 17
1145 , 69.25 , 92.60 , 38.00 , 17
1146 , 69.25 , 91.60 , 38.00 , 17
1147 , 69.50 , 90.60 , 38.00 , 17
1148 , 69.25 , 90.60 , 38.00 , 17
Going to Denaturing Temperature
1149 , 69.25 , 200.00 , 38.00 , 18
1150 , 72.00 , 200.00 , 38.00 , 18
1151 , 76.50 , 200.00 , 38.00 , 18
1152 , 79.50 , 200.00 , 38.00 , 18
1153 , 82.75 , 200.00 , 38.00 , 18
1154 , 85.50 , 200.00 , 38.00 , 18
1155 , 88.50 , 200.00 , 38.00 , 18
1156 , 90.50 , 200.00 , 38.00 , 18
1157 , 93.75 , 200.00 , 38.00 , 18
Denaturing DNA Now
1158 , 95.75 , 163.60 , 38.00 , 18
1159 , 97.00 , 120.60 , 38.00 , 18
1160 , 97.75 , 91.60 , 38.00 , 18
1161 , 96.50 , 72.00 , 38.00 , 18
1162 , 95.75 , 93.40 , 38.00 , 18
Going to Annealing Temperature
1163 , 94.75 , 93.40 , 38.00 , 18
1164 , 93.00 , 93.40 , 38.00 , 18
1165 , 90.00 , 93.40 , 38.00 , 18
1166 , 86.75 , 93.40 , 38.00 , 18
1167 , 83.75 , 93.40 , 38.00 , 18
1168 , 80.50 , 93.40 , 38.00 , 18
1169 , 77.75 , 93.40 , 38.00 , 18
1170 , 75.00 , 93.40 , 38.00 , 18
1171 , 72.00 , 93.40 , 38.00 , 18
1172 , 69.50 , 93.40 , 38.00 , 18
1173 , 66.75 , 93.40 , 38.00 , 18
1174 , 64.75 , 93.40 , 38.00 , 18
1175 , 62.50 , 93.40 , 38.00 , 18
1176 , 60.50 , 93.40 , 38.00 , 18
1177 , 58.25 , 93.40 , 38.00 , 18
1178 , 56.75 , 93.40 , 38.00 , 18
1179 , 55.00 , 93.40 , 38.00 , 18
Annealing DNA Now
1180 , 53.25 , 93.40 , 60.00 , 18
1181 , 52.50 , 93.40 , 94.80 , 18
1182 , 52.50 , 93.40 , 100.00 , 18
1183 , 53.25 , 93.40 , 100.00 , 18
1184 , 54.50 , 93.40 , 94.80 , 18
1185 , 56.00 , 93.40 , 68.60 , 18
1186 , 56.75 , 93.40 , 36.20 , 18
1187 , 56.50 , 93.40 , 18.20 , 18
1188 , 56.00 , 93.40 , 20.40 , 18
1189 , 54.75 , 93.40 , 28.00 , 18
Going to Extension Temperature
1190 , 55.00 , 200.00 , 28.00 , 18
1191 , 56.00 , 200.00 , 28.00 , 18
1192 , 58.50 , 200.00 , 28.00 , 18
1193 , 61.00 , 200.00 , 28.00 , 18
1194 , 63.50 , 200.00 , 28.00 , 18
1195 , 65.00 , 200.00 , 28.00 , 18
1196 , 67.00 , 197.80 , 28.00 , 18
Extending DNA Now
1197 , 69.00 , 158.60 , 28.00 , 18
1198 , 69.75 , 117.80 , 28.00 , 18
1199 , 69.75 , 101.40 , 28.00 , 18
1200 , 70.00 , 100.00 , 28.00 , 18
1201 , 69.50 , 93.40 , 28.00 , 18
1202 , 69.75 , 102.20 , 28.00 , 18
1203 , 70.00 , 95.80 , 28.00 , 18
1204 , 69.25 , 89.20 , 28.00 , 18
1205 , 69.25 , 103.20 , 28.00 , 18
1206 , 69.50 , 102.20 , 28.00 , 18
1207 , 69.50 , 96.00 , 28.00 , 18
1208 , 69.75 , 94.80 , 28.00 , 18
1209 , 69.75 , 88.40 , 28.00 , 18
1210 , 70.00 , 87.00 , 28.00 , 18
1211 , 69.50 , 80.40 , 28.00 , 18
1212 , 69.25 , 89.20 , 28.00 , 18
1213 , 69.25 , 93.20 , 28.00 , 18
1214 , 69.50 , 92.20 , 28.00 , 18
1215 , 69.00 , 86.00 , 28.00 , 18
1216 , 69.25 , 95.20 , 28.00 , 18
1217 , 69.00 , 95.20 , 28.00 , 18
Going to Denaturing Temperature
1218 , 69.00 , 200.00 , 28.00 , 19
1219 , 72.25 , 200.00 , 28.00 , 19
1220 , 75.50 , 200.00 , 28.00 , 19
1221 , 79.50 , 200.00 , 28.00 , 19
1222 , 82.50 , 200.00 , 28.00 , 19
1223 , 85.50 , 200.00 , 28.00 , 19
1224 , 88.00 , 200.00 , 28.00 , 19
1225 , 90.00 , 200.00 , 28.00 , 19
1226 , 92.50 , 200.00 , 28.00 , 19
Denaturing DNA Now
1227 , 95.00 , 189.60 , 28.00 , 19
1228 , 96.75 , 137.20 , 28.00 , 19
1229 , 98.00 , 98.40 , 28.00 , 19
1230 , 96.75 , 68.60 , 28.00 , 19
1231 , 96.00 , 89.80 , 28.00 , 19
Going to Annealing Temperature
1232 , 94.75 , 89.80 , 28.00 , 19
1233 , 92.75 , 89.80 , 28.00 , 19
1234 , 89.50 , 89.80 , 28.00 , 19
1235 , 87.25 , 89.80 , 28.00 , 19
1236 , 83.50 , 89.80 , 28.00 , 19
1237 , 80.25 , 89.80 , 28.00 , 19
1238 , 77.75 , 89.80 , 28.00 , 19
1239 , 75.00 , 89.80 , 28.00 , 19
1240 , 72.25 , 89.80 , 28.00 , 19
1241 , 69.50 , 89.80 , 28.00 , 19
1242 , 67.00 , 89.80 , 28.00 , 19
1243 , 64.50 , 89.80 , 28.00 , 19
1244 , 62.75 , 89.80 , 28.00 , 19
1245 , 60.00 , 89.80 , 28.00 , 19
1246 , 58.75 , 89.80 , 28.00 , 19
1247 , 56.50 , 89.80 , 28.00 , 19
1248 , 55.00 , 89.80 , 28.00 , 19
Annealing DNA Now
1249 , 53.50 , 89.80 , 60.00 , 19
1250 , 52.00 , 89.80 , 89.60 , 19
1251 , 52.25 , 89.80 , 100.00 , 19
1252 , 53.25 , 89.80 , 100.00 , 19
1253 , 54.75 , 89.80 , 94.80 , 19
1254 , 55.25 , 89.80 , 63.40 , 19
1255 , 56.50 , 89.80 , 51.60 , 19
1256 , 56.50 , 89.80 , 23.80 , 19
1257 , 55.75 , 89.80 , 21.00 , 19
1258 , 55.50 , 89.80 , 33.80 , 19
Going to Extension Temperature
1259 , 55.50 , 200.00 , 33.80 , 19
1260 , 56.75 , 200.00 , 33.80 , 19
1261 , 58.50 , 200.00 , 33.80 , 19
1262 , 61.00 , 200.00 , 33.80 , 19
1263 , 62.75 , 200.00 , 33.80 , 19
1264 , 65.00 , 200.00 , 33.80 , 19
1265 , 67.00 , 197.60 , 33.80 , 19
Extending DNA Now
1266 , 68.75 , 158.40 , 33.80 , 19
1267 , 69.50 , 122.80 , 33.80 , 19
1268 , 70.00 , 106.60 , 33.80 , 19
1269 , 70.00 , 95.00 , 33.80 , 19
1270 , 69.50 , 93.40 , 33.80 , 19
1271 , 69.00 , 102.20 , 33.80 , 19
1272 , 69.25 , 111.40 , 33.80 , 19
1273 , 69.75 , 105.40 , 33.80 , 19
1274 , 69.75 , 94.00 , 33.80 , 19
1275 , 70.00 , 92.60 , 33.80 , 19
1276 , 69.75 , 86.00 , 33.80 , 19
1277 , 69.50 , 89.60 , 33.80 , 19
1278 , 69.75 , 93.40 , 33.80 , 19
1279 , 69.25 , 87.00 , 33.80 , 19
1280 , 69.00 , 96.00 , 33.80 , 19
1281 , 69.00 , 100.20 , 33.80 , 19
1282 , 68.75 , 99.40 , 33.80 , 19
1283 , 69.75 , 103.80 , 33.80 , 19
1284 , 70.00 , 82.40 , 33.80 , 19
1285 , 69.50 , 75.80 , 33.80 , 19
1286 , 69.25 , 75.80 , 33.80 , 19
Going to Denaturing Temperature
1287 , 68.75 , 200.00 , 33.80 , 20
1288 , 71.00 , 200.00 , 33.80 , 20
1289 , 75.00 , 200.00 , 33.80 , 20
1290 , 78.50 , 200.00 , 33.80 , 20
1291 , 81.75 , 200.00 , 33.80 , 20
1292 , 84.50 , 200.00 , 33.80 , 20
1294 , 87.00 , 200.00 , 33.80 , 20
1295 , 89.50 , 200.00 , 33.80 , 20
1296 , 91.50 , 200.00 , 33.80 , 20
1297 , 94.00 , 200.00 , 33.80 , 20
Denaturing DNA Now
1298 , 96.00 , 158.40 , 33.80 , 20
1299 , 97.00 , 115.20 , 33.80 , 20
1300 , 97.25 , 91.20 , 33.80 , 20
1301 , 96.50 , 82.00 , 33.80 , 20
1302 , 95.50 , 93.40 , 33.80 , 20
Going to Annealing Temperature
1303 , 94.75 , 93.40 , 33.80 , 20
1304 , 93.00 , 93.40 , 33.80 , 20
1305 , 90.00 , 93.40 , 33.80 , 20
1306 , 86.75 , 93.40 , 33.80 , 20
1307 , 83.75 , 93.40 , 33.80 , 20
1308 , 80.75 , 93.40 , 33.80 , 20
1309 , 77.75 , 93.40 , 33.80 , 20
1310 , 74.75 , 93.40 , 33.80 , 20
1311 , 72.00 , 93.40 , 33.80 , 20
1312 , 69.50 , 93.40 , 33.80 , 20
1313 , 67.00 , 93.40 , 33.80 , 20
1314 , 65.00 , 93.40 , 33.80 , 20
1315 , 62.25 , 93.40 , 33.80 , 20
1316 , 60.75 , 93.40 , 33.80 , 20
1317 , 58.75 , 93.40 , 33.80 , 20
1318 , 56.75 , 93.40 , 33.80 , 20
1319 , 55.00 , 93.40 , 33.80 , 20
Annealing DNA Now
1320 , 53.00 , 93.40 , 60.00 , 20
1321 , 52.25 , 93.40 , 100.00 , 20
1322 , 52.00 , 93.40 , 100.00 , 20
1323 , 53.25 , 93.40 , 100.00 , 20
1324 , 54.50 , 93.40 , 94.80 , 20
1325 , 56.00 , 93.40 , 68.60 , 20
1326 , 56.00 , 93.40 , 36.20 , 20
1327 , 56.25 , 93.40 , 33.80 , 20
1328 , 56.25 , 93.40 , 26.20 , 20
1329 , 55.75 , 93.40 , 23.60 , 20
Going to Extension Temperature
1330 , 55.00 , 200.00 , 23.60 , 20
1331 , 56.50 , 200.00 , 23.60 , 20
1332 , 58.50 , 200.00 , 23.60 , 20
1333 , 60.50 , 200.00 , 23.60 , 20
1334 , 62.50 , 200.00 , 23.60 , 20
1335 , 64.75 , 200.00 , 23.60 , 20
1336 , 66.50 , 200.00 , 23.60 , 20
Extending DNA Now
1337 , 68.50 , 169.80 , 23.60 , 20
1338 , 69.50 , 129.40 , 23.60 , 20
1339 , 69.75 , 108.20 , 23.60 , 20
1340 , 69.75 , 101.80 , 23.60 , 20
1341 , 69.75 , 100.40 , 23.60 , 20
1342 , 69.00 , 99.00 , 23.60 , 20
1343 , 69.50 , 113.20 , 23.60 , 20
1344 , 68.75 , 102.00 , 23.60 , 20
1345 , 69.25 , 116.40 , 23.60 , 20
1346 , 69.75 , 105.40 , 23.60 , 20
1347 , 69.50 , 94.00 , 23.60 , 20
1348 , 69.25 , 97.80 , 23.60 , 20
1349 , 68.75 , 101.80 , 23.60 , 20
1350 , 69.75 , 111.20 , 23.60 , 20
1351 , 70.00 , 89.80 , 23.60 , 20
1352 , 69.50 , 83.20 , 23.60 , 20
1353 , 69.75 , 92.00 , 23.60 , 20
1354 , 69.25 , 85.60 , 23.60 , 20
1355 , 69.25 , 94.60 , 23.60 , 20
1356 , 68.75 , 93.60 , 23.60 , 20
1357 , 69.00 , 93.60 , 23.60 , 20
Going to Denaturing Temperature
1358 , 68.75 , 200.00 , 23.60 , 21
1359 , 71.25 , 200.00 , 23.60 , 21
1360 , 75.00 , 200.00 , 23.60 , 21
1361 , 78.75 , 200.00 , 23.60 , 21
1362 , 81.50 , 200.00 , 23.60 , 21
1363 , 84.25 , 200.00 , 23.60 , 21
1364 , 86.75 , 200.00 , 23.60 , 21
1365 , 89.00 , 200.00 , 23.60 , 21
1366 , 91.25 , 200.00 , 23.60 , 21
1367 , 94.00 , 200.00 , 23.60 , 21
Denaturing DNA Now
1368 , 96.00 , 158.40 , 23.60 , 21
1369 , 97.00 , 115.20 , 23.60 , 21
1370 , 96.75 , 91.20 , 23.60 , 21
1371 , 96.25 , 92.40 , 23.60 , 21
1372 , 95.50 , 99.00 , 23.60 , 21
Going to Annealing Temperature
1373 , 95.00 , 99.00 , 23.60 , 21
1374 , 92.75 , 99.00 , 23.60 , 21
1375 , 89.75 , 99.00 , 23.60 , 21
1376 , 87.00 , 99.00 , 23.60 , 21
1377 , 83.50 , 99.00 , 23.60 , 21
1378 , 80.75 , 99.00 , 23.60 , 21
1379 , 77.75 , 99.00 , 23.60 , 21
1380 , 74.75 , 99.00 , 23.60 , 21
1381 , 72.25 , 99.00 , 23.60 , 21
1382 , 69.50 , 99.00 , 23.60 , 21
1383 , 67.00 , 99.00 , 23.60 , 21
1384 , 64.75 , 99.00 , 23.60 , 21
1385 , 62.00 , 99.00 , 23.60 , 21
1386 , 60.25 , 99.00 , 23.60 , 21
1387 , 58.50 , 99.00 , 23.60 , 21
1388 , 57.25 , 99.00 , 23.60 , 21
1389 , 54.50 , 99.00 , 23.60 , 21
Annealing DNA Now
1390 , 53.50 , 99.00 , 70.00 , 21
1391 , 52.50 , 99.00 , 89.60 , 21
1392 , 52.50 , 99.00 , 100.00 , 21
1393 , 53.25 , 99.00 , 100.00 , 21
1394 , 54.50 , 99.00 , 94.80 , 21
1395 , 55.50 , 99.00 , 68.60 , 21
1396 , 56.25 , 99.00 , 46.60 , 21
1397 , 56.25 , 99.00 , 29.00 , 21
1398 , 56.00 , 99.00 , 26.40 , 21
1399 , 55.75 , 99.00 , 29.00 , 21
Going to Extension Temperature
1400 , 54.75 , 200.00 , 29.00 , 21
1401 , 56.50 , 200.00 , 29.00 , 21
1402 , 58.75 , 200.00 , 29.00 , 21
1403 , 60.50 , 200.00 , 29.00 , 21
1404 , 63.00 , 200.00 , 29.00 , 21
1405 , 64.00 , 200.00 , 29.00 , 21
1406 , 66.50 , 200.00 , 29.00 , 21
Extending DNA Now
1407 , 68.25 , 170.40 , 29.00 , 21
1408 , 69.25 , 135.20 , 29.00 , 21
1409 , 69.75 , 114.20 , 29.00 , 21
1410 , 70.00 , 102.80 , 29.00 , 21
1411 , 70.00 , 96.20 , 29.00 , 21
1412 , 69.50 , 94.60 , 29.00 , 21
1413 , 69.00 , 103.40 , 29.00 , 21
1414 , 69.00 , 112.60 , 29.00 , 21
1415 , 69.50 , 111.80 , 29.00 , 21
1416 , 69.75 , 100.60 , 29.00 , 21
1417 , 69.50 , 94.20 , 29.00 , 21
1418 , 69.50 , 98.00 , 29.00 , 21
1419 , 69.25 , 96.80 , 29.00 , 21
1420 , 69.00 , 100.80 , 29.00 , 21
1421 , 69.00 , 105.00 , 29.00 , 21
1422 , 69.00 , 104.20 , 29.00 , 21
1423 , 69.25 , 103.40 , 29.00 , 21
1424 , 68.50 , 97.40 , 29.00 , 21
1425 , 69.25 , 112.00 , 29.00 , 21
1426 , 69.25 , 96.00 , 29.00 , 21
1427 , 69.00 , 96.00 , 29.00 , 21
Going to Denaturing Temperature
1428 , 69.00 , 200.00 , 29.00 , 22
1429 , 71.50 , 200.00 , 29.00 , 22
1430 , 75.25 , 200.00 , 29.00 , 22
1431 , 78.25 , 200.00 , 29.00 , 22
1432 , 81.50 , 200.00 , 29.00 , 22
1433 , 83.75 , 200.00 , 29.00 , 22
1434 , 85.75 , 200.00 , 29.00 , 22
1435 , 88.00 , 200.00 , 29.00 , 22
1436 , 90.75 , 200.00 , 29.00 , 22
1437 , 92.50 , 200.00 , 29.00 , 22
Denaturing DNA Now
1438 , 94.25 , 189.60 , 29.00 , 22
1439 , 96.50 , 152.80 , 29.00 , 22
1440 , 97.25 , 104.20 , 29.00 , 22
1441 , 96.75 , 85.00 , 29.00 , 22
1442 , 96.00 , 91.20 , 29.00 , 22
Going to Annealing Temperature
1443 , 94.75 , 91.20 , 29.00 , 22
1444 , 92.50 , 91.20 , 29.00 , 22
1445 , 90.00 , 91.20 , 29.00 , 22
1446 , 86.25 , 91.20 , 29.00 , 22
1447 , 83.00 , 91.20 , 29.00 , 22
1448 , 80.50 , 91.20 , 29.00 , 22
1449 , 77.50 , 91.20 , 29.00 , 22
1450 , 74.25 , 91.20 , 29.00 , 22
1451 , 71.50 , 91.20 , 29.00 , 22
1452 , 69.00 , 91.20 , 29.00 , 22
1453 , 66.75 , 91.20 , 29.00 , 22
1454 , 64.50 , 91.20 , 29.00 , 22
1455 , 62.25 , 91.20 , 29.00 , 22
1456 , 60.25 , 91.20 , 29.00 , 22
1457 , 58.25 , 91.20 , 29.00 , 22
1458 , 56.50 , 91.20 , 29.00 , 22
1459 , 54.75 , 91.20 , 29.00 , 22
Annealing DNA Now
1460 , 53.00 , 91.20 , 65.00 , 22
1461 , 51.50 , 91.20 , 100.00 , 22
1462 , 52.50 , 91.20 , 100.00 , 22
1463 , 53.00 , 91.20 , 100.00 , 22
1464 , 54.50 , 91.20 , 100.00 , 22
1465 , 55.75 , 91.20 , 68.80 , 22
1466 , 56.25 , 91.20 , 41.60 , 22
1467 , 56.00 , 91.20 , 29.00 , 22
1468 , 56.25 , 91.20 , 31.60 , 22
1469 , 55.75 , 91.20 , 24.00 , 22
Going to Extension Temperature
1470 , 55.25 , 200.00 , 24.00 , 22
1471 , 56.25 , 200.00 , 24.00 , 22
1472 , 59.00 , 200.00 , 24.00 , 22
1473 , 61.00 , 200.00 , 24.00 , 22
1474 , 63.25 , 200.00 , 24.00 , 22
1475 , 64.50 , 200.00 , 24.00 , 22
1476 , 67.00 , 200.00 , 24.00 , 22
Extending DNA Now
1477 , 68.50 , 158.60 , 24.00 , 22
1478 , 69.75 , 128.20 , 24.00 , 22
1479 , 70.25 , 101.80 , 24.00 , 22
1480 , 70.00 , 90.00 , 24.00 , 22
1481 , 69.75 , 93.40 , 24.00 , 22
1482 , 69.00 , 97.00 , 24.00 , 22
1483 , 69.50 , 111.20 , 24.00 , 22
1484 , 69.50 , 100.00 , 24.00 , 22
1485 , 68.50 , 98.80 , 24.00 , 22
1486 , 69.50 , 118.40 , 24.00 , 22
1487 , 69.75 , 97.20 , 24.00 , 22
1488 , 69.75 , 90.80 , 24.00 , 22
1489 , 69.00 , 89.40 , 24.00 , 22
1490 , 69.50 , 103.60 , 24.00 , 22
1491 , 69.25 , 92.40 , 24.00 , 22
1492 , 69.25 , 96.40 , 24.00 , 22
1493 , 69.50 , 95.40 , 24.00 , 22
1494 , 69.50 , 89.20 , 24.00 , 22
1495 , 69.25 , 88.00 , 24.00 , 22
1496 , 69.25 , 92.00 , 24.00 , 22
1497 , 68.25 , 92.00 , 24.00 , 22
Going to Denaturing Temperature
1498 , 69.00 , 200.00 , 24.00 , 23
1499 , 71.25 , 200.00 , 24.00 , 23
1500 , 75.00 , 200.00 , 24.00 , 23
1501 , 78.50 , 200.00 , 24.00 , 23
1502 , 81.25 , 200.00 , 24.00 , 23
1503 , 83.75 , 200.00 , 24.00 , 23
1504 , 86.25 , 200.00 , 24.00 , 23
1505 , 88.25 , 200.00 , 24.00 , 23
1506 , 91.00 , 200.00 , 24.00 , 23
1507 , 92.75 , 200.00 , 24.00 , 23
Denaturing DNA Now
1508 , 94.75 , 184.40 , 24.00 , 23
1509 , 96.50 , 142.20 , 24.00 , 23
1510 , 97.00 , 103.60 , 24.00 , 23
1511 , 97.00 , 89.60 , 24.00 , 23
1512 , 96.25 , 85.60 , 24.00 , 23
Going to Annealing Temperature
1513 , 95.00 , 85.60 , 24.00 , 23
1514 , 92.25 , 85.60 , 24.00 , 23
1515 , 90.00 , 85.60 , 24.00 , 23
1516 , 87.00 , 85.60 , 24.00 , 23
1517 , 83.75 , 85.60 , 24.00 , 23
1518 , 80.50 , 85.60 , 24.00 , 23
1519 , 77.50 , 85.60 , 24.00 , 23
1520 , 75.00 , 85.60 , 24.00 , 23
1521 , 72.00 , 85.60 , 24.00 , 23
1522 , 69.50 , 85.60 , 24.00 , 23
1523 , 66.75 , 85.60 , 24.00 , 23
1524 , 64.75 , 85.60 , 24.00 , 23
1525 , 62.50 , 85.60 , 24.00 , 23
1526 , 60.75 , 85.60 , 24.00 , 23
1527 , 58.25 , 85.60 , 24.00 , 23
1528 , 56.75 , 85.60 , 24.00 , 23
1529 , 55.50 , 85.60 , 24.00 , 23
1530 , 53.25 , 85.60 , 24.00 , 23
Annealing DNA Now
1531 , 51.50 , 85.60 , 95.00 , 23
1532 , 50.25 , 85.60 , 100.00 , 23
1533 , 50.75 , 85.60 , 100.00 , 23
1534 , 52.25 , 85.60 , 100.00 , 23
1535 , 53.50 , 85.60 , 100.00 , 23
1536 , 54.75 , 85.60 , 89.60 , 23
1537 , 55.75 , 85.60 , 63.20 , 23
1538 , 55.50 , 85.60 , 41.00 , 23
1539 , 55.25 , 85.60 , 44.00 , 23
1540 , 55.25 , 85.60 , 47.20 , 23
Going to Extension Temperature
1541 , 55.50 , 200.00 , 47.20 , 23
1542 , 57.00 , 200.00 , 47.20 , 23
1543 , 58.50 , 200.00 , 47.20 , 23
1544 , 60.75 , 200.00 , 47.20 , 23
1545 , 63.00 , 200.00 , 47.20 , 23
1546 , 64.00 , 200.00 , 47.20 , 23
1547 , 66.00 , 200.00 , 47.20 , 23
1548 , 67.50 , 183.40 , 47.20 , 23
Extending DNA Now
1549 , 69.00 , 153.80 , 47.20 , 23
1550 , 70.00 , 123.00 , 47.20 , 23
1551 , 70.00 , 101.40 , 47.20 , 23
1552 , 69.00 , 99.80 , 47.20 , 23
1553 , 69.25 , 119.00 , 47.20 , 23
1554 , 69.50 , 113.00 , 47.20 , 23
1555 , 69.50 , 106.80 , 47.20 , 23
1556 , 69.50 , 105.60 , 47.20 , 23
1557 , 69.75 , 104.40 , 47.20 , 23
1558 , 69.75 , 98.00 , 47.20 , 23
1559 , 69.50 , 96.60 , 47.20 , 23
1560 , 69.50 , 100.40 , 47.20 , 23
1561 , 69.25 , 99.20 , 47.20 , 23
1562 , 69.25 , 103.20 , 47.20 , 23
1563 , 69.50 , 102.20 , 47.20 , 23
1564 , 69.50 , 96.00 , 47.20 , 23
1565 , 69.50 , 94.80 , 47.20 , 23
1566 , 69.00 , 93.60 , 47.20 , 23
1567 , 69.00 , 102.80 , 47.20 , 23
1568 , 69.00 , 102.00 , 47.20 , 23
1569 , 69.00 , 102.00 , 47.20 , 23
Going to Denaturing Temperature
1570 , 69.00 , 200.00 , 47.20 , 24
1571 , 71.50 , 200.00 , 47.20 , 24
1572 , 74.75 , 200.00 , 47.20 , 24
1573 , 78.00 , 200.00 , 47.20 , 24
1574 , 80.75 , 200.00 , 47.20 , 24
1575 , 83.25 , 200.00 , 47.20 , 24
1576 , 85.50 , 200.00 , 47.20 , 24
1577 , 87.75 , 200.00 , 47.20 , 24
1578 , 89.50 , 200.00 , 47.20 , 24
1579 , 91.75 , 200.00 , 47.20 , 24
1580 , 93.25 , 200.00 , 47.20 , 24
Denaturing DNA Now
1581 , 95.25 , 174.00 , 47.20 , 24
1582 , 96.75 , 131.40 , 47.20 , 24
1583 , 96.75 , 97.60 , 47.20 , 24
1584 , 96.25 , 93.80 , 47.20 , 24
1585 , 94.50 , 100.40 , 47.20 , 24
Going to Annealing Temperature
1586 , 94.25 , 100.40 , 47.20 , 24
1587 , 92.50 , 100.40 , 47.20 , 24
1588 , 89.00 , 100.40 , 47.20 , 24
1589 , 86.25 , 100.40 , 47.20 , 24
1590 , 83.25 , 100.40 , 47.20 , 24
1591 , 80.25 , 100.40 , 47.20 , 24
1592 , 76.50 , 100.40 , 47.20 , 24
1593 , 74.75 , 100.40 , 47.20 , 24
1594 , 71.75 , 100.40 , 47.20 , 24
1595 , 69.00 , 100.40 , 47.20 , 24
1596 , 66.00 , 100.40 , 47.20 , 24
1597 , 64.75 , 100.40 , 47.20 , 24
1598 , 62.25 , 100.40 , 47.20 , 24
1599 , 60.50 , 100.40 , 47.20 , 24
1600 , 58.25 , 100.40 , 47.20 , 24
1601 , 56.25 , 100.40 , 47.20 , 24
1602 , 55.00 , 100.40 , 47.20 , 24
Annealing DNA Now
1603 , 53.25 , 100.40 , 60.00 , 24
1604 , 52.25 , 100.40 , 94.80 , 24
1605 , 52.00 , 100.40 , 100.00 , 24
1606 , 52.50 , 100.40 , 100.00 , 24
1607 , 54.25 , 100.40 , 100.00 , 24
1608 , 55.50 , 100.40 , 74.00 , 24
1609 , 55.50 , 100.40 , 47.00 , 24
1610 , 56.25 , 100.40 , 45.00 , 24
1611 , 55.50 , 100.40 , 27.40 , 24
1612 , 55.75 , 100.40 , 40.40 , 24
Going to Extension Temperature
1613 , 55.25 , 200.00 , 40.40 , 24
1614 , 56.50 , 200.00 , 40.40 , 24
1615 , 58.50 , 200.00 , 40.40 , 24
1616 , 60.75 , 200.00 , 40.40 , 24
1617 , 62.50 , 200.00 , 40.40 , 24
1618 , 64.00 , 200.00 , 40.40 , 24
1619 , 66.25 , 200.00 , 40.40 , 24
1620 , 67.25 , 177.00 , 40.40 , 24
Extending DNA Now
1621 , 68.50 , 157.60 , 40.40 , 24
1622 , 69.25 , 132.20 , 40.40 , 24
1623 , 70.25 , 116.20 , 40.40 , 24
1624 , 70.00 , 94.40 , 40.40 , 24
1625 , 70.00 , 97.80 , 40.40 , 24
1626 , 69.75 , 96.20 , 40.40 , 24
1627 , 68.50 , 99.80 , 40.40 , 24
1628 , 69.00 , 124.40 , 40.40 , 24
1629 , 69.50 , 113.60 , 40.40 , 24
1630 , 70.00 , 102.40 , 40.40 , 24
1631 , 69.50 , 90.80 , 40.40 , 24
1632 , 69.50 , 99.60 , 40.40 , 24
1633 , 69.50 , 98.40 , 40.40 , 24
1634 , 69.75 , 97.20 , 40.40 , 24
1635 , 69.75 , 90.80 , 40.40 , 24
1636 , 69.75 , 89.40 , 40.40 , 24
1637 , 69.25 , 88.00 , 40.40 , 24
1638 , 69.50 , 97.00 , 40.40 , 24
1639 , 69.25 , 90.80 , 40.40 , 24
1640 , 68.75 , 94.80 , 40.40 , 24
1641 , 69.25 , 94.80 , 40.40 , 24
Going to Denaturing Temperature
1642 , 68.75 , 200.00 , 40.40 , 25
1643 , 71.50 , 200.00 , 40.40 , 25
1644 , 75.00 , 200.00 , 40.40 , 25
1645 , 78.25 , 200.00 , 40.40 , 25
1646 , 81.00 , 200.00 , 40.40 , 25
1647 , 83.75 , 200.00 , 40.40 , 25
1648 , 85.50 , 200.00 , 40.40 , 25
1649 , 87.50 , 200.00 , 40.40 , 25
1650 , 89.50 , 200.00 , 40.40 , 25
1651 , 92.00 , 200.00 , 40.40 , 25
Denaturing DNA Now
1652 , 93.75 , 200.00 , 40.40 , 25
1653 , 95.75 , 163.60 , 40.40 , 25
1654 , 97.00 , 120.60 , 40.40 , 25
1655 , 96.75 , 91.60 , 40.40 , 25
1656 , 96.00 , 92.80 , 40.40 , 25
Going to Annealing Temperature
1657 , 95.25 , 92.80 , 40.40 , 25
1658 , 92.75 , 92.80 , 40.40 , 25
1659 , 90.50 , 92.80 , 40.40 , 25
1660 , 87.50 , 92.80 , 40.40 , 25
1661 , 84.50 , 92.80 , 40.40 , 25
1662 , 81.25 , 92.80 , 40.40 , 25
1663 , 78.25 , 92.80 , 40.40 , 25
1664 , 75.50 , 92.80 , 40.40 , 25
1665 , 72.25 , 92.80 , 40.40 , 25
1666 , 70.00 , 92.80 , 40.40 , 25
1667 , 67.50 , 92.80 , 40.40 , 25
1668 , 65.00 , 92.80 , 40.40 , 25
1669 , 63.00 , 92.80 , 40.40 , 25
1670 , 60.75 , 92.80 , 40.40 , 25
1671 , 58.50 , 92.80 , 40.40 , 25
1672 , 57.25 , 92.80 , 40.40 , 25
1673 , 55.25 , 92.80 , 40.40 , 25
1674 , 53.75 , 92.80 , 40.40 , 25
Annealing DNA Now
1675 , 52.00 , 92.80 , 85.00 , 25
1676 , 51.00 , 92.80 , 100.00 , 25
1677 , 51.25 , 92.80 , 100.00 , 25
1678 , 52.00 , 92.80 , 100.00 , 25
1679 , 53.25 , 92.80 , 100.00 , 25
1680 , 54.50 , 92.80 , 94.80 , 25
1681 , 55.50 , 92.80 , 68.60 , 25
1682 , 55.50 , 92.80 , 46.60 , 25
1683 , 56.00 , 92.80 , 44.60 , 25
1684 , 55.75 , 92.80 , 32.20 , 25
Going to Extension Temperature
1685 , 55.25 , 200.00 , 32.20 , 25
1686 , 57.25 , 200.00 , 32.20 , 25
1687 , 58.75 , 200.00 , 32.20 , 25
1688 , 61.25 , 200.00 , 32.20 , 25
1689 , 63.00 , 200.00 , 32.20 , 25
1690 , 65.00 , 200.00 , 32.20 , 25
1691 , 66.50 , 200.00 , 32.20 , 25
Extending DNA Now
1692 , 68.25 , 171.20 , 32.20 , 25
1693 , 69.50 , 136.00 , 32.20 , 25
1694 , 70.00 , 109.80 , 32.20 , 25
1695 , 70.25 , 98.20 , 32.20 , 25
1696 , 69.50 , 91.40 , 32.20 , 25
1697 , 69.75 , 105.20 , 32.20 , 25
1698 , 69.50 , 98.80 , 32.20 , 25
1699 , 69.75 , 102.60 , 32.20 , 25
1700 , 69.75 , 96.20 , 32.20 , 25
1701 , 69.50 , 94.80 , 32.20 , 25
1702 , 69.50 , 98.60 , 32.20 , 25
1703 , 69.25 , 97.40 , 32.20 , 25
1704 , 69.50 , 101.40 , 32.20 , 25
1705 , 69.75 , 95.20 , 32.20 , 25
1706 , 69.50 , 88.80 , 32.20 , 25
1707 , 69.25 , 92.60 , 32.20 , 25
1708 , 69.00 , 96.60 , 32.20 , 25
1709 , 69.75 , 100.80 , 32.20 , 25
1710 , 69.25 , 84.40 , 32.20 , 25
1711 , 69.50 , 93.40 , 32.20 , 25
1712 , 69.25 , 93.40 , 32.20 , 25
Going to Denaturing Temperature
1713 , 69.75 , 200.00 , 32.20 , 26
1714 , 72.00 , 200.00 , 32.20 , 26
1715 , 76.00 , 200.00 , 32.20 , 26
1716 , 78.75 , 200.00 , 32.20 , 26
1717 , 81.75 , 200.00 , 32.20 , 26
1718 , 83.75 , 200.00 , 32.20 , 26
1719 , 86.50 , 200.00 , 32.20 , 26
1720 , 88.00 , 200.00 , 32.20 , 26
1721 , 90.25 , 200.00 , 32.20 , 26
1722 , 92.25 , 200.00 , 32.20 , 26
Denaturing DNA Now
1723 , 94.00 , 194.80 , 32.20 , 26
1724 , 96.25 , 158.20 , 32.20 , 26
1725 , 96.75 , 109.80 , 32.20 , 26
1726 , 96.00 , 96.00 , 32.20 , 26
1727 , 96.00 , 107.80 , 32.20 , 26
Going to Annealing Temperature
1728 , 95.00 , 107.80 , 32.20 , 26
1730 , 93.50 , 107.80 , 32.20 , 26
1731 , 90.50 , 107.80 , 32.20 , 26
1732 , 87.50 , 107.80 , 32.20 , 26
1733 , 84.00 , 107.80 , 32.20 , 26
1734 , 81.50 , 107.80 , 32.20 , 26
1735 , 78.00 , 107.80 , 32.20 , 26
1736 , 75.25 , 107.80 , 32.20 , 26
1737 , 72.50 , 107.80 , 32.20 , 26
1738 , 70.00 , 107.80 , 32.20 , 26
1739 , 67.25 , 107.80 , 32.20 , 26
1740 , 65.25 , 107.80 , 32.20 , 26
1741 , 63.00 , 107.80 , 32.20 , 26
1742 , 60.50 , 107.80 , 32.20 , 26
1743 , 58.50 , 107.80 , 32.20 , 26
1744 , 57.00 , 107.80 , 32.20 , 26
1745 , 55.00 , 107.80 , 32.20 , 26
Annealing DNA Now
1746 , 53.25 , 107.80 , 60.00 , 26
1747 , 51.75 , 107.80 , 94.80 , 26
1748 , 52.75 , 107.80 , 100.00 , 26
1749 , 53.00 , 107.80 , 100.00 , 26
1750 , 53.75 , 107.80 , 100.00 , 26
1751 , 55.25 , 107.80 , 84.40 , 26
1752 , 56.00 , 107.80 , 52.60 , 26
1753 , 56.50 , 107.80 , 35.20 , 26
1754 , 56.00 , 107.80 , 22.40 , 26
1755 , 55.75 , 107.80 , 30.00 , 26
Going to Extension Temperature
1756 , 55.25 , 200.00 , 30.00 , 26
1757 , 56.25 , 200.00 , 30.00 , 26
1758 , 58.50 , 200.00 , 30.00 , 26
1759 , 60.25 , 200.00 , 30.00 , 26
1760 , 61.75 , 200.00 , 30.00 , 26
1761 , 63.75 , 200.00 , 30.00 , 26
1762 , 65.00 , 200.00 , 30.00 , 26
1763 , 66.50 , 200.00 , 30.00 , 26
Extending DNA Now
1764 , 68.00 , 175.20 , 30.00 , 26
1765 , 69.00 , 145.20 , 30.00 , 26
1766 , 70.00 , 124.40 , 30.00 , 26
1767 , 69.75 , 102.80 , 30.00 , 26
1768 , 69.50 , 106.40 , 30.00 , 26
1769 , 68.75 , 110.20 , 30.00 , 26
1770 , 69.25 , 124.60 , 30.00 , 26
1771 , 69.50 , 113.60 , 30.00 , 26
1772 , 69.75 , 107.40 , 30.00 , 26
1773 , 69.75 , 101.00 , 30.00 , 26
1774 , 69.25 , 99.60 , 30.00 , 26
1775 , 69.25 , 108.60 , 30.00 , 26
1776 , 69.25 , 107.60 , 30.00 , 26
1777 , 69.50 , 106.60 , 30.00 , 26
1778 , 69.50 , 100.40 , 30.00 , 26
1779 , 69.50 , 99.20 , 30.00 , 26
1780 , 69.00 , 98.00 , 30.00 , 26
1781 , 69.50 , 107.20 , 30.00 , 26
1782 , 69.00 , 96.00 , 30.00 , 26
1783 , 69.25 , 105.20 , 30.00 , 26
1784 , 69.25 , 105.20 , 30.00 , 26
Going to Denaturing Temperature
1785 , 69.75 , 200.00 , 30.00 , 27
1786 , 71.75 , 200.00 , 30.00 , 27
1787 , 75.00 , 200.00 , 30.00 , 27
1788 , 77.50 , 200.00 , 30.00 , 27
1789 , 81.00 , 200.00 , 30.00 , 27
1790 , 82.50 , 200.00 , 30.00 , 27
1791 , 84.75 , 200.00 , 30.00 , 27
1792 , 87.25 , 200.00 , 30.00 , 27
1793 , 89.50 , 200.00 , 30.00 , 27
1794 , 91.75 , 200.00 , 30.00 , 27
1795 , 93.25 , 200.00 , 30.00 , 27
Denaturing DNA Now
1796 , 95.75 , 174.00 , 30.00 , 27
1797 , 96.50 , 121.00 , 30.00 , 27
1798 , 96.50 , 102.40 , 30.00 , 27
1799 , 95.75 , 98.80 , 30.00 , 27
1800 , 94.50 , 110.80 , 30.00 , 27
Going to Annealing Temperature
1801 , 95.25 , 110.80 , 30.00 , 27
1802 , 93.50 , 110.80 , 30.00 , 27
1803 , 90.25 , 110.80 , 30.00 , 27
1804 , 87.25 , 110.80 , 30.00 , 27
1805 , 84.25 , 110.80 , 30.00 , 27
1806 , 80.75 , 110.80 , 30.00 , 27
1807 , 78.25 , 110.80 , 30.00 , 27
1808 , 75.00 , 110.80 , 30.00 , 27
1809 , 72.50 , 110.80 , 30.00 , 27
1810 , 70.25 , 110.80 , 30.00 , 27
1811 , 67.50 , 110.80 , 30.00 , 27
1812 , 64.25 , 110.80 , 30.00 , 27
1813 , 63.00 , 110.80 , 30.00 , 27
1814 , 60.50 , 110.80 , 30.00 , 27
1815 , 58.75 , 110.80 , 30.00 , 27
1816 , 57.25 , 110.80 , 30.00 , 27
1817 , 55.50 , 110.80 , 30.00 , 27
1818 , 53.50 , 110.80 , 30.00 , 27
Annealing DNA Now
1819 , 52.25 , 110.80 , 90.00 , 27
1820 , 50.75 , 110.80 , 100.00 , 27
1821 , 51.50 , 110.80 , 100.00 , 27
1822 , 52.25 , 110.80 , 100.00 , 27
1823 , 53.25 , 110.80 , 100.00 , 27
1824 , 54.25 , 110.80 , 94.80 , 27
1825 , 55.25 , 110.80 , 73.80 , 27
1826 , 56.00 , 110.80 , 52.00 , 27
1827 , 56.25 , 110.80 , 34.60 , 27
1828 , 55.50 , 110.80 , 27.00 , 27
Going to Extension Temperature
1829 , 55.50 , 200.00 , 27.00 , 27
1830 , 56.25 , 200.00 , 27.00 , 27
1831 , 58.50 , 200.00 , 27.00 , 27
1832 , 60.50 , 200.00 , 27.00 , 27
1833 , 62.25 , 200.00 , 27.00 , 27
1834 , 63.75 , 200.00 , 27.00 , 27
1835 , 65.50 , 200.00 , 27.00 , 27
1836 , 66.75 , 195.00 , 27.00 , 27
Extending DNA Now
1837 , 68.00 , 171.00 , 27.00 , 27
1838 , 68.50 , 146.00 , 27.00 , 27
1839 , 69.75 , 135.60 , 27.00 , 27
1840 , 70.00 , 109.20 , 27.00 , 27
1841 , 69.25 , 102.60 , 27.00 , 27
1842 , 69.75 , 116.60 , 27.00 , 27
1843 , 69.25 , 105.20 , 27.00 , 27
1844 , 69.50 , 114.20 , 27.00 , 27
1845 , 69.00 , 108.00 , 27.00 , 27
1846 , 69.25 , 117.20 , 27.00 , 27
1847 , 69.25 , 111.20 , 27.00 , 27
1848 , 69.50 , 110.20 , 27.00 , 27
1849 , 69.50 , 104.00 , 27.00 , 27
1850 , 69.00 , 102.80 , 27.00 , 27
1851 , 69.25 , 112.00 , 27.00 , 27
1852 , 69.50 , 106.00 , 27.00 , 27
1853 , 69.25 , 99.80 , 27.00 , 27
1854 , 69.50 , 103.80 , 27.00 , 27
1855 , 68.75 , 97.60 , 27.00 , 27
1856 , 69.25 , 112.00 , 27.00 , 27
1857 , 69.25 , 112.00 , 27.00 , 27
Going to Denaturing Temperature
1858 , 69.25 , 200.00 , 27.00 , 28
1859 , 71.75 , 200.00 , 27.00 , 28
1860 , 75.25 , 200.00 , 27.00 , 28
1861 , 78.25 , 200.00 , 27.00 , 28
1862 , 80.50 , 200.00 , 27.00 , 28
1863 , 82.50 , 200.00 , 27.00 , 28
1864 , 84.75 , 200.00 , 27.00 , 28
1865 , 87.00 , 200.00 , 27.00 , 28
1866 , 89.00 , 200.00 , 27.00 , 28
1867 , 90.75 , 200.00 , 27.00 , 28
1868 , 93.00 , 200.00 , 27.00 , 28
Denaturing DNA Now
1869 , 94.50 , 179.20 , 27.00 , 28
1870 , 95.50 , 147.20 , 27.00 , 28
1871 , 96.25 , 124.40 , 27.00 , 28
1872 , 96.25 , 106.00 , 27.00 , 28
1873 , 95.50 , 102.60 , 27.00 , 28
Going to Annealing Temperature
1874 , 95.00 , 102.60 , 27.00 , 28
1875 , 92.75 , 102.60 , 27.00 , 28
1876 , 90.00 , 102.60 , 27.00 , 28
1877 , 86.75 , 102.60 , 27.00 , 28
1878 , 83.25 , 102.60 , 27.00 , 28
1879 , 80.00 , 102.60 , 27.00 , 28
1880 , 77.50 , 102.60 , 27.00 , 28
1881 , 75.00 , 102.60 , 27.00 , 28
1882 , 71.75 , 102.60 , 27.00 , 28
1883 , 69.50 , 102.60 , 27.00 , 28
1884 , 66.75 , 102.60 , 27.00 , 28
1885 , 64.50 , 102.60 , 27.00 , 28
1886 , 62.50 , 102.60 , 27.00 , 28
1887 , 59.50 , 102.60 , 27.00 , 28
1888 , 58.00 , 102.60 , 27.00 , 28
1889 , 56.75 , 102.60 , 27.00 , 28
1890 , 55.25 , 102.60 , 27.00 , 28
1891 , 53.50 , 102.60 , 27.00 , 28
Annealing DNA Now
1892 , 52.00 , 102.60 , 90.00 , 28
1893 , 51.00 , 102.60 , 100.00 , 28
1894 , 51.25 , 102.60 , 100.00 , 28
1895 , 52.25 , 102.60 , 100.00 , 28
1896 , 53.00 , 102.60 , 100.00 , 28
1897 , 53.75 , 102.60 , 100.00 , 28
1898 , 55.50 , 102.60 , 84.40 , 28
1899 , 55.50 , 102.60 , 47.40 , 28
1900 , 56.00 , 102.60 , 45.40 , 28
1901 , 55.75 , 102.60 , 33.00 , 28
Going to Extension Temperature
1902 , 55.25 , 200.00 , 33.00 , 28
1903 , 56.75 , 200.00 , 33.00 , 28
1904 , 58.50 , 200.00 , 33.00 , 28
1905 , 60.00 , 200.00 , 33.00 , 28
1906 , 62.00 , 200.00 , 33.00 , 28
1907 , 63.25 , 200.00 , 33.00 , 28
1908 , 64.75 , 200.00 , 33.00 , 28
1909 , 66.50 , 200.00 , 33.00 , 28
Extending DNA Now
1910 , 68.25 , 178.40 , 33.00 , 28
1911 , 68.75 , 143.20 , 33.00 , 28
1912 , 69.00 , 132.60 , 33.00 , 28
1913 , 69.25 , 126.80 , 33.00 , 28
1914 , 69.00 , 120.80 , 33.00 , 28
1915 , 69.75 , 125.00 , 33.00 , 28
1916 , 69.75 , 108.60 , 33.00 , 28
1917 , 69.50 , 107.20 , 33.00 , 28
1918 , 69.75 , 111.00 , 33.00 , 28
1919 , 69.50 , 104.60 , 33.00 , 28
1920 , 70.00 , 108.40 , 33.00 , 28
1921 , 69.75 , 96.80 , 33.00 , 28
1922 , 69.25 , 100.40 , 33.00 , 28
1923 , 69.50 , 109.40 , 33.00 , 28
1924 , 70.00 , 103.20 , 33.00 , 28
1925 , 70.00 , 91.60 , 33.00 , 28
1926 , 69.50 , 90.00 , 33.00 , 28
1927 , 69.25 , 98.80 , 33.00 , 28
1928 , 68.75 , 102.80 , 33.00 , 28
1929 , 68.75 , 112.20 , 33.00 , 28
1930 , 69.25 , 112.20 , 33.00 , 28
Going to Denaturing Temperature
1931 , 69.50 , 200.00 , 33.00 , 29
1932 , 71.75 , 200.00 , 33.00 , 29
1933 , 74.75 , 200.00 , 33.00 , 29
1934 , 77.00 , 200.00 , 33.00 , 29
1935 , 79.50 , 200.00 , 33.00 , 29
1936 , 81.75 , 200.00 , 33.00 , 29
1937 , 84.25 , 200.00 , 33.00 , 29
1938 , 86.00 , 200.00 , 33.00 , 29
1939 , 87.50 , 200.00 , 33.00 , 29
1940 , 89.00 , 200.00 , 33.00 , 29
1941 , 90.25 , 200.00 , 33.00 , 29
1942 , 92.75 , 200.00 , 33.00 , 29
Denaturing DNA Now
1943 , 94.50 , 184.40 , 33.00 , 29
1944 , 95.50 , 147.40 , 33.00 , 29
1945 , 95.50 , 124.60 , 33.00 , 29
1946 , 95.75 , 121.80 , 33.00 , 29
1947 , 95.75 , 113.80 , 33.00 , 29
Going to Annealing Temperature
1948 , 95.75 , 113.80 , 33.00 , 29
1949 , 93.50 , 113.80 , 33.00 , 29
1950 , 90.00 , 113.80 , 33.00 , 29
1951 , 87.25 , 113.80 , 33.00 , 29
1952 , 83.75 , 113.80 , 33.00 , 29
1953 , 81.25 , 113.80 , 33.00 , 29
1954 , 78.25 , 113.80 , 33.00 , 29
1955 , 75.25 , 113.80 , 33.00 , 29
1956 , 72.75 , 113.80 , 33.00 , 29
1957 , 70.00 , 113.80 , 33.00 , 29
1958 , 66.75 , 113.80 , 33.00 , 29
1959 , 64.75 , 113.80 , 33.00 , 29
1960 , 63.25 , 113.80 , 33.00 , 29
1961 , 60.50 , 113.80 , 33.00 , 29
1962 , 59.00 , 113.80 , 33.00 , 29
1963 , 57.25 , 113.80 , 33.00 , 29
1964 , 55.50 , 113.80 , 33.00 , 29
1965 , 53.50 , 113.80 , 33.00 , 29
Annealing DNA Now
1966 , 52.25 , 113.80 , 90.00 , 29
1967 , 51.00 , 113.80 , 100.00 , 29
1968 , 51.50 , 113.80 , 100.00 , 29
1969 , 52.00 , 113.80 , 100.00 , 29
1970 , 53.25 , 113.80 , 100.00 , 29
1971 , 54.00 , 113.80 , 94.80 , 29
1972 , 54.75 , 113.80 , 79.00 , 29
1973 , 56.25 , 113.80 , 62.60 , 29
1974 , 56.00 , 113.80 , 30.00 , 29
1975 , 56.00 , 113.80 , 32.60 , 29
Going to Extension Temperature
1976 , 55.50 , 200.00 , 32.60 , 29
1977 , 57.00 , 200.00 , 32.60 , 29
1978 , 58.75 , 200.00 , 32.60 , 29
1979 , 60.50 , 200.00 , 32.60 , 29
1980 , 62.25 , 200.00 , 32.60 , 29
1981 , 64.00 , 200.00 , 32.60 , 29
1982 , 65.75 , 200.00 , 32.60 , 29
1983 , 66.75 , 189.00 , 32.60 , 29
Extending DNA Now
1984 , 67.75 , 170.00 , 32.60 , 29
1985 , 69.25 , 150.20 , 32.60 , 29
1986 , 69.25 , 119.20 , 32.60 , 29
1987 , 69.50 , 118.20 , 32.60 , 29
1988 , 69.00 , 112.00 , 32.60 , 29
1989 , 69.50 , 121.20 , 32.60 , 29
1990 , 69.50 , 110.00 , 32.60 , 29
1991 , 69.25 , 108.80 , 32.60 , 29
1992 , 69.25 , 112.80 , 32.60 , 29
1993 , 69.50 , 111.80 , 32.60 , 29
1994 , 69.50 , 105.60 , 32.60 , 29
1995 , 69.25 , 104.40 , 32.60 , 29
1996 , 68.50 , 108.40 , 32.60 , 29
1997 , 69.25 , 123.00 , 32.60 , 29
1998 , 68.75 , 107.00 , 32.60 , 29
1999 , 69.50 , 116.40 , 32.60 , 29
2000 , 69.75 , 100.20 , 32.60 , 29
2001 , 69.25 , 93.80 , 32.60 , 29
2002 , 69.25 , 102.80 , 32.60 , 29
2003 , 69.50 , 101.80 , 32.60 , 29
2004 , 69.00 , 101.80 , 32.60 , 29
Going to Denaturing Temperature
2005 , 68.50 , 200.00 , 32.60 , 30
2006 , 71.50 , 200.00 , 32.60 , 30
2007 , 74.25 , 200.00 , 32.60 , 30
2008 , 77.00 , 200.00 , 32.60 , 30
2009 , 79.25 , 200.00 , 32.60 , 30
2010 , 80.75 , 200.00 , 32.60 , 30
2011 , 83.50 , 200.00 , 32.60 , 30
2012 , 84.75 , 200.00 , 32.60 , 30
2013 , 87.00 , 200.00 , 32.60 , 30
2014 , 88.50 , 200.00 , 32.60 , 30
2015 , 90.25 , 200.00 , 32.60 , 30
2016 , 92.25 , 200.00 , 32.60 , 30
Denaturing DNA Now
2017 , 93.50 , 194.80 , 32.60 , 30
2018 , 94.75 , 168.60 , 32.60 , 30
2019 , 95.75 , 141.40 , 32.60 , 30
2020 , 95.75 , 118.40 , 32.60 , 30
2021 , 95.75 , 115.40 , 32.60 , 30
Going to Annealing Temperature
2022 , 95.50 , 115.40 , 32.60 , 30
2023 , 92.75 , 115.40 , 32.60 , 30
2024 , 90.25 , 115.40 , 32.60 , 30
2025 , 86.75 , 115.40 , 32.60 , 30
2026 , 83.75 , 115.40 , 32.60 , 30
2027 , 81.00 , 115.40 , 32.60 , 30
2028 , 78.25 , 115.40 , 32.60 , 30
2029 , 75.00 , 115.40 , 32.60 , 30
2030 , 72.25 , 115.40 , 32.60 , 30
2031 , 70.00 , 115.40 , 32.60 , 30
2032 , 67.50 , 115.40 , 32.60 , 30
2033 , 65.00 , 115.40 , 32.60 , 30
2034 , 63.00 , 115.40 , 32.60 , 30
2035 , 61.00 , 115.40 , 32.60 , 30
2036 , 58.50 , 115.40 , 32.60 , 30
2037 , 56.75 , 115.40 , 32.60 , 30
2038 , 55.50 , 115.40 , 32.60 , 30
2039 , 53.25 , 115.40 , 32.60 , 30
Annealing DNA Now
2040 , 52.25 , 115.40 , 95.00 , 30
2041 , 51.00 , 115.40 , 100.00 , 30
2042 , 51.00 , 115.40 , 100.00 , 30
2043 , 52.25 , 115.40 , 100.00 , 30
2044 , 53.00 , 115.40 , 100.00 , 30
2045 , 53.50 , 115.40 , 100.00 , 30
2046 , 55.00 , 115.40 , 89.60 , 30
2047 , 56.25 , 115.40 , 58.00 , 30
2048 , 56.75 , 115.40 , 30.40 , 30
2049 , 55.75 , 115.40 , 17.40 , 30
Going to Extension Temperature
2050 , 55.25 , 200.00 , 17.40 , 30
2051 , 56.50 , 200.00 , 17.40 , 30
2052 , 57.75 , 200.00 , 17.40 , 30
2053 , 59.75 , 200.00 , 17.40 , 30
2054 , 61.75 , 200.00 , 17.40 , 30
2055 , 63.25 , 200.00 , 17.40 , 30
2056 , 64.75 , 200.00 , 17.40 , 30
2057 , 66.00 , 200.00 , 17.40 , 30
2058 , 67.25 , 189.40 , 17.40 , 30
Extending DNA Now
2059 , 68.25 , 165.00 , 17.40 , 30
2060 , 69.50 , 144.80 , 17.40 , 30
2061 , 69.50 , 118.60 , 17.40 , 30
2062 , 70.25 , 117.40 , 17.40 , 30
2063 , 70.00 , 100.60 , 17.40 , 30
2064 , 70.25 , 104.00 , 17.40 , 30
2065 , 70.00 , 97.20 , 17.40 , 30
2066 , 69.50 , 100.60 , 17.40 , 30
2067 , 69.25 , 109.40 , 17.40 , 30
2068 , 69.25 , 113.40 , 17.40 , 30
2069 , 69.75 , 112.40 , 17.40 , 30
2070 , 69.50 , 101.00 , 17.40 , 30
2071 , 69.75 , 104.80 , 17.40 , 30
2072 , 69.25 , 98.40 , 17.40 , 30
2073 , 69.50 , 107.40 , 17.40 , 30
2074 , 69.00 , 101.20 , 17.40 , 30
2075 , 69.00 , 110.40 , 17.40 , 30
2076 , 69.25 , 109.60 , 17.40 , 30
2077 , 69.00 , 103.60 , 17.40 , 30
2078 , 69.00 , 107.80 , 17.40 , 30
2079 , 69.00 , 107.80 , 17.40 , 30
