Please wait for the temperature to reach 95
0 , 59.75 , 250.00 , 0.00 , 0
1 , 51.25 , 250.00 , 0.00 , 0
2 , 50.75 , 250.00 , 0.00 , 0
3 , 52.00 , 250.00 , 0.00 , 0
4 , 53.00 , 250.00 , 0.00 , 0
5 , 55.25 , 250.00 , 0.00 , 0
6 , 58.00 , 250.00 , 0.00 , 0
7 , 61.25 , 250.00 , 0.00 , 0
8 , 64.25 , 250.00 , 0.00 , 0
9 , 66.75 , 250.00 , 0.00 , 0
10 , 69.75 , 250.00 , 0.00 , 0
11 , 72.75 , 250.00 , 0.00 , 0
12 , 74.75 , 250.00 , 0.00 , 0
13 , 77.00 , 250.00 , 0.00 , 0
14 , 79.00 , 250.00 , 0.00 , 0
15 , 81.75 , 250.00 , 0.00 , 0
16 , 84.25 , 250.00 , 0.00 , 0
17 , 86.50 , 250.00 , 0.00 , 0
18 , 87.50 , 250.00 , 0.00 , 0
19 , 90.00 , 250.00 , 0.00 , 0
20 , 92.00 , 250.00 , 0.00 , 0
Temperature has reached 95, please wait 60s for the initial denaturing to complete
21 , 93.75 , 250.00 , 0.00 , 0
Initial Denaturing has completed, Amplification Loop will start now
Going to Denaturing Temperature
Denaturing DNA Now
22 , 95.75 , 206.25 , 0.00 , 1
23 , 97.25 , 147.50 , 0.00 , 1
24 , 97.75 , 91.25 , 0.00 , 1
25 , 97.25 , 52.50 , 0.00 , 1
26 , 95.75 , 36.25 , 0.00 , 1
Going to Annealing Temperature
27 , 95.00 , 36.25 , 0.00 , 1
28 , 92.25 , 36.25 , 0.00 , 1
29 , 90.75 , 36.25 , 0.00 , 1
30 , 87.75 , 36.25 , 0.00 , 1
31 , 85.00 , 36.25 , 0.00 , 1
32 , 82.25 , 36.25 , 0.00 , 1
33 , 80.00 , 36.25 , 0.00 , 1
34 , 77.25 , 36.25 , 0.00 , 1
35 , 74.25 , 36.25 , 0.00 , 1
36 , 72.25 , 36.25 , 0.00 , 1
37 , 69.75 , 36.25 , 0.00 , 1
38 , 67.50 , 36.25 , 0.00 , 1
39 , 65.25 , 36.25 , 0.00 , 1
40 , 63.00 , 36.25 , 0.00 , 1
41 , 60.75 , 36.25 , 0.00 , 1
42 , 59.25 , 36.25 , 0.00 , 1
43 , 57.25 , 36.25 , 0.00 , 1
44 , 55.75 , 36.25 , 0.00 , 1
45 , 54.25 , 36.25 , 0.00 , 1
Annealing DNA Now
46 , 52.25 , 36.25 , 100.00 , 1
47 , 51.50 , 36.25 , 125.00 , 1
48 , 50.50 , 36.25 , 125.00 , 1
49 , 51.00 , 36.25 , 125.00 , 1
50 , 51.25 , 36.25 , 125.00 , 1
51 , 51.75 , 36.25 , 125.00 , 1
52 , 52.00 , 36.25 , 125.00 , 1
53 , 53.50 , 36.25 , 125.00 , 1
54 , 54.00 , 36.25 , 112.50 , 1
55 , 55.25 , 36.25 , 97.50 , 1
Going to Extension Temperature
56 , 56.25 , 250.00 , 97.50 , 1
57 , 57.75 , 250.00 , 97.50 , 1
58 , 59.25 , 250.00 , 97.50 , 1
59 , 61.25 , 250.00 , 97.50 , 1
60 , 63.25 , 250.00 , 97.50 , 1
61 , 64.50 , 250.00 , 97.50 , 1
62 , 66.50 , 250.00 , 97.50 , 1
63 , 68.00 , 250.00 , 97.50 , 1
64 , 69.50 , 250.00 , 97.50 , 1
65 , 71.00 , 250.00 , 97.50 , 1
Extending DNA Now
66 , 72.50 , 250.00 , 97.50 , 1
67 , 74.00 , 237.50 , 97.50 , 1
68 , 75.00 , 197.50 , 97.50 , 1
69 , 76.25 , 162.50 , 97.50 , 1
70 , 76.75 , 116.25 , 97.50 , 1
71 , 76.75 , 82.50 , 97.50 , 1
72 , 76.00 , 58.75 , 97.50 , 1
73 , 75.50 , 53.75 , 97.50 , 1
74 , 74.25 , 46.25 , 97.50 , 1
75 , 73.75 , 60.00 , 97.50 , 1
76 , 72.50 , 61.25 , 97.50 , 1
77 , 71.25 , 83.75 , 97.50 , 1
78 , 70.75 , 112.50 , 97.50 , 1
79 , 70.25 , 128.75 , 97.50 , 1
80 , 69.50 , 147.50 , 97.50 , 1
81 , 69.25 , 175.00 , 97.50 , 1
82 , 70.00 , 193.75 , 97.50 , 1
83 , 70.50 , 188.75 , 97.50 , 1
84 , 71.25 , 186.25 , 97.50 , 1
85 , 71.75 , 175.00 , 97.50 , 1
86 , 72.50 , 175.00 , 97.50 , 1
Going to Denaturing Temperature
87 , 73.50 , 250.00 , 97.50 , 2
88 , 74.25 , 250.00 , 97.50 , 2
89 , 77.00 , 250.00 , 97.50 , 2
90 , 80.00 , 250.00 , 97.50 , 2
91 , 83.00 , 250.00 , 97.50 , 2
92 , 84.75 , 250.00 , 97.50 , 2
93 , 87.25 , 250.00 , 97.50 , 2
94 , 89.50 , 250.00 , 97.50 , 2
95 , 91.50 , 250.00 , 97.50 , 2
96 , 93.00 , 250.00 , 97.50 , 2
Denaturing DNA Now
97 , 95.00 , 225.00 , 97.50 , 2
98 , 96.50 , 170.00 , 97.50 , 2
99 , 97.25 , 117.50 , 97.50 , 2
100 , 97.00 , 76.25 , 97.50 , 2
101 , 96.50 , 56.25 , 97.50 , 2
Going to Annealing Temperature
102 , 95.25 , 56.25 , 97.50 , 2
103 , 93.00 , 56.25 , 97.50 , 2
104 , 90.75 , 56.25 , 97.50 , 2
105 , 88.25 , 56.25 , 97.50 , 2
106 , 85.75 , 56.25 , 97.50 , 2
107 , 83.00 , 56.25 , 97.50 , 2
108 , 79.75 , 56.25 , 97.50 , 2
109 , 77.25 , 56.25 , 97.50 , 2
110 , 74.75 , 56.25 , 97.50 , 2
111 , 72.25 , 56.25 , 97.50 , 2
112 , 69.75 , 56.25 , 97.50 , 2
113 , 67.25 , 56.25 , 97.50 , 2
114 , 65.25 , 56.25 , 97.50 , 2
115 , 63.00 , 56.25 , 97.50 , 2
116 , 61.25 , 56.25 , 97.50 , 2
117 , 59.00 , 56.25 , 97.50 , 2
118 , 57.75 , 56.25 , 97.50 , 2
119 , 55.75 , 56.25 , 97.50 , 2
120 , 54.50 , 56.25 , 97.50 , 2
Annealing DNA Now
121 , 52.50 , 56.25 , 95.00 , 2
122 , 51.25 , 56.25 , 125.00 , 2
123 , 51.25 , 56.25 , 125.00 , 2
124 , 50.75 , 56.25 , 125.00 , 2
125 , 51.00 , 56.25 , 125.00 , 2
126 , 51.50 , 56.25 , 125.00 , 2
127 , 53.00 , 56.25 , 125.00 , 2
128 , 54.75 , 56.25 , 125.00 , 2
129 , 56.50 , 56.25 , 81.25 , 2
130 , 57.75 , 56.25 , 28.75 , 2
Going to Extension Temperature
131 , 57.75 , 250.00 , 28.75 , 2
132 , 58.50 , 250.00 , 28.75 , 2
133 , 59.50 , 250.00 , 28.75 , 2
134 , 61.00 , 250.00 , 28.75 , 2
135 , 63.25 , 250.00 , 28.75 , 2
136 , 65.00 , 250.00 , 28.75 , 2
137 , 66.25 , 250.00 , 28.75 , 2
138 , 68.25 , 250.00 , 28.75 , 2
139 , 69.25 , 250.00 , 28.75 , 2
140 , 70.50 , 250.00 , 28.75 , 2
Extending DNA Now
141 , 72.00 , 250.00 , 28.75 , 2
142 , 73.00 , 250.00 , 28.75 , 2
143 , 74.00 , 225.00 , 28.75 , 2
144 , 75.50 , 195.00 , 28.75 , 2
145 , 76.00 , 147.50 , 28.75 , 2
146 , 75.50 , 117.50 , 28.75 , 2
147 , 75.75 , 110.00 , 28.75 , 2
148 , 75.25 , 86.25 , 28.75 , 2
149 , 74.25 , 80.00 , 28.75 , 2
150 , 73.25 , 88.75 , 28.75 , 2
151 , 72.50 , 102.50 , 28.75 , 2
152 , 72.00 , 115.00 , 28.75 , 2
153 , 71.75 , 125.00 , 28.75 , 2
154 , 71.00 , 131.25 , 28.75 , 2
155 , 70.75 , 151.25 , 28.75 , 2
156 , 70.75 , 162.50 , 28.75 , 2
157 , 70.75 , 168.75 , 28.75 , 2
158 , 71.50 , 175.00 , 28.75 , 2
159 , 72.25 , 162.50 , 28.75 , 2
160 , 72.75 , 146.25 , 28.75 , 2
161 , 73.25 , 146.25 , 28.75 , 2
Going to Denaturing Temperature
162 , 73.00 , 250.00 , 28.75 , 3
163 , 73.75 , 250.00 , 28.75 , 3
164 , 76.50 , 250.00 , 28.75 , 3
165 , 78.75 , 250.00 , 28.75 , 3
166 , 82.25 , 250.00 , 28.75 , 3
167 , 84.75 , 250.00 , 28.75 , 3
168 , 87.25 , 250.00 , 28.75 , 3
169 , 89.75 , 250.00 , 28.75 , 3
170 , 92.00 , 250.00 , 28.75 , 3
Denaturing DNA Now
171 , 93.75 , 250.00 , 28.75 , 3
172 , 95.50 , 206.25 , 28.75 , 3
173 , 97.25 , 153.75 , 28.75 , 3
174 , 97.25 , 92.50 , 28.75 , 3
175 , 97.25 , 66.25 , 28.75 , 3
Going to Annealing Temperature
176 , 96.25 , 66.25 , 28.75 , 3
177 , 94.50 , 66.25 , 28.75 , 3
178 , 92.75 , 66.25 , 28.75 , 3
179 , 89.75 , 66.25 , 28.75 , 3
180 , 87.25 , 66.25 , 28.75 , 3
181 , 84.00 , 66.25 , 28.75 , 3
182 , 81.25 , 66.25 , 28.75 , 3
183 , 79.00 , 66.25 , 28.75 , 3
184 , 75.50 , 66.25 , 28.75 , 3
185 , 73.50 , 66.25 , 28.75 , 3
186 , 71.00 , 66.25 , 28.75 , 3
187 , 68.75 , 66.25 , 28.75 , 3
188 , 66.25 , 66.25 , 28.75 , 3
189 , 63.75 , 66.25 , 28.75 , 3
190 , 61.50 , 66.25 , 28.75 , 3
191 , 59.75 , 66.25 , 28.75 , 3
192 , 58.50 , 66.25 , 28.75 , 3
193 , 56.50 , 66.25 , 28.75 , 3
194 , 55.25 , 66.25 , 28.75 , 3
195 , 53.00 , 66.25 , 28.75 , 3
Annealing DNA Now
196 , 51.75 , 66.25 , 125.00 , 3
197 , 51.00 , 66.25 , 125.00 , 3
198 , 50.50 , 66.25 , 125.00 , 3
199 , 50.50 , 66.25 , 125.00 , 3
200 , 50.75 , 66.25 , 125.00 , 3
201 , 51.00 , 66.25 , 125.00 , 3
202 , 51.75 , 66.25 , 125.00 , 3
203 , 52.75 , 66.25 , 125.00 , 3
204 , 53.50 , 66.25 , 125.00 , 3
205 , 55.25 , 66.25 , 112.50 , 3
Going to Extension Temperature
206 , 57.00 , 250.00 , 112.50 , 3
207 , 58.50 , 250.00 , 112.50 , 3
208 , 59.25 , 250.00 , 112.50 , 3
209 , 61.00 , 250.00 , 112.50 , 3
210 , 63.75 , 250.00 , 112.50 , 3
211 , 65.50 , 250.00 , 112.50 , 3
212 , 67.00 , 250.00 , 112.50 , 3
213 , 68.25 , 250.00 , 112.50 , 3
214 , 69.50 , 250.00 , 112.50 , 3
215 , 70.25 , 250.00 , 112.50 , 3
216 , 72.00 , 250.00 , 112.50 , 3
Extending DNA Now
217 , 73.00 , 250.00 , 112.50 , 3
218 , 74.50 , 225.00 , 112.50 , 3
219 , 75.75 , 182.50 , 112.50 , 3
220 , 76.25 , 138.75 , 112.50 , 3
221 , 76.25 , 107.50 , 112.50 , 3
222 , 76.50 , 86.25 , 112.50 , 3
223 , 75.75 , 58.75 , 112.50 , 3
224 , 74.75 , 55.00 , 112.50 , 3
225 , 73.75 , 61.25 , 112.50 , 3
226 , 72.50 , 72.50 , 112.50 , 3
227 , 71.75 , 95.00 , 112.50 , 3
228 , 70.50 , 111.25 , 112.50 , 3
229 , 69.50 , 143.75 , 112.50 , 3
230 , 69.75 , 176.25 , 112.50 , 3
231 , 69.75 , 182.50 , 112.50 , 3
232 , 70.25 , 193.75 , 112.50 , 3
233 , 71.25 , 192.50 , 112.50 , 3
234 , 71.50 , 176.25 , 112.50 , 3
235 , 72.00 , 173.75 , 112.50 , 3
236 , 72.75 , 163.75 , 112.50 , 3
237 , 73.25 , 163.75 , 112.50 , 3
Going to Denaturing Temperature
238 , 74.25 , 250.00 , 112.50 , 4
239 , 74.75 , 250.00 , 112.50 , 4
240 , 78.25 , 250.00 , 112.50 , 4
241 , 80.25 , 250.00 , 112.50 , 4
242 , 83.25 , 250.00 , 112.50 , 4
243 , 85.75 , 250.00 , 112.50 , 4
244 , 88.25 , 250.00 , 112.50 , 4
245 , 90.25 , 250.00 , 112.50 , 4
246 , 92.50 , 250.00 , 112.50 , 4
Denaturing DNA Now
247 , 94.25 , 237.50 , 112.50 , 4
248 , 96.25 , 191.25 , 112.50 , 4
249 , 96.75 , 130.00 , 112.50 , 4
250 , 97.50 , 96.25 , 112.50 , 4
251 , 97.25 , 53.75 , 112.50 , 4
Going to Annealing Temperature
252 , 96.25 , 53.75 , 112.50 , 4
253 , 94.50 , 53.75 , 112.50 , 4
254 , 93.00 , 53.75 , 112.50 , 4
255 , 90.00 , 53.75 , 112.50 , 4
256 , 87.25 , 53.75 , 112.50 , 4
257 , 84.00 , 53.75 , 112.50 , 4
258 , 81.25 , 53.75 , 112.50 , 4
259 , 78.25 , 53.75 , 112.50 , 4
260 , 75.75 , 53.75 , 112.50 , 4
261 , 73.50 , 53.75 , 112.50 , 4
262 , 71.00 , 53.75 , 112.50 , 4
263 , 68.50 , 53.75 , 112.50 , 4
264 , 66.25 , 53.75 , 112.50 , 4
265 , 64.00 , 53.75 , 112.50 , 4
266 , 62.00 , 53.75 , 112.50 , 4
267 , 60.25 , 53.75 , 112.50 , 4
268 , 58.00 , 53.75 , 112.50 , 4
269 , 56.00 , 53.75 , 112.50 , 4
270 , 54.75 , 53.75 , 112.50 , 4
Annealing DNA Now
271 , 53.50 , 53.75 , 90.00 , 4
272 , 51.75 , 53.75 , 112.50 , 4
273 , 51.50 , 53.75 , 125.00 , 4
274 , 51.75 , 53.75 , 125.00 , 4
275 , 51.75 , 53.75 , 125.00 , 4
276 , 52.00 , 53.75 , 125.00 , 4
277 , 52.50 , 53.75 , 125.00 , 4
278 , 54.25 , 53.75 , 125.00 , 4
279 , 55.00 , 53.75 , 93.75 , 4
280 , 56.00 , 53.75 , 68.75 , 4
Going to Extension Temperature
281 , 57.00 , 250.00 , 68.75 , 4
282 , 57.50 , 250.00 , 68.75 , 4
283 , 59.50 , 250.00 , 68.75 , 4
284 , 61.00 , 250.00 , 68.75 , 4
285 , 63.00 , 250.00 , 68.75 , 4
286 , 64.75 , 250.00 , 68.75 , 4
287 , 66.25 , 250.00 , 68.75 , 4
288 , 68.00 , 250.00 , 68.75 , 4
289 , 69.25 , 250.00 , 68.75 , 4
290 , 70.75 , 250.00 , 68.75 , 4
Extending DNA Now
291 , 71.75 , 250.00 , 68.75 , 4
292 , 73.50 , 250.00 , 68.75 , 4
293 , 74.75 , 212.50 , 68.75 , 4
294 , 75.50 , 173.75 , 68.75 , 4
295 , 75.75 , 141.25 , 68.75 , 4
296 , 76.50 , 117.50 , 68.75 , 4
297 , 76.25 , 80.00 , 68.75 , 4
298 , 75.25 , 63.75 , 68.75 , 4
299 , 74.50 , 67.50 , 68.75 , 4
300 , 73.75 , 70.00 , 68.75 , 4
301 , 71.75 , 76.25 , 68.75 , 4
302 , 72.00 , 117.50 , 68.75 , 4
303 , 71.25 , 112.50 , 68.75 , 4
304 , 70.25 , 131.25 , 68.75 , 4
305 , 69.75 , 160.00 , 68.75 , 4
306 , 70.25 , 181.25 , 68.75 , 4
307 , 70.25 , 180.00 , 68.75 , 4
308 , 70.75 , 188.75 , 68.75 , 4
309 , 71.25 , 185.00 , 68.75 , 4
310 , 71.75 , 178.75 , 68.75 , 4
311 , 72.50 , 178.75 , 68.75 , 4
Going to Denaturing Temperature
312 , 73.00 , 250.00 , 68.75 , 5
313 , 74.00 , 250.00 , 68.75 , 5
314 , 77.00 , 250.00 , 68.75 , 5
315 , 79.25 , 250.00 , 68.75 , 5
316 , 82.25 , 250.00 , 68.75 , 5
317 , 84.75 , 250.00 , 68.75 , 5
318 , 87.00 , 250.00 , 68.75 , 5
319 , 89.50 , 250.00 , 68.75 , 5
320 , 91.50 , 250.00 , 68.75 , 5
321 , 93.25 , 250.00 , 68.75 , 5
Denaturing DNA Now
322 , 95.50 , 218.75 , 68.75 , 5
323 , 97.25 , 156.25 , 68.75 , 5
324 , 97.25 , 95.00 , 68.75 , 5
325 , 97.75 , 68.75 , 68.75 , 5
326 , 96.25 , 30.00 , 68.75 , 5
Going to Annealing Temperature
327 , 94.50 , 30.00 , 68.75 , 5
328 , 93.00 , 30.00 , 68.75 , 5
329 , 91.25 , 30.00 , 68.75 , 5
330 , 88.75 , 30.00 , 68.75 , 5
331 , 85.75 , 30.00 , 68.75 , 5
332 , 83.00 , 30.00 , 68.75 , 5
333 , 80.50 , 30.00 , 68.75 , 5
334 , 77.75 , 30.00 , 68.75 , 5
335 , 75.25 , 30.00 , 68.75 , 5
336 , 72.75 , 30.00 , 68.75 , 5
337 , 70.00 , 30.00 , 68.75 , 5
338 , 67.25 , 30.00 , 68.75 , 5
339 , 65.25 , 30.00 , 68.75 , 5
340 , 63.25 , 30.00 , 68.75 , 5
341 , 61.25 , 30.00 , 68.75 , 5
342 , 59.50 , 30.00 , 68.75 , 5
343 , 57.75 , 30.00 , 68.75 , 5
344 , 55.75 , 30.00 , 68.75 , 5
345 , 54.50 , 30.00 , 68.75 , 5
Annealing DNA Now
346 , 52.75 , 30.00 , 95.00 , 5
347 , 51.75 , 30.00 , 125.00 , 5
348 , 51.50 , 30.00 , 125.00 , 5
349 , 50.50 , 30.00 , 125.00 , 5
350 , 51.00 , 30.00 , 125.00 , 5
351 , 51.75 , 30.00 , 125.00 , 5
352 , 52.25 , 30.00 , 125.00 , 5
353 , 52.75 , 30.00 , 125.00 , 5
354 , 54.50 , 30.00 , 125.00 , 5
355 , 55.25 , 30.00 , 87.50 , 5
Going to Extension Temperature
356 , 56.75 , 250.00 , 87.50 , 5
357 , 57.75 , 250.00 , 87.50 , 5
358 , 58.75 , 250.00 , 87.50 , 5
359 , 60.75 , 250.00 , 87.50 , 5
360 , 62.75 , 250.00 , 87.50 , 5
361 , 64.25 , 250.00 , 87.50 , 5
362 , 65.00 , 250.00 , 87.50 , 5
363 , 66.75 , 250.00 , 87.50 , 5
364 , 68.50 , 250.00 , 87.50 , 5
365 , 70.00 , 250.00 , 87.50 , 5
366 , 71.25 , 250.00 , 87.50 , 5
Extending DNA Now
367 , 72.00 , 250.00 , 87.50 , 5
368 , 73.50 , 250.00 , 87.50 , 5
369 , 74.50 , 212.50 , 87.50 , 5
370 , 75.75 , 180.00 , 87.50 , 5
371 , 76.00 , 136.25 , 87.50 , 5
372 , 76.25 , 111.25 , 87.50 , 5
373 , 75.75 , 85.00 , 87.50 , 5
374 , 75.00 , 76.25 , 87.50 , 5
375 , 73.75 , 76.25 , 87.50 , 5
376 , 73.25 , 92.50 , 87.50 , 5
377 , 72.50 , 96.25 , 87.50 , 5
378 , 71.75 , 108.75 , 87.50 , 5
379 , 71.25 , 125.00 , 87.50 , 5
380 , 70.75 , 138.75 , 87.50 , 5
381 , 70.50 , 155.00 , 87.50 , 5
382 , 70.50 , 167.50 , 87.50 , 5
383 , 70.75 , 175.00 , 87.50 , 5
384 , 71.25 , 176.25 , 87.50 , 5
385 , 71.25 , 170.00 , 87.50 , 5
386 , 72.00 , 173.75 , 87.50 , 5
387 , 72.50 , 173.75 , 87.50 , 5
Going to Denaturing Temperature
388 , 73.00 , 250.00 , 87.50 , 6
389 , 74.00 , 250.00 , 87.50 , 6
390 , 76.75 , 250.00 , 87.50 , 6
392 , 78.75 , 250.00 , 87.50 , 6
393 , 82.00 , 250.00 , 87.50 , 6
394 , 84.50 , 250.00 , 87.50 , 6
395 , 87.00 , 250.00 , 87.50 , 6
396 , 89.25 , 250.00 , 87.50 , 6
397 , 91.50 , 250.00 , 87.50 , 6
398 , 92.50 , 250.00 , 87.50 , 6
Denaturing DNA Now
399 , 94.50 , 237.50 , 87.50 , 6
400 , 96.25 , 185.00 , 87.50 , 6
401 , 97.25 , 128.75 , 87.50 , 6
402 , 96.75 , 82.50 , 87.50 , 6
403 , 96.00 , 68.75 , 87.50 , 6
Going to Annealing Temperature
404 , 95.25 , 68.75 , 87.50 , 6
405 , 92.75 , 68.75 , 87.50 , 6
406 , 91.25 , 68.75 , 87.50 , 6
407 , 88.25 , 68.75 , 87.50 , 6
408 , 85.75 , 68.75 , 87.50 , 6
409 , 83.00 , 68.75 , 87.50 , 6
410 , 79.50 , 68.75 , 87.50 , 6
411 , 77.00 , 68.75 , 87.50 , 6
412 , 74.75 , 68.75 , 87.50 , 6
413 , 72.25 , 68.75 , 87.50 , 6
414 , 70.25 , 68.75 , 87.50 , 6
415 , 67.50 , 68.75 , 87.50 , 6
416 , 65.25 , 68.75 , 87.50 , 6
417 , 63.50 , 68.75 , 87.50 , 6
418 , 61.00 , 68.75 , 87.50 , 6
419 , 59.75 , 68.75 , 87.50 , 6
420 , 57.50 , 68.75 , 87.50 , 6
421 , 56.00 , 68.75 , 87.50 , 6
422 , 54.00 , 68.75 , 87.50 , 6
Annealing DNA Now
423 , 52.75 , 68.75 , 105.00 , 6
424 , 51.75 , 68.75 , 125.00 , 6
425 , 50.75 , 68.75 , 125.00 , 6
426 , 50.75 , 68.75 , 125.00 , 6
427 , 51.00 , 68.75 , 125.00 , 6
428 , 51.00 , 68.75 , 125.00 , 6
429 , 51.75 , 68.75 , 125.00 , 6
430 , 52.75 , 68.75 , 125.00 , 6
431 , 54.00 , 68.75 , 125.00 , 6
432 , 55.25 , 68.75 , 100.00 , 6
Going to Extension Temperature
433 , 56.25 , 250.00 , 100.00 , 6
434 , 57.50 , 250.00 , 100.00 , 6
435 , 58.50 , 250.00 , 100.00 , 6
436 , 60.50 , 250.00 , 100.00 , 6
437 , 62.25 , 250.00 , 100.00 , 6
438 , 63.75 , 250.00 , 100.00 , 6
439 , 65.00 , 250.00 , 100.00 , 6
440 , 66.50 , 250.00 , 100.00 , 6
441 , 67.75 , 250.00 , 100.00 , 6
442 , 69.25 , 250.00 , 100.00 , 6
443 , 70.25 , 250.00 , 100.00 , 6
444 , 71.25 , 250.00 , 100.00 , 6
Extending DNA Now
445 , 72.75 , 250.00 , 100.00 , 6
446 , 73.25 , 231.25 , 100.00 , 6
447 , 74.00 , 215.00 , 100.00 , 6
448 , 75.50 , 190.00 , 100.00 , 6
449 , 75.75 , 142.50 , 100.00 , 6
450 , 76.25 , 118.75 , 100.00 , 6
451 , 75.50 , 87.50 , 100.00 , 6
452 , 75.00 , 85.00 , 100.00 , 6
453 , 74.25 , 80.00 , 100.00 , 6
454 , 73.50 , 83.75 , 100.00 , 6
455 , 72.00 , 91.25 , 100.00 , 6
456 , 71.75 , 121.25 , 100.00 , 6
457 , 71.25 , 127.50 , 100.00 , 6
458 , 70.75 , 141.25 , 100.00 , 6
459 , 70.25 , 157.50 , 100.00 , 6
460 , 70.75 , 176.25 , 100.00 , 6
461 , 71.00 , 172.50 , 100.00 , 6
462 , 71.25 , 172.50 , 100.00 , 6
463 , 72.00 , 171.25 , 100.00 , 6
464 , 72.00 , 156.25 , 100.00 , 6
465 , 72.25 , 156.25 , 100.00 , 6
Going to Denaturing Temperature
466 , 72.25 , 250.00 , 100.00 , 7
467 , 73.00 , 250.00 , 100.00 , 7
468 , 75.75 , 250.00 , 100.00 , 7
469 , 78.00 , 250.00 , 100.00 , 7
470 , 80.00 , 250.00 , 100.00 , 7
471 , 82.50 , 250.00 , 100.00 , 7
472 , 84.25 , 250.00 , 100.00 , 7
473 , 86.50 , 250.00 , 100.00 , 7
474 , 88.25 , 250.00 , 100.00 , 7
475 , 90.25 , 250.00 , 100.00 , 7
476 , 92.00 , 250.00 , 100.00 , 7
Denaturing DNA Now
477 , 93.50 , 250.00 , 100.00 , 7
478 , 94.50 , 212.50 , 100.00 , 7
479 , 95.75 , 180.00 , 100.00 , 7
480 , 96.25 , 136.25 , 100.00 , 7
481 , 96.50 , 105.00 , 100.00 , 7
Going to Annealing Temperature
482 , 95.75 , 105.00 , 100.00 , 7
483 , 94.00 , 105.00 , 100.00 , 7
484 , 92.00 , 105.00 , 100.00 , 7
485 , 89.75 , 105.00 , 100.00 , 7
486 , 86.50 , 105.00 , 100.00 , 7
487 , 84.00 , 105.00 , 100.00 , 7
488 , 80.75 , 105.00 , 100.00 , 7
489 , 78.00 , 105.00 , 100.00 , 7
490 , 75.50 , 105.00 , 100.00 , 7
491 , 72.75 , 105.00 , 100.00 , 7
492 , 69.75 , 105.00 , 100.00 , 7
493 , 67.50 , 105.00 , 100.00 , 7
494 , 65.00 , 105.00 , 100.00 , 7
495 , 63.00 , 105.00 , 100.00 , 7
496 , 60.75 , 105.00 , 100.00 , 7
497 , 59.25 , 105.00 , 100.00 , 7
498 , 57.00 , 105.00 , 100.00 , 7
499 , 56.00 , 105.00 , 100.00 , 7
500 , 54.00 , 105.00 , 100.00 , 7
Annealing DNA Now
501 , 52.25 , 105.00 , 105.00 , 7
502 , 51.75 , 105.00 , 125.00 , 7
503 , 50.75 , 105.00 , 125.00 , 7
504 , 51.00 , 105.00 , 125.00 , 7
505 , 51.00 , 105.00 , 125.00 , 7
506 , 51.00 , 105.00 , 125.00 , 7
507 , 51.75 , 105.00 , 125.00 , 7
508 , 52.75 , 105.00 , 125.00 , 7
509 , 54.00 , 105.00 , 125.00 , 7
510 , 55.00 , 105.00 , 100.00 , 7
Going to Extension Temperature
511 , 56.00 , 250.00 , 100.00 , 7
512 , 57.75 , 250.00 , 100.00 , 7
513 , 58.50 , 250.00 , 100.00 , 7
514 , 60.50 , 250.00 , 100.00 , 7
515 , 62.25 , 250.00 , 100.00 , 7
516 , 63.50 , 250.00 , 100.00 , 7
517 , 65.25 , 250.00 , 100.00 , 7
518 , 66.50 , 250.00 , 100.00 , 7
519 , 67.25 , 250.00 , 100.00 , 7
520 , 69.50 , 250.00 , 100.00 , 7
521 , 70.00 , 250.00 , 100.00 , 7
522 , 70.50 , 250.00 , 100.00 , 7
Extending DNA Now
523 , 72.00 , 250.00 , 100.00 , 7
524 , 73.00 , 250.00 , 100.00 , 7
525 , 73.75 , 225.00 , 100.00 , 7
526 , 75.00 , 201.25 , 100.00 , 7
527 , 75.25 , 161.25 , 100.00 , 7
528 , 75.75 , 140.00 , 100.00 , 7
529 , 75.25 , 111.25 , 100.00 , 7
530 , 75.00 , 105.00 , 100.00 , 7
531 , 74.25 , 95.00 , 100.00 , 7
532 , 74.00 , 98.75 , 100.00 , 7
533 , 73.50 , 93.75 , 100.00 , 7
534 , 72.50 , 96.25 , 100.00 , 7
535 , 72.00 , 113.75 , 100.00 , 7
536 , 71.75 , 123.75 , 100.00 , 7
537 , 71.50 , 130.00 , 100.00 , 7
538 , 71.00 , 137.50 , 100.00 , 7
539 , 71.00 , 152.50 , 100.00 , 7
540 , 70.75 , 157.50 , 100.00 , 7
541 , 70.75 , 168.75 , 100.00 , 7
542 , 71.25 , 175.00 , 100.00 , 7
543 , 71.25 , 175.00 , 100.00 , 7
Going to Denaturing Temperature
544 , 71.25 , 250.00 , 100.00 , 8
545 , 72.25 , 250.00 , 100.00 , 8
546 , 74.75 , 250.00 , 100.00 , 8
547 , 77.25 , 250.00 , 100.00 , 8
548 , 79.75 , 250.00 , 100.00 , 8
549 , 81.25 , 250.00 , 100.00 , 8
550 , 83.75 , 250.00 , 100.00 , 8
551 , 85.00 , 250.00 , 100.00 , 8
552 , 87.50 , 250.00 , 100.00 , 8
553 , 88.25 , 250.00 , 100.00 , 8
554 , 90.00 , 250.00 , 100.00 , 8
555 , 92.25 , 250.00 , 100.00 , 8
Denaturing DNA Now
556 , 93.50 , 243.75 , 100.00 , 8
557 , 94.25 , 211.25 , 100.00 , 8
558 , 96.00 , 185.00 , 100.00 , 8
559 , 95.75 , 130.00 , 100.00 , 8
560 , 96.50 , 116.25 , 100.00 , 8
Going to Annealing Temperature
561 , 96.00 , 116.25 , 100.00 , 8
562 , 93.75 , 116.25 , 100.00 , 8
563 , 92.75 , 116.25 , 100.00 , 8
564 , 90.00 , 116.25 , 100.00 , 8
565 , 86.75 , 116.25 , 100.00 , 8
566 , 84.25 , 116.25 , 100.00 , 8
567 , 81.25 , 116.25 , 100.00 , 8
568 , 79.00 , 116.25 , 100.00 , 8
569 , 75.75 , 116.25 , 100.00 , 8
570 , 73.50 , 116.25 , 100.00 , 8
571 , 71.25 , 116.25 , 100.00 , 8
572 , 69.00 , 116.25 , 100.00 , 8
573 , 66.50 , 116.25 , 100.00 , 8
574 , 64.50 , 116.25 , 100.00 , 8
575 , 62.50 , 116.25 , 100.00 , 8
576 , 60.50 , 116.25 , 100.00 , 8
577 , 58.50 , 116.25 , 100.00 , 8
578 , 56.75 , 116.25 , 100.00 , 8
579 , 55.25 , 116.25 , 100.00 , 8
580 , 54.00 , 116.25 , 100.00 , 8
Annealing DNA Now
581 , 51.75 , 116.25 , 105.00 , 8
582 , 51.25 , 116.25 , 125.00 , 8
583 , 50.75 , 116.25 , 125.00 , 8
584 , 50.75 , 116.25 , 125.00 , 8
585 , 50.25 , 116.25 , 125.00 , 8
586 , 51.25 , 116.25 , 125.00 , 8
587 , 51.25 , 116.25 , 125.00 , 8
588 , 52.00 , 116.25 , 125.00 , 8
589 , 53.50 , 116.25 , 125.00 , 8
590 , 54.75 , 116.25 , 112.50 , 8
Going to Extension Temperature
591 , 56.00 , 250.00 , 112.50 , 8
592 , 56.50 , 250.00 , 112.50 , 8
593 , 57.25 , 250.00 , 112.50 , 8
594 , 59.50 , 250.00 , 112.50 , 8
595 , 61.00 , 250.00 , 112.50 , 8
596 , 62.50 , 250.00 , 112.50 , 8
597 , 63.75 , 250.00 , 112.50 , 8
598 , 65.00 , 250.00 , 112.50 , 8
599 , 66.25 , 250.00 , 112.50 , 8
600 , 67.25 , 250.00 , 112.50 , 8
601 , 68.25 , 250.00 , 112.50 , 8
602 , 69.75 , 250.00 , 112.50 , 8
603 , 71.00 , 250.00 , 112.50 , 8
Extending DNA Now
604 , 72.25 , 250.00 , 112.50 , 8
605 , 73.25 , 243.75 , 112.50 , 8
606 , 73.50 , 217.50 , 112.50 , 8
607 , 74.75 , 205.00 , 112.50 , 8
608 , 75.00 , 166.25 , 112.50 , 8
609 , 75.50 , 146.25 , 112.50 , 8
610 , 75.50 , 118.75 , 112.50 , 8
611 , 75.50 , 101.25 , 112.50 , 8
612 , 74.25 , 83.75 , 112.50 , 8
613 , 73.75 , 97.50 , 112.50 , 8
614 , 73.50 , 98.75 , 112.50 , 8
615 , 72.00 , 96.25 , 112.50 , 8
616 , 71.75 , 126.25 , 112.50 , 8
617 , 71.50 , 132.50 , 112.50 , 8
618 , 71.00 , 140.00 , 112.50 , 8
619 , 71.00 , 155.00 , 112.50 , 8
620 , 70.75 , 160.00 , 112.50 , 8
621 , 70.50 , 171.25 , 112.50 , 8
622 , 71.25 , 183.75 , 112.50 , 8
623 , 71.25 , 172.50 , 112.50 , 8
624 , 71.50 , 172.50 , 112.50 , 8
Going to Denaturing Temperature
625 , 72.00 , 250.00 , 112.50 , 9
626 , 72.50 , 250.00 , 112.50 , 9
627 , 74.50 , 250.00 , 112.50 , 9
628 , 77.25 , 250.00 , 112.50 , 9
629 , 79.25 , 250.00 , 112.50 , 9
630 , 81.50 , 250.00 , 112.50 , 9
631 , 83.00 , 250.00 , 112.50 , 9
632 , 85.00 , 250.00 , 112.50 , 9
633 , 86.75 , 250.00 , 112.50 , 9
634 , 88.50 , 250.00 , 112.50 , 9
635 , 90.00 , 250.00 , 112.50 , 9
636 , 91.25 , 250.00 , 112.50 , 9
637 , 92.75 , 250.00 , 112.50 , 9
Denaturing DNA Now
638 , 94.50 , 231.25 , 112.50 , 9
639 , 95.75 , 183.75 , 112.50 , 9
640 , 96.25 , 140.00 , 112.50 , 9
641 , 95.75 , 108.75 , 112.50 , 9
642 , 96.00 , 100.00 , 112.50 , 9
Going to Annealing Temperature
643 , 94.75 , 100.00 , 112.50 , 9
644 , 93.50 , 100.00 , 112.50 , 9
645 , 91.75 , 100.00 , 112.50 , 9
646 , 88.75 , 100.00 , 112.50 , 9
647 , 86.50 , 100.00 , 112.50 , 9
648 , 83.50 , 100.00 , 112.50 , 9
649 , 80.75 , 100.00 , 112.50 , 9
650 , 77.50 , 100.00 , 112.50 , 9
651 , 75.25 , 100.00 , 112.50 , 9
652 , 72.50 , 100.00 , 112.50 , 9
653 , 70.25 , 100.00 , 112.50 , 9
654 , 68.00 , 100.00 , 112.50 , 9
655 , 65.75 , 100.00 , 112.50 , 9
656 , 63.25 , 100.00 , 112.50 , 9
657 , 61.75 , 100.00 , 112.50 , 9
658 , 60.00 , 100.00 , 112.50 , 9
659 , 58.25 , 100.00 , 112.50 , 9
660 , 56.50 , 100.00 , 112.50 , 9
661 , 54.75 , 100.00 , 112.50 , 9
Annealing DNA Now
662 , 53.50 , 100.00 , 90.00 , 9
663 , 52.00 , 100.00 , 112.50 , 9
664 , 51.75 , 100.00 , 125.00 , 9
665 , 51.25 , 100.00 , 125.00 , 9
666 , 51.50 , 100.00 , 125.00 , 9
667 , 51.25 , 100.00 , 125.00 , 9
668 , 52.25 , 100.00 , 125.00 , 9
669 , 52.50 , 100.00 , 125.00 , 9
670 , 53.25 , 100.00 , 125.00 , 9
671 , 55.00 , 100.00 , 118.75 , 9
Going to Extension Temperature
672 , 55.75 , 250.00 , 118.75 , 9
673 , 57.00 , 250.00 , 118.75 , 9
674 , 58.50 , 250.00 , 118.75 , 9
675 , 59.75 , 250.00 , 118.75 , 9
676 , 61.50 , 250.00 , 118.75 , 9
677 , 63.00 , 250.00 , 118.75 , 9
678 , 64.25 , 250.00 , 118.75 , 9
679 , 65.50 , 250.00 , 118.75 , 9
680 , 66.75 , 250.00 , 118.75 , 9
681 , 68.00 , 250.00 , 118.75 , 9
682 , 69.50 , 250.00 , 118.75 , 9
683 , 70.00 , 250.00 , 118.75 , 9
684 , 71.00 , 250.00 , 118.75 , 9
Extending DNA Now
685 , 72.75 , 250.00 , 118.75 , 9
686 , 73.25 , 231.25 , 118.75 , 9
687 , 74.50 , 215.00 , 118.75 , 9
688 , 75.50 , 177.50 , 118.75 , 9
689 , 75.75 , 140.00 , 118.75 , 9
690 , 76.00 , 116.25 , 118.75 , 9
691 , 75.25 , 91.25 , 118.75 , 9
692 , 75.00 , 90.00 , 118.75 , 9
693 , 74.25 , 80.00 , 118.75 , 9
694 , 73.50 , 83.75 , 118.75 , 9
695 , 72.25 , 91.25 , 118.75 , 9
696 , 71.50 , 115.00 , 118.75 , 9
697 , 71.00 , 132.50 , 118.75 , 9
698 , 70.50 , 147.50 , 118.75 , 9
699 , 70.25 , 165.00 , 118.75 , 9
700 , 70.50 , 178.75 , 118.75 , 9
701 , 70.25 , 181.25 , 118.75 , 9
702 , 70.75 , 195.00 , 118.75 , 9
703 , 70.75 , 191.25 , 118.75 , 9
704 , 72.00 , 197.50 , 118.75 , 9
705 , 72.00 , 197.50 , 118.75 , 9
Going to Denaturing Temperature
706 , 72.50 , 250.00 , 118.75 , 10
707 , 73.50 , 250.00 , 118.75 , 10
708 , 75.50 , 250.00 , 118.75 , 10
709 , 78.00 , 250.00 , 118.75 , 10
710 , 79.75 , 250.00 , 118.75 , 10
711 , 82.00 , 250.00 , 118.75 , 10
712 , 83.50 , 250.00 , 118.75 , 10
713 , 85.75 , 250.00 , 118.75 , 10
714 , 87.25 , 250.00 , 118.75 , 10
715 , 89.00 , 250.00 , 118.75 , 10
716 , 90.50 , 250.00 , 118.75 , 10
717 , 92.00 , 250.00 , 118.75 , 10
Denaturing DNA Now
718 , 93.25 , 250.00 , 118.75 , 10
719 , 94.50 , 218.75 , 118.75 , 10
720 , 95.75 , 181.25 , 118.75 , 10
721 , 96.25 , 137.50 , 118.75 , 10
722 , 96.50 , 106.25 , 118.75 , 10
Going to Annealing Temperature
723 , 95.50 , 106.25 , 118.75 , 10
724 , 94.25 , 106.25 , 118.75 , 10
725 , 91.75 , 106.25 , 118.75 , 10
726 , 89.50 , 106.25 , 118.75 , 10
727 , 86.25 , 106.25 , 118.75 , 10
728 , 84.25 , 106.25 , 118.75 , 10
729 , 81.00 , 106.25 , 118.75 , 10
730 , 78.50 , 106.25 , 118.75 , 10
731 , 75.75 , 106.25 , 118.75 , 10
732 , 73.00 , 106.25 , 118.75 , 10
733 , 70.75 , 106.25 , 118.75 , 10
734 , 68.50 , 106.25 , 118.75 , 10
735 , 66.25 , 106.25 , 118.75 , 10
736 , 64.25 , 106.25 , 118.75 , 10
737 , 62.50 , 106.25 , 118.75 , 10
738 , 59.75 , 106.25 , 118.75 , 10
739 , 58.00 , 106.25 , 118.75 , 10
740 , 57.00 , 106.25 , 118.75 , 10
741 , 55.25 , 106.25 , 118.75 , 10
742 , 53.50 , 106.25 , 118.75 , 10
Annealing DNA Now
743 , 52.00 , 106.25 , 115.00 , 10
744 , 51.25 , 106.25 , 125.00 , 10
745 , 50.25 , 106.25 , 125.00 , 10
746 , 50.50 , 106.25 , 125.00 , 10
747 , 50.50 , 106.25 , 125.00 , 10
748 , 50.50 , 106.25 , 125.00 , 10
749 , 51.25 , 106.25 , 125.00 , 10
750 , 51.75 , 106.25 , 125.00 , 10
751 , 52.75 , 106.25 , 125.00 , 10
752 , 54.00 , 106.25 , 125.00 , 10
Going to Extension Temperature
753 , 55.25 , 250.00 , 125.00 , 10
754 , 56.50 , 250.00 , 125.00 , 10
755 , 58.00 , 250.00 , 125.00 , 10
756 , 59.50 , 250.00 , 125.00 , 10
757 , 60.75 , 250.00 , 125.00 , 10
758 , 61.50 , 250.00 , 125.00 , 10
759 , 63.50 , 250.00 , 125.00 , 10
760 , 64.25 , 250.00 , 125.00 , 10
761 , 65.75 , 250.00 , 125.00 , 10
762 , 67.25 , 250.00 , 125.00 , 10
763 , 68.50 , 250.00 , 125.00 , 10
764 , 69.25 , 250.00 , 125.00 , 10
765 , 70.00 , 250.00 , 125.00 , 10
766 , 70.75 , 250.00 , 125.00 , 10
Extending DNA Now
767 , 72.50 , 250.00 , 125.00 , 10
768 , 72.50 , 237.50 , 125.00 , 10
769 , 74.00 , 235.00 , 125.00 , 10
770 , 74.50 , 195.00 , 125.00 , 10
771 , 75.25 , 172.50 , 125.00 , 10
772 , 75.25 , 141.25 , 125.00 , 10
773 , 75.25 , 125.00 , 125.00 , 10
774 , 75.00 , 108.75 , 125.00 , 10
775 , 75.00 , 98.75 , 125.00 , 10
776 , 74.25 , 83.75 , 125.00 , 10
777 , 73.75 , 87.50 , 125.00 , 10
778 , 73.25 , 88.75 , 125.00 , 10
779 , 72.00 , 92.50 , 125.00 , 10
780 , 71.25 , 117.50 , 125.00 , 10
781 , 71.00 , 136.25 , 125.00 , 10
782 , 70.25 , 146.25 , 125.00 , 10
783 , 70.75 , 170.00 , 125.00 , 10
784 , 70.50 , 166.25 , 125.00 , 10
785 , 70.75 , 178.75 , 125.00 , 10
786 , 71.00 , 180.00 , 125.00 , 10
787 , 71.25 , 180.00 , 125.00 , 10
Going to Denaturing Temperature
788 , 71.00 , 250.00 , 125.00 , 11
789 , 72.25 , 250.00 , 125.00 , 11
790 , 74.50 , 250.00 , 125.00 , 11
791 , 76.75 , 250.00 , 125.00 , 11
792 , 79.25 , 250.00 , 125.00 , 11
793 , 80.75 , 250.00 , 125.00 , 11
794 , 82.75 , 250.00 , 125.00 , 11
795 , 84.25 , 250.00 , 125.00 , 11
796 , 86.25 , 250.00 , 125.00 , 11
797 , 87.75 , 250.00 , 125.00 , 11
798 , 88.75 , 250.00 , 125.00 , 11
799 , 90.25 , 250.00 , 125.00 , 11
800 , 92.00 , 250.00 , 125.00 , 11
Denaturing DNA Now
801 , 93.00 , 250.00 , 125.00 , 11
802 , 94.00 , 225.00 , 125.00 , 11
803 , 94.75 , 195.00 , 125.00 , 11
804 , 95.50 , 166.25 , 125.00 , 11
805 , 95.75 , 133.75 , 125.00 , 11
Going to Annealing Temperature
806 , 95.75 , 133.75 , 125.00 , 11
807 , 94.75 , 133.75 , 125.00 , 11
808 , 92.75 , 133.75 , 125.00 , 11
809 , 90.00 , 133.75 , 125.00 , 11
810 , 87.00 , 133.75 , 125.00 , 11
811 , 84.00 , 133.75 , 125.00 , 11
812 , 81.75 , 133.75 , 125.00 , 11
813 , 79.00 , 133.75 , 125.00 , 11
814 , 76.25 , 133.75 , 125.00 , 11
815 , 73.75 , 133.75 , 125.00 , 11
816 , 70.50 , 133.75 , 125.00 , 11
817 , 68.75 , 133.75 , 125.00 , 11
818 , 66.50 , 133.75 , 125.00 , 11
819 , 63.75 , 133.75 , 125.00 , 11
820 , 62.50 , 133.75 , 125.00 , 11
821 , 59.75 , 133.75 , 125.00 , 11
822 , 58.75 , 133.75 , 125.00 , 11
823 , 56.75 , 133.75 , 125.00 , 11
824 , 55.50 , 133.75 , 125.00 , 11
825 , 53.75 , 133.75 , 125.00 , 11
Annealing DNA Now
826 , 51.50 , 133.75 , 110.00 , 11
827 , 50.75 , 133.75 , 125.00 , 11
828 , 50.25 , 133.75 , 125.00 , 11
829 , 51.00 , 133.75 , 125.00 , 11
830 , 50.75 , 133.75 , 125.00 , 11
831 , 51.00 , 133.75 , 125.00 , 11
832 , 51.25 , 133.75 , 125.00 , 11
833 , 52.50 , 133.75 , 125.00 , 11
834 , 53.00 , 133.75 , 125.00 , 11
Going to Extension Temperature
836 , 54.25 , 250.00 , 125.00 , 11
837 , 55.75 , 250.00 , 125.00 , 11
838 , 57.25 , 250.00 , 125.00 , 11
839 , 58.75 , 250.00 , 125.00 , 11
840 , 60.50 , 250.00 , 125.00 , 11
841 , 62.00 , 250.00 , 125.00 , 11
842 , 62.75 , 250.00 , 125.00 , 11
843 , 64.75 , 250.00 , 125.00 , 11
844 , 66.00 , 250.00 , 125.00 , 11
845 , 67.25 , 250.00 , 125.00 , 11
846 , 68.25 , 250.00 , 125.00 , 11
847 , 69.75 , 250.00 , 125.00 , 11
848 , 70.00 , 250.00 , 125.00 , 11
849 , 71.75 , 250.00 , 125.00 , 11
Extending DNA Now
850 , 72.75 , 250.00 , 125.00 , 11
851 , 73.75 , 231.25 , 125.00 , 11
852 , 75.25 , 202.50 , 125.00 , 11
853 , 76.25 , 156.25 , 125.00 , 11
854 , 76.75 , 115.00 , 125.00 , 11
855 , 76.50 , 81.25 , 125.00 , 11
856 , 76.25 , 63.75 , 125.00 , 11
857 , 76.00 , 47.50 , 125.00 , 11
858 , 74.75 , 32.50 , 125.00 , 11
859 , 73.75 , 43.75 , 125.00 , 11
860 , 72.75 , 55.00 , 125.00 , 11
861 , 72.50 , 71.25 , 125.00 , 11
862 , 71.75 , 73.75 , 125.00 , 11
863 , 70.50 , 90.00 , 125.00 , 11
864 , 70.00 , 122.50 , 125.00 , 11
865 , 69.25 , 142.50 , 125.00 , 11
866 , 69.75 , 171.25 , 125.00 , 11
867 , 69.75 , 172.50 , 125.00 , 11
868 , 69.75 , 183.75 , 125.00 , 11
869 , 71.00 , 195.00 , 125.00 , 11
870 , 71.25 , 195.00 , 125.00 , 11
Going to Denaturing Temperature
871 , 72.25 , 250.00 , 125.00 , 12
872 , 73.25 , 250.00 , 125.00 , 12
873 , 75.50 , 250.00 , 125.00 , 12
874 , 78.00 , 250.00 , 125.00 , 12
875 , 80.00 , 250.00 , 125.00 , 12
876 , 82.75 , 250.00 , 125.00 , 12
877 , 84.25 , 250.00 , 125.00 , 12
878 , 86.25 , 250.00 , 125.00 , 12
879 , 88.00 , 250.00 , 125.00 , 12
880 , 89.50 , 250.00 , 125.00 , 12
881 , 91.00 , 250.00 , 125.00 , 12
882 , 92.75 , 250.00 , 125.00 , 12
Denaturing DNA Now
883 , 94.25 , 231.25 , 125.00 , 12
884 , 95.50 , 190.00 , 125.00 , 12
885 , 96.25 , 147.50 , 125.00 , 12
886 , 97.00 , 111.25 , 125.00 , 12
887 , 96.25 , 71.25 , 125.00 , 12
Going to Annealing Temperature
888 , 95.50 , 71.25 , 125.00 , 12
889 , 94.50 , 71.25 , 125.00 , 12
890 , 92.50 , 71.25 , 125.00 , 12
891 , 90.25 , 71.25 , 125.00 , 12
892 , 86.75 , 71.25 , 125.00 , 12
893 , 84.50 , 71.25 , 125.00 , 12
894 , 81.75 , 71.25 , 125.00 , 12
895 , 78.75 , 71.25 , 125.00 , 12
896 , 75.75 , 71.25 , 125.00 , 12
897 , 73.75 , 71.25 , 125.00 , 12
898 , 71.25 , 71.25 , 125.00 , 12
899 , 68.50 , 71.25 , 125.00 , 12
900 , 66.25 , 71.25 , 125.00 , 12
901 , 64.00 , 71.25 , 125.00 , 12
902 , 62.25 , 71.25 , 125.00 , 12
903 , 60.25 , 71.25 , 125.00 , 12
904 , 58.75 , 71.25 , 125.00 , 12
905 , 57.00 , 71.25 , 125.00 , 12
906 , 55.25 , 71.25 , 125.00 , 12
907 , 53.75 , 71.25 , 125.00 , 12
Annealing DNA Now
908 , 52.25 , 71.25 , 110.00 , 12
909 , 51.25 , 71.25 , 125.00 , 12
910 , 50.75 , 71.25 , 125.00 , 12
911 , 51.00 , 71.25 , 125.00 , 12
912 , 50.25 , 71.25 , 125.00 , 12
913 , 51.25 , 71.25 , 125.00 , 12
914 , 51.25 , 71.25 , 125.00 , 12
915 , 51.50 , 71.25 , 125.00 , 12
916 , 53.25 , 71.25 , 125.00 , 12
917 , 54.00 , 71.25 , 118.75 , 12
Going to Extension Temperature
918 , 55.50 , 250.00 , 118.75 , 12
919 , 56.25 , 250.00 , 118.75 , 12
920 , 57.25 , 250.00 , 118.75 , 12
921 , 59.50 , 250.00 , 118.75 , 12
922 , 60.00 , 250.00 , 118.75 , 12
923 , 62.00 , 250.00 , 118.75 , 12
924 , 63.00 , 250.00 , 118.75 , 12
925 , 65.00 , 250.00 , 118.75 , 12
926 , 66.00 , 250.00 , 118.75 , 12
927 , 67.25 , 250.00 , 118.75 , 12
928 , 68.00 , 250.00 , 118.75 , 12
929 , 69.50 , 250.00 , 118.75 , 12
930 , 70.50 , 250.00 , 118.75 , 12
Extending DNA Now
931 , 71.50 , 250.00 , 118.75 , 12
932 , 71.75 , 250.00 , 118.75 , 12
933 , 73.00 , 250.00 , 118.75 , 12
934 , 73.75 , 225.00 , 118.75 , 12
935 , 74.50 , 201.25 , 118.75 , 12
936 , 75.75 , 173.75 , 118.75 , 12
937 , 76.00 , 130.00 , 118.75 , 12
938 , 75.75 , 105.00 , 118.75 , 12
939 , 75.50 , 91.25 , 118.75 , 12
940 , 74.50 , 78.75 , 118.75 , 12
941 , 74.25 , 86.25 , 118.75 , 12
942 , 73.25 , 80.00 , 118.75 , 12
943 , 72.50 , 93.75 , 118.75 , 12
944 , 71.50 , 106.25 , 118.75 , 12
945 , 71.25 , 128.75 , 118.75 , 12
946 , 70.25 , 137.50 , 118.75 , 12
947 , 70.50 , 166.25 , 118.75 , 12
948 , 69.75 , 168.75 , 118.75 , 12
949 , 69.50 , 195.00 , 118.75 , 12
950 , 70.50 , 212.50 , 118.75 , 12
951 , 71.25 , 212.50 , 118.75 , 12
Going to Denaturing Temperature
952 , 72.00 , 250.00 , 118.75 , 13
953 , 72.50 , 250.00 , 118.75 , 13
954 , 74.25 , 250.00 , 118.75 , 13
955 , 77.00 , 250.00 , 118.75 , 13
956 , 79.00 , 250.00 , 118.75 , 13
957 , 81.50 , 250.00 , 118.75 , 13
958 , 83.25 , 250.00 , 118.75 , 13
959 , 85.25 , 250.00 , 118.75 , 13
960 , 86.50 , 250.00 , 118.75 , 13
961 , 88.50 , 250.00 , 118.75 , 13
962 , 90.00 , 250.00 , 118.75 , 13
963 , 91.00 , 250.00 , 118.75 , 13
964 , 92.00 , 250.00 , 118.75 , 13
Denaturing DNA Now
965 , 93.50 , 250.00 , 118.75 , 13
966 , 94.50 , 212.50 , 118.75 , 13
967 , 95.50 , 180.00 , 118.75 , 13
968 , 95.75 , 142.50 , 118.75 , 13
969 , 95.00 , 118.75 , 118.75 , 13
Going to Annealing Temperature
970 , 95.25 , 118.75 , 118.75 , 13
971 , 93.25 , 118.75 , 118.75 , 13
972 , 91.75 , 118.75 , 118.75 , 13
973 , 89.00 , 118.75 , 118.75 , 13
974 , 86.50 , 118.75 , 118.75 , 13
975 , 83.25 , 118.75 , 118.75 , 13
976 , 80.75 , 118.75 , 118.75 , 13
977 , 77.50 , 118.75 , 118.75 , 13
978 , 75.50 , 118.75 , 118.75 , 13
979 , 72.75 , 118.75 , 118.75 , 13
980 , 70.00 , 118.75 , 118.75 , 13
981 , 68.00 , 118.75 , 118.75 , 13
982 , 65.25 , 118.75 , 118.75 , 13
983 , 63.75 , 118.75 , 118.75 , 13
984 , 61.25 , 118.75 , 118.75 , 13
985 , 59.75 , 118.75 , 118.75 , 13
986 , 57.75 , 118.75 , 118.75 , 13
987 , 56.50 , 118.75 , 118.75 , 13
988 , 54.75 , 118.75 , 118.75 , 13
Annealing DNA Now
989 , 53.50 , 118.75 , 90.00 , 13
990 , 52.25 , 118.75 , 112.50 , 13
991 , 51.25 , 118.75 , 125.00 , 13
992 , 51.25 , 118.75 , 125.00 , 13
993 , 51.25 , 118.75 , 125.00 , 13
994 , 51.25 , 118.75 , 125.00 , 13
995 , 51.50 , 118.75 , 125.00 , 13
996 , 52.25 , 118.75 , 125.00 , 13
997 , 52.75 , 118.75 , 125.00 , 13
998 , 54.25 , 118.75 , 125.00 , 13
Going to Extension Temperature
999 , 55.00 , 250.00 , 125.00 , 13
1000 , 56.25 , 250.00 , 125.00 , 13
1001 , 57.50 , 250.00 , 125.00 , 13
1002 , 59.00 , 250.00 , 125.00 , 13
1003 , 60.50 , 250.00 , 125.00 , 13
1004 , 61.75 , 250.00 , 125.00 , 13
1005 , 63.00 , 250.00 , 125.00 , 13
1006 , 64.25 , 250.00 , 125.00 , 13
1007 , 65.25 , 250.00 , 125.00 , 13
1008 , 66.50 , 250.00 , 125.00 , 13
1009 , 67.50 , 250.00 , 125.00 , 13
1010 , 68.25 , 250.00 , 125.00 , 13
1011 , 69.00 , 250.00 , 125.00 , 13
1012 , 70.25 , 250.00 , 125.00 , 13
1013 , 70.75 , 250.00 , 125.00 , 13
Extending DNA Now
1014 , 71.50 , 250.00 , 125.00 , 13
1015 , 72.00 , 250.00 , 125.00 , 13
1016 , 73.25 , 250.00 , 125.00 , 13
1017 , 73.75 , 218.75 , 125.00 , 13
1018 , 74.75 , 200.00 , 125.00 , 13
1019 , 74.75 , 166.25 , 125.00 , 13
1020 , 75.25 , 152.50 , 125.00 , 13
1021 , 75.25 , 126.25 , 125.00 , 13
1022 , 75.00 , 110.00 , 125.00 , 13
1023 , 74.50 , 100.00 , 125.00 , 13
1024 , 73.75 , 97.50 , 125.00 , 13
1025 , 73.25 , 103.75 , 125.00 , 13
1026 , 72.25 , 107.50 , 125.00 , 13
1027 , 72.25 , 126.25 , 125.00 , 13
1028 , 71.50 , 125.00 , 125.00 , 13
1029 , 71.25 , 142.50 , 125.00 , 13
1030 , 71.00 , 151.25 , 125.00 , 13
1031 , 69.75 , 161.25 , 125.00 , 13
1032 , 70.50 , 197.50 , 125.00 , 13
1033 , 70.50 , 190.00 , 125.00 , 13
1034 , 70.75 , 190.00 , 125.00 , 13
Going to Denaturing Temperature
1035 , 70.75 , 250.00 , 125.00 , 14
1036 , 72.00 , 250.00 , 125.00 , 14
1037 , 73.25 , 250.00 , 125.00 , 14
1038 , 74.75 , 250.00 , 125.00 , 14
1039 , 76.75 , 250.00 , 125.00 , 14
1040 , 79.00 , 250.00 , 125.00 , 14
1041 , 80.75 , 250.00 , 125.00 , 14
1042 , 82.00 , 250.00 , 125.00 , 14
1043 , 83.50 , 250.00 , 125.00 , 14
1044 , 84.50 , 250.00 , 125.00 , 14
1045 , 86.00 , 250.00 , 125.00 , 14
1046 , 87.00 , 250.00 , 125.00 , 14
1047 , 88.25 , 250.00 , 125.00 , 14
1048 , 89.75 , 250.00 , 125.00 , 14
1049 , 91.00 , 250.00 , 125.00 , 14
1050 , 91.25 , 250.00 , 125.00 , 14
1051 , 92.25 , 250.00 , 125.00 , 14
Denaturing DNA Now
1052 , 93.75 , 243.75 , 125.00 , 14
1053 , 94.50 , 205.00 , 125.00 , 14
1054 , 94.75 , 177.50 , 125.00 , 14
1055 , 95.00 , 158.75 , 125.00 , 14
1056 , 94.75 , 138.75 , 125.00 , 14
Going to Annealing Temperature
1057 , 94.25 , 138.75 , 125.00 , 14
1058 , 93.25 , 138.75 , 125.00 , 14
1059 , 90.75 , 138.75 , 125.00 , 14
1060 , 87.75 , 138.75 , 125.00 , 14
1061 , 86.00 , 138.75 , 125.00 , 14
1062 , 82.75 , 138.75 , 125.00 , 14
1063 , 80.50 , 138.75 , 125.00 , 14
1064 , 77.50 , 138.75 , 125.00 , 14
1065 , 74.50 , 138.75 , 125.00 , 14
1066 , 72.00 , 138.75 , 125.00 , 14
1067 , 69.75 , 138.75 , 125.00 , 14
1068 , 67.75 , 138.75 , 125.00 , 14
1069 , 65.50 , 138.75 , 125.00 , 14
1070 , 63.25 , 138.75 , 125.00 , 14
1071 , 61.50 , 138.75 , 125.00 , 14
1072 , 59.50 , 138.75 , 125.00 , 14
1073 , 57.50 , 138.75 , 125.00 , 14
1074 , 55.75 , 138.75 , 125.00 , 14
1075 , 54.00 , 138.75 , 125.00 , 14
Annealing DNA Now
1076 , 53.00 , 138.75 , 105.00 , 14
1077 , 51.50 , 138.75 , 125.00 , 14
1078 , 51.50 , 138.75 , 125.00 , 14
1079 , 50.75 , 138.75 , 125.00 , 14
1080 , 51.00 , 138.75 , 125.00 , 14
1081 , 51.25 , 138.75 , 125.00 , 14
1082 , 51.25 , 138.75 , 125.00 , 14
1083 , 51.50 , 138.75 , 125.00 , 14
1084 , 52.75 , 138.75 , 125.00 , 14
1085 , 53.75 , 138.75 , 125.00 , 14
Going to Extension Temperature
1086 , 54.50 , 250.00 , 125.00 , 14
1087 , 55.25 , 250.00 , 125.00 , 14
1088 , 56.50 , 250.00 , 125.00 , 14
1089 , 58.00 , 250.00 , 125.00 , 14
1090 , 58.75 , 250.00 , 125.00 , 14
1091 , 60.25 , 250.00 , 125.00 , 14
1092 , 61.50 , 250.00 , 125.00 , 14
1093 , 62.50 , 250.00 , 125.00 , 14
1094 , 62.50 , 250.00 , 125.00 , 14
1095 , 64.50 , 250.00 , 125.00 , 14
1096 , 65.25 , 250.00 , 125.00 , 14
1097 , 65.75 , 250.00 , 125.00 , 14
1098 , 66.75 , 250.00 , 125.00 , 14
1099 , 68.00 , 250.00 , 125.00 , 14
1100 , 69.00 , 250.00 , 125.00 , 14
1101 , 69.75 , 250.00 , 125.00 , 14
1102 , 70.50 , 250.00 , 125.00 , 14
Extending DNA Now
1103 , 71.25 , 250.00 , 125.00 , 14
1104 , 72.25 , 250.00 , 125.00 , 14
1105 , 73.00 , 243.75 , 125.00 , 14
1106 , 73.00 , 223.75 , 125.00 , 14
1107 , 74.00 , 218.75 , 125.00 , 14
1108 , 73.75 , 188.75 , 125.00 , 14
1109 , 74.75 , 185.00 , 125.00 , 14
1110 , 74.00 , 151.25 , 125.00 , 14
1111 , 74.50 , 156.25 , 125.00 , 14
1112 , 73.50 , 133.75 , 125.00 , 14
1113 , 73.75 , 146.25 , 125.00 , 14
1114 , 73.25 , 132.50 , 125.00 , 14
1115 , 73.00 , 136.25 , 125.00 , 14
1116 , 71.75 , 136.25 , 125.00 , 14
1117 , 72.25 , 162.50 , 125.00 , 14
1118 , 72.00 , 151.25 , 125.00 , 14
1119 , 71.50 , 156.25 , 125.00 , 14
1120 , 71.25 , 168.75 , 125.00 , 14
1121 , 71.00 , 177.50 , 125.00 , 14
1122 , 71.25 , 187.50 , 125.00 , 14
1123 , 71.25 , 187.50 , 125.00 , 14
Going to Denaturing Temperature
1124 , 71.25 , 250.00 , 125.00 , 15
1125 , 72.25 , 250.00 , 125.00 , 15
1126 , 73.50 , 250.00 , 125.00 , 15
1127 , 75.00 , 250.00 , 125.00 , 15
1128 , 76.75 , 250.00 , 125.00 , 15
1129 , 78.50 , 250.00 , 125.00 , 15
1130 , 79.75 , 250.00 , 125.00 , 15
1131 , 81.50 , 250.00 , 125.00 , 15
1132 , 82.75 , 250.00 , 125.00 , 15
1133 , 84.00 , 250.00 , 125.00 , 15
1134 , 84.75 , 250.00 , 125.00 , 15
1135 , 86.00 , 250.00 , 125.00 , 15
1136 , 87.00 , 250.00 , 125.00 , 15
1137 , 88.00 , 250.00 , 125.00 , 15
1138 , 89.25 , 250.00 , 125.00 , 15
1139 , 90.00 , 250.00 , 125.00 , 15
1140 , 90.50 , 250.00 , 125.00 , 15
1141 , 91.25 , 250.00 , 125.00 , 15
1142 , 92.25 , 250.00 , 125.00 , 15
Denaturing DNA Now
1143 , 93.25 , 243.75 , 125.00 , 15
1144 , 93.75 , 217.50 , 125.00 , 15
1145 , 94.50 , 198.75 , 125.00 , 15
1146 , 94.75 , 171.25 , 125.00 , 15
1147 , 94.25 , 152.50 , 125.00 , 15
Going to Annealing Temperature
1148 , 93.75 , 152.50 , 125.00 , 15
1149 , 92.50 , 152.50 , 125.00 , 15
1150 , 91.00 , 152.50 , 125.00 , 15
1151 , 89.00 , 152.50 , 125.00 , 15
1152 , 86.00 , 152.50 , 125.00 , 15
1153 , 82.75 , 152.50 , 125.00 , 15
1154 , 80.50 , 152.50 , 125.00 , 15
1155 , 77.25 , 152.50 , 125.00 , 15
1156 , 74.75 , 152.50 , 125.00 , 15
1157 , 72.00 , 152.50 , 125.00 , 15
1158 , 69.50 , 152.50 , 125.00 , 15
1159 , 67.50 , 152.50 , 125.00 , 15
1160 , 65.25 , 152.50 , 125.00 , 15
1161 , 63.25 , 152.50 , 125.00 , 15
1162 , 61.00 , 152.50 , 125.00 , 15
1163 , 59.25 , 152.50 , 125.00 , 15
1164 , 57.25 , 152.50 , 125.00 , 15
1165 , 55.75 , 152.50 , 125.00 , 15
1166 , 54.25 , 152.50 , 125.00 , 15
Annealing DNA Now
1167 , 52.75 , 152.50 , 100.00 , 15
1168 , 51.50 , 152.50 , 125.00 , 15
1169 , 51.50 , 152.50 , 125.00 , 15
1170 , 51.25 , 152.50 , 125.00 , 15
1171 , 51.25 , 152.50 , 125.00 , 15
1172 , 50.75 , 152.50 , 125.00 , 15
1173 , 51.50 , 152.50 , 125.00 , 15
1174 , 51.50 , 152.50 , 125.00 , 15
1175 , 52.25 , 152.50 , 125.00 , 15
1176 , 53.25 , 152.50 , 125.00 , 15
Going to Extension Temperature
1177 , 54.00 , 250.00 , 125.00 , 15
1178 , 55.25 , 250.00 , 125.00 , 15
1179 , 56.25 , 250.00 , 125.00 , 15
1180 , 57.25 , 250.00 , 125.00 , 15
1181 , 58.50 , 250.00 , 125.00 , 15
1182 , 59.25 , 250.00 , 125.00 , 15
1183 , 60.25 , 250.00 , 125.00 , 15
1184 , 61.00 , 250.00 , 125.00 , 15
1185 , 62.50 , 250.00 , 125.00 , 15
1186 , 63.25 , 250.00 , 125.00 , 15
1187 , 64.25 , 250.00 , 125.00 , 15
1188 , 65.00 , 250.00 , 125.00 , 15
1189 , 65.25 , 250.00 , 125.00 , 15
1190 , 66.00 , 250.00 , 125.00 , 15
1191 , 67.25 , 250.00 , 125.00 , 15
1192 , 68.00 , 250.00 , 125.00 , 15
1193 , 68.75 , 250.00 , 125.00 , 15
1194 , 69.25 , 250.00 , 125.00 , 15
1195 , 69.75 , 250.00 , 125.00 , 15
1196 , 70.25 , 250.00 , 125.00 , 15
1197 , 71.50 , 250.00 , 125.00 , 15
Extending DNA Now
1198 , 71.50 , 250.00 , 125.00 , 15
1199 , 72.25 , 250.00 , 125.00 , 15
1200 , 72.75 , 243.75 , 125.00 , 15
1201 , 73.25 , 230.00 , 125.00 , 15
1202 , 73.50 , 213.75 , 125.00 , 15
1203 , 73.75 , 201.25 , 125.00 , 15
1204 , 73.50 , 187.50 , 125.00 , 15
1205 , 74.00 , 185.00 , 125.00 , 15
1206 , 74.00 , 165.00 , 125.00 , 15
1207 , 73.75 , 155.00 , 125.00 , 15
1208 , 73.50 , 151.25 , 125.00 , 15
1209 , 72.75 , 148.75 , 125.00 , 15
1210 , 72.50 , 160.00 , 125.00 , 15
1211 , 72.50 , 162.50 , 125.00 , 15
1212 , 72.25 , 160.00 , 125.00 , 15
1213 , 72.25 , 163.75 , 125.00 , 15
1214 , 71.50 , 162.50 , 125.00 , 15
1215 , 71.50 , 180.00 , 125.00 , 15
1216 , 71.50 , 182.50 , 125.00 , 15
1217 , 71.50 , 185.00 , 125.00 , 15
1218 , 71.25 , 185.00 , 125.00 , 15
Going to Denaturing Temperature
1219 , 71.50 , 250.00 , 125.00 , 16
1220 , 72.00 , 250.00 , 125.00 , 16
1221 , 73.50 , 250.00 , 125.00 , 16
1222 , 74.25 , 250.00 , 125.00 , 16
1223 , 76.50 , 250.00 , 125.00 , 16
1224 , 78.00 , 250.00 , 125.00 , 16
1225 , 79.25 , 250.00 , 125.00 , 16
1226 , 80.75 , 250.00 , 125.00 , 16
1227 , 81.50 , 250.00 , 125.00 , 16
1228 , 83.25 , 250.00 , 125.00 , 16
1229 , 84.00 , 250.00 , 125.00 , 16
1230 , 85.00 , 250.00 , 125.00 , 16
1231 , 86.00 , 250.00 , 125.00 , 16
1232 , 87.25 , 250.00 , 125.00 , 16
1233 , 87.50 , 250.00 , 125.00 , 16
1234 , 89.25 , 250.00 , 125.00 , 16
1235 , 90.00 , 250.00 , 125.00 , 16
1236 , 90.75 , 250.00 , 125.00 , 16
1237 , 91.75 , 250.00 , 125.00 , 16
1238 , 92.75 , 250.00 , 125.00 , 16
Denaturing DNA Now
1239 , 93.50 , 231.25 , 125.00 , 16
1240 , 94.00 , 208.75 , 125.00 , 16
1241 , 94.00 , 188.75 , 125.00 , 16
1242 , 94.50 , 178.75 , 125.00 , 16
1243 , 94.00 , 156.25 , 125.00 , 16
Going to Annealing Temperature
1244 , 93.75 , 156.25 , 125.00 , 16
1245 , 92.25 , 156.25 , 125.00 , 16
1246 , 90.75 , 156.25 , 125.00 , 16
1247 , 88.00 , 156.25 , 125.00 , 16
1248 , 85.50 , 156.25 , 125.00 , 16
1249 , 82.50 , 156.25 , 125.00 , 16
1250 , 80.00 , 156.25 , 125.00 , 16
1251 , 77.25 , 156.25 , 125.00 , 16
1252 , 74.25 , 156.25 , 125.00 , 16
1253 , 72.25 , 156.25 , 125.00 , 16
1254 , 69.50 , 156.25 , 125.00 , 16
1255 , 67.00 , 156.25 , 125.00 , 16
1256 , 65.00 , 156.25 , 125.00 , 16
1257 , 62.75 , 156.25 , 125.00 , 16
1258 , 61.00 , 156.25 , 125.00 , 16
1259 , 59.00 , 156.25 , 125.00 , 16
1261 , 57.50 , 156.25 , 125.00 , 16
1262 , 56.00 , 156.25 , 125.00 , 16
1263 , 54.50 , 156.25 , 125.00 , 16
Annealing DNA Now
1264 , 52.25 , 156.25 , 95.00 , 16
1265 , 51.75 , 156.25 , 125.00 , 16
1266 , 51.25 , 156.25 , 125.00 , 16
1267 , 50.75 , 156.25 , 125.00 , 16
1268 , 51.00 , 156.25 , 125.00 , 16
1269 , 51.00 , 156.25 , 125.00 , 16
1270 , 50.75 , 156.25 , 125.00 , 16
1271 , 51.00 , 156.25 , 125.00 , 16
1272 , 51.75 , 156.25 , 125.00 , 16
1273 , 52.50 , 156.25 , 125.00 , 16
Going to Extension Temperature
1274 , 53.75 , 250.00 , 125.00 , 16
1275 , 54.50 , 250.00 , 125.00 , 16
1276 , 55.50 , 250.00 , 125.00 , 16
1277 , 56.75 , 250.00 , 125.00 , 16
1278 , 57.50 , 250.00 , 125.00 , 16
1279 , 58.75 , 250.00 , 125.00 , 16
1280 , 59.75 , 250.00 , 125.00 , 16
1281 , 60.50 , 250.00 , 125.00 , 16
1282 , 61.50 , 250.00 , 125.00 , 16
1283 , 61.50 , 250.00 , 125.00 , 16
1284 , 63.00 , 250.00 , 125.00 , 16
1285 , 63.75 , 250.00 , 125.00 , 16
1286 , 64.00 , 250.00 , 125.00 , 16
1287 , 65.50 , 250.00 , 125.00 , 16
1288 , 66.00 , 250.00 , 125.00 , 16
1289 , 66.25 , 250.00 , 125.00 , 16
1290 , 67.25 , 250.00 , 125.00 , 16
1291 , 68.00 , 250.00 , 125.00 , 16
1292 , 68.50 , 250.00 , 125.00 , 16
1293 , 69.00 , 250.00 , 125.00 , 16
1294 , 69.75 , 250.00 , 125.00 , 16
1295 , 70.25 , 250.00 , 125.00 , 16
1296 , 70.50 , 250.00 , 125.00 , 16
Extending DNA Now
1297 , 70.50 , 250.00 , 125.00 , 16
1298 , 71.75 , 250.00 , 125.00 , 16
1299 , 71.75 , 250.00 , 125.00 , 16
1300 , 72.25 , 250.00 , 125.00 , 16
1301 , 72.75 , 243.75 , 125.00 , 16
1302 , 73.00 , 230.00 , 125.00 , 16
1303 , 73.50 , 220.00 , 125.00 , 16
1304 , 73.50 , 202.50 , 125.00 , 16
1305 , 73.50 , 195.00 , 125.00 , 16
1306 , 73.50 , 187.50 , 125.00 , 16
1307 , 73.50 , 180.00 , 125.00 , 16
1308 , 73.75 , 172.50 , 125.00 , 16
1309 , 73.25 , 158.75 , 125.00 , 16
1310 , 73.25 , 162.50 , 125.00 , 16
1311 , 73.00 , 156.25 , 125.00 , 16
1312 , 73.25 , 156.25 , 125.00 , 16
1313 , 72.50 , 145.00 , 125.00 , 16
1314 , 72.25 , 157.50 , 125.00 , 16
1315 , 72.00 , 161.25 , 125.00 , 16
1316 , 71.50 , 166.25 , 125.00 , 16
1317 , 71.50 , 166.25 , 125.00 , 16
Going to Denaturing Temperature
1318 , 71.25 , 250.00 , 125.00 , 17
1319 , 71.25 , 250.00 , 125.00 , 17
1320 , 72.50 , 250.00 , 125.00 , 17
1321 , 74.00 , 250.00 , 125.00 , 17
1322 , 75.25 , 250.00 , 125.00 , 17
1323 , 76.50 , 250.00 , 125.00 , 17
1324 , 78.00 , 250.00 , 125.00 , 17
1325 , 79.00 , 250.00 , 125.00 , 17
1326 , 80.25 , 250.00 , 125.00 , 17
1327 , 81.25 , 250.00 , 125.00 , 17
1328 , 82.25 , 250.00 , 125.00 , 17
1329 , 83.25 , 250.00 , 125.00 , 17
1330 , 84.25 , 250.00 , 125.00 , 17
1331 , 84.75 , 250.00 , 125.00 , 17
1332 , 85.50 , 250.00 , 125.00 , 17
1333 , 86.50 , 250.00 , 125.00 , 17
1334 , 87.25 , 250.00 , 125.00 , 17
1335 , 88.25 , 250.00 , 125.00 , 17
1336 , 88.75 , 250.00 , 125.00 , 17
1337 , 89.50 , 250.00 , 125.00 , 17
1338 , 90.50 , 250.00 , 125.00 , 17
1339 , 91.50 , 250.00 , 125.00 , 17
1340 , 91.75 , 250.00 , 125.00 , 17
1341 , 92.00 , 250.00 , 125.00 , 17
Denaturing DNA Now
1342 , 92.50 , 250.00 , 125.00 , 17
1343 , 93.25 , 237.50 , 125.00 , 17
1344 , 94.50 , 216.25 , 125.00 , 17
1345 , 94.50 , 178.75 , 125.00 , 17
1346 , 94.50 , 166.25 , 125.00 , 17
Going to Annealing Temperature
1347 , 94.00 , 166.25 , 125.00 , 17
1348 , 92.25 , 166.25 , 125.00 , 17
1349 , 90.75 , 166.25 , 125.00 , 17
1350 , 88.25 , 166.25 , 125.00 , 17
1351 , 85.50 , 166.25 , 125.00 , 17
1352 , 82.25 , 166.25 , 125.00 , 17
1353 , 80.00 , 166.25 , 125.00 , 17
1354 , 77.25 , 166.25 , 125.00 , 17
1355 , 74.50 , 166.25 , 125.00 , 17
1356 , 71.25 , 166.25 , 125.00 , 17
1357 , 70.00 , 166.25 , 125.00 , 17
1358 , 67.25 , 166.25 , 125.00 , 17
1359 , 65.00 , 166.25 , 125.00 , 17
1360 , 63.25 , 166.25 , 125.00 , 17
1361 , 61.25 , 166.25 , 125.00 , 17
1362 , 59.25 , 166.25 , 125.00 , 17
1363 , 57.50 , 166.25 , 125.00 , 17
1364 , 56.00 , 166.25 , 125.00 , 17
1365 , 54.25 , 166.25 , 125.00 , 17
Annealing DNA Now
1366 , 53.25 , 166.25 , 100.00 , 17
1367 , 51.75 , 166.25 , 118.75 , 17
1368 , 51.25 , 166.25 , 125.00 , 17
1369 , 50.75 , 166.25 , 125.00 , 17
1370 , 51.00 , 166.25 , 125.00 , 17
1371 , 51.25 , 166.25 , 125.00 , 17
1372 , 51.00 , 166.25 , 125.00 , 17
1373 , 51.00 , 166.25 , 125.00 , 17
1374 , 51.50 , 166.25 , 125.00 , 17
1375 , 52.25 , 166.25 , 125.00 , 17
Going to Extension Temperature
1376 , 53.00 , 250.00 , 125.00 , 17
1377 , 54.00 , 250.00 , 125.00 , 17
1378 , 55.00 , 250.00 , 125.00 , 17
1379 , 56.25 , 250.00 , 125.00 , 17
1380 , 56.75 , 250.00 , 125.00 , 17
1381 , 58.00 , 250.00 , 125.00 , 17
1382 , 58.75 , 250.00 , 125.00 , 17
1383 , 59.75 , 250.00 , 125.00 , 17
1384 , 60.00 , 250.00 , 125.00 , 17
1385 , 61.25 , 250.00 , 125.00 , 17
1386 , 62.00 , 250.00 , 125.00 , 17
1387 , 62.50 , 250.00 , 125.00 , 17
1388 , 63.25 , 250.00 , 125.00 , 17
1389 , 64.00 , 250.00 , 125.00 , 17
1390 , 64.50 , 250.00 , 125.00 , 17
1391 , 65.75 , 250.00 , 125.00 , 17
1392 , 66.50 , 250.00 , 125.00 , 17
1393 , 67.00 , 250.00 , 125.00 , 17
1394 , 67.75 , 250.00 , 125.00 , 17
1395 , 68.00 , 250.00 , 125.00 , 17
1396 , 69.00 , 250.00 , 125.00 , 17
1397 , 69.50 , 250.00 , 125.00 , 17
1398 , 70.00 , 250.00 , 125.00 , 17
1399 , 70.50 , 250.00 , 125.00 , 17
Extending DNA Now
1400 , 71.25 , 250.00 , 125.00 , 17
1401 , 71.50 , 250.00 , 125.00 , 17
1402 , 72.50 , 250.00 , 125.00 , 17
1403 , 73.00 , 237.50 , 125.00 , 17
1404 , 73.50 , 222.50 , 125.00 , 17
1405 , 74.00 , 205.00 , 125.00 , 17
1406 , 74.00 , 185.00 , 125.00 , 17
1407 , 74.25 , 175.00 , 125.00 , 17
1408 , 74.00 , 158.75 , 125.00 , 17
1409 , 73.75 , 153.75 , 125.00 , 17
1410 , 73.75 , 150.00 , 125.00 , 17
1411 , 73.75 , 141.25 , 125.00 , 17
1412 , 73.50 , 132.50 , 125.00 , 17
1413 , 72.25 , 130.00 , 125.00 , 17
1414 , 72.50 , 153.75 , 125.00 , 17
1415 , 72.50 , 146.25 , 125.00 , 17
1416 , 72.00 , 143.75 , 125.00 , 17
1417 , 72.00 , 153.75 , 125.00 , 17
1418 , 71.75 , 153.75 , 125.00 , 17
1419 , 71.00 , 160.00 , 125.00 , 17
1420 , 71.25 , 160.00 , 125.00 , 17
Going to Denaturing Temperature
1421 , 71.25 , 250.00 , 125.00 , 18
1422 , 71.75 , 250.00 , 125.00 , 18
1423 , 72.25 , 250.00 , 125.00 , 18
1424 , 74.75 , 250.00 , 125.00 , 18
1425 , 75.75 , 250.00 , 125.00 , 18
1426 , 77.00 , 250.00 , 125.00 , 18
1427 , 78.25 , 250.00 , 125.00 , 18
1428 , 79.75 , 250.00 , 125.00 , 18
1429 , 80.25 , 250.00 , 125.00 , 18
1430 , 81.50 , 250.00 , 125.00 , 18
1431 , 82.75 , 250.00 , 125.00 , 18
1432 , 83.75 , 250.00 , 125.00 , 18
1433 , 84.25 , 250.00 , 125.00 , 18
1434 , 85.25 , 250.00 , 125.00 , 18
1435 , 86.50 , 250.00 , 125.00 , 18
1436 , 87.50 , 250.00 , 125.00 , 18
1437 , 88.50 , 250.00 , 125.00 , 18
1438 , 89.25 , 250.00 , 125.00 , 18
1439 , 89.50 , 250.00 , 125.00 , 18
1440 , 90.75 , 250.00 , 125.00 , 18
1441 , 91.50 , 250.00 , 125.00 , 18
1442 , 92.50 , 250.00 , 125.00 , 18
Denaturing DNA Now
1443 , 93.25 , 237.50 , 125.00 , 18
1444 , 93.25 , 216.25 , 125.00 , 18
1445 , 94.25 , 210.00 , 125.00 , 18
1446 , 94.75 , 178.75 , 125.00 , 18
1447 , 95.00 , 155.00 , 125.00 , 18
Going to Annealing Temperature
1448 , 95.00 , 155.00 , 125.00 , 18
1449 , 93.75 , 155.00 , 125.00 , 18
1450 , 92.00 , 155.00 , 125.00 , 18
1451 , 89.50 , 155.00 , 125.00 , 18
1452 , 86.75 , 155.00 , 125.00 , 18
1453 , 84.00 , 155.00 , 125.00 , 18
1454 , 81.25 , 155.00 , 125.00 , 18
1455 , 78.25 , 155.00 , 125.00 , 18
1456 , 76.00 , 155.00 , 125.00 , 18
1457 , 73.00 , 155.00 , 125.00 , 18
1458 , 70.50 , 155.00 , 125.00 , 18
1459 , 68.00 , 155.00 , 125.00 , 18
1460 , 66.25 , 155.00 , 125.00 , 18
1461 , 64.25 , 155.00 , 125.00 , 18
1462 , 62.00 , 155.00 , 125.00 , 18
1463 , 60.50 , 155.00 , 125.00 , 18
1464 , 58.50 , 155.00 , 125.00 , 18
1465 , 57.00 , 155.00 , 125.00 , 18
1466 , 55.50 , 155.00 , 125.00 , 18
1467 , 53.50 , 155.00 , 125.00 , 18
Annealing DNA Now
1468 , 52.25 , 155.00 , 115.00 , 18
1469 , 51.25 , 155.00 , 125.00 , 18
1470 , 50.25 , 155.00 , 125.00 , 18
1471 , 50.50 , 155.00 , 125.00 , 18
1472 , 50.50 , 155.00 , 125.00 , 18
1473 , 50.75 , 155.00 , 125.00 , 18
1474 , 51.75 , 155.00 , 125.00 , 18
1475 , 53.50 , 155.00 , 125.00 , 18
1476 , 55.50 , 155.00 , 112.50 , 18
1477 , 57.00 , 155.00 , 60.00 , 18
Going to Extension Temperature
1478 , 57.75 , 250.00 , 60.00 , 18
1479 , 59.25 , 250.00 , 60.00 , 18
1480 , 60.75 , 250.00 , 60.00 , 18
1481 , 63.25 , 250.00 , 60.00 , 18
1482 , 64.75 , 250.00 , 60.00 , 18
1483 , 66.50 , 250.00 , 60.00 , 18
1484 , 68.00 , 250.00 , 60.00 , 18
1485 , 69.75 , 250.00 , 60.00 , 18
1486 , 71.25 , 250.00 , 60.00 , 18
Extending DNA Now
1487 , 72.50 , 250.00 , 60.00 , 18
1488 , 74.25 , 237.50 , 60.00 , 18
1489 , 75.00 , 191.25 , 60.00 , 18
1490 , 75.75 , 161.25 , 60.00 , 18
1491 , 75.25 , 127.50 , 60.00 , 18
1492 , 75.25 , 121.25 , 60.00 , 18
1493 , 74.75 , 105.00 , 60.00 , 18
1494 , 74.75 , 101.25 , 60.00 , 18
1495 , 74.00 , 87.50 , 60.00 , 18
1496 , 73.25 , 92.50 , 60.00 , 18
1497 , 73.25 , 101.25 , 60.00 , 18
1498 , 72.50 , 95.00 , 60.00 , 18
1499 , 71.50 , 107.50 , 60.00 , 18
1500 , 71.75 , 130.00 , 60.00 , 18
1501 , 71.75 , 126.25 , 60.00 , 18
1502 , 72.25 , 127.50 , 60.00 , 18
1503 , 72.25 , 116.25 , 60.00 , 18
1504 , 72.00 , 115.00 , 60.00 , 18
1505 , 72.00 , 120.00 , 60.00 , 18
1506 , 72.00 , 120.00 , 60.00 , 18
1507 , 71.75 , 120.00 , 60.00 , 18
Going to Denaturing Temperature
1508 , 72.00 , 250.00 , 60.00 , 19
1509 , 73.25 , 250.00 , 60.00 , 19
1510 , 76.50 , 250.00 , 60.00 , 19
1511 , 79.75 , 250.00 , 60.00 , 19
1512 , 82.75 , 250.00 , 60.00 , 19
1513 , 85.25 , 250.00 , 60.00 , 19
1514 , 87.75 , 250.00 , 60.00 , 19
1515 , 90.25 , 250.00 , 60.00 , 19
1516 , 91.50 , 250.00 , 60.00 , 19
1517 , 93.75 , 250.00 , 60.00 , 19
Denaturing DNA Now
1518 , 95.50 , 206.25 , 60.00 , 19
1519 , 96.75 , 153.75 , 60.00 , 19
1520 , 96.25 , 105.00 , 60.00 , 19
1521 , 96.00 , 93.75 , 60.00 , 19
1522 , 95.00 , 78.75 , 60.00 , 19
Going to Annealing Temperature
1523 , 94.00 , 78.75 , 60.00 , 19
1524 , 92.25 , 78.75 , 60.00 , 19
1525 , 89.25 , 78.75 , 60.00 , 19
1526 , 87.00 , 78.75 , 60.00 , 19
1527 , 84.75 , 78.75 , 60.00 , 19
1528 , 82.25 , 78.75 , 60.00 , 19
1529 , 79.25 , 78.75 , 60.00 , 19
1530 , 76.25 , 78.75 , 60.00 , 19
1531 , 74.00 , 78.75 , 60.00 , 19
1532 , 71.50 , 78.75 , 60.00 , 19
1533 , 69.25 , 78.75 , 60.00 , 19
1534 , 66.25 , 78.75 , 60.00 , 19
1535 , 65.00 , 78.75 , 60.00 , 19
1536 , 61.75 , 78.75 , 60.00 , 19
1537 , 60.50 , 78.75 , 60.00 , 19
1538 , 59.00 , 78.75 , 60.00 , 19
1539 , 57.00 , 78.75 , 60.00 , 19
1540 , 54.75 , 78.75 , 60.00 , 19
Annealing DNA Now
1541 , 54.25 , 78.75 , 90.00 , 19
1542 , 52.75 , 78.75 , 93.75 , 19
1543 , 52.50 , 78.75 , 125.00 , 19
1544 , 53.00 , 78.75 , 125.00 , 19
1545 , 54.50 , 78.75 , 122.50 , 19
1546 , 55.50 , 78.75 , 85.00 , 19
1547 , 56.25 , 78.75 , 52.50 , 19
1548 , 56.00 , 78.75 , 21.25 , 19
1549 , 55.25 , 78.75 , 11.25 , 19
1550 , 55.00 , 78.75 , 15.00 , 19
Going to Extension Temperature
1551 , 54.25 , 250.00 , 15.00 , 19
1552 , 55.25 , 250.00 , 15.00 , 19
1553 , 57.00 , 250.00 , 15.00 , 19
1554 , 58.75 , 250.00 , 15.00 , 19
1555 , 60.50 , 250.00 , 15.00 , 19
1556 , 62.00 , 250.00 , 15.00 , 19
1557 , 63.50 , 250.00 , 15.00 , 19
1558 , 65.75 , 250.00 , 15.00 , 19
1559 , 67.25 , 250.00 , 15.00 , 19
1560 , 68.75 , 250.00 , 15.00 , 19
1561 , 70.00 , 250.00 , 15.00 , 19
1562 , 71.25 , 250.00 , 15.00 , 19
Extending DNA Now
1563 , 72.25 , 250.00 , 15.00 , 19
1564 , 73.25 , 243.75 , 15.00 , 19
1565 , 75.00 , 217.50 , 15.00 , 19
1566 , 75.25 , 167.50 , 15.00 , 19
1567 , 76.00 , 146.25 , 15.00 , 19
1568 , 76.00 , 111.25 , 15.00 , 19
1569 , 75.75 , 91.25 , 15.00 , 19
1570 , 75.25 , 77.50 , 15.00 , 19
1571 , 74.75 , 71.25 , 15.00 , 19
1572 , 73.50 , 67.50 , 15.00 , 19
1573 , 73.25 , 85.00 , 15.00 , 19
1574 , 72.50 , 83.75 , 15.00 , 19
1575 , 71.75 , 96.25 , 15.00 , 19
1576 , 71.50 , 112.50 , 15.00 , 19
1577 , 71.50 , 120.00 , 15.00 , 19
1578 , 71.75 , 122.50 , 15.00 , 19
1579 , 71.25 , 118.75 , 15.00 , 19
1580 , 71.25 , 132.50 , 15.00 , 19
1581 , 71.25 , 136.25 , 15.00 , 19
1582 , 71.75 , 140.00 , 15.00 , 19
1583 , 71.75 , 140.00 , 15.00 , 19
Going to Denaturing Temperature
1584 , 72.25 , 250.00 , 15.00 , 20
1585 , 73.75 , 250.00 , 15.00 , 20
1586 , 77.00 , 250.00 , 15.00 , 20
1587 , 79.75 , 250.00 , 15.00 , 20
1588 , 82.50 , 250.00 , 15.00 , 20
1589 , 85.00 , 250.00 , 15.00 , 20
1590 , 87.00 , 250.00 , 15.00 , 20
1591 , 89.00 , 250.00 , 15.00 , 20
1592 , 90.75 , 250.00 , 15.00 , 20
1593 , 92.50 , 250.00 , 15.00 , 20
Denaturing DNA Now
1594 , 93.75 , 237.50 , 15.00 , 20
1595 , 95.50 , 203.75 , 15.00 , 20
1596 , 97.00 , 151.25 , 15.00 , 20
1597 , 96.25 , 96.25 , 15.00 , 20
1598 , 96.25 , 90.00 , 15.00 , 20
Going to Annealing Temperature
1599 , 94.75 , 90.00 , 15.00 , 20
1600 , 93.00 , 90.00 , 15.00 , 20
1601 , 90.50 , 90.00 , 15.00 , 20
1602 , 87.75 , 90.00 , 15.00 , 20
1603 , 85.25 , 90.00 , 15.00 , 20
1604 , 82.00 , 90.00 , 15.00 , 20
1605 , 80.00 , 90.00 , 15.00 , 20
1606 , 77.25 , 90.00 , 15.00 , 20
1607 , 74.25 , 90.00 , 15.00 , 20
1608 , 72.00 , 90.00 , 15.00 , 20
1609 , 69.25 , 90.00 , 15.00 , 20
1610 , 67.00 , 90.00 , 15.00 , 20
1611 , 64.25 , 90.00 , 15.00 , 20
1612 , 62.50 , 90.00 , 15.00 , 20
1613 , 60.75 , 90.00 , 15.00 , 20
1614 , 59.00 , 90.00 , 15.00 , 20
1615 , 57.25 , 90.00 , 15.00 , 20
1616 , 55.50 , 90.00 , 15.00 , 20
1617 , 54.00 , 90.00 , 15.00 , 20
Annealing DNA Now
1618 , 52.75 , 90.00 , 105.00 , 20
1619 , 51.25 , 90.00 , 125.00 , 20
1620 , 52.00 , 90.00 , 125.00 , 20
1621 , 53.00 , 90.00 , 125.00 , 20
1622 , 53.75 , 90.00 , 125.00 , 20
1623 , 54.75 , 90.00 , 106.25 , 20
1624 , 55.25 , 90.00 , 77.50 , 20
1625 , 55.75 , 90.00 , 56.25 , 20
1626 , 55.75 , 90.00 , 32.50 , 20
1627 , 55.25 , 90.00 , 18.75 , 20
Going to Extension Temperature
1628 , 54.50 , 250.00 , 18.75 , 20
1629 , 55.75 , 250.00 , 18.75 , 20
1630 , 56.75 , 250.00 , 18.75 , 20
1631 , 59.00 , 250.00 , 18.75 , 20
1632 , 61.00 , 250.00 , 18.75 , 20
1633 , 62.00 , 250.00 , 18.75 , 20
1634 , 64.25 , 250.00 , 18.75 , 20
1635 , 65.75 , 250.00 , 18.75 , 20
1636 , 67.50 , 250.00 , 18.75 , 20
1637 , 68.50 , 250.00 , 18.75 , 20
1638 , 69.50 , 250.00 , 18.75 , 20
1639 , 71.50 , 250.00 , 18.75 , 20
Extending DNA Now
1640 , 72.75 , 250.00 , 18.75 , 20
1641 , 73.50 , 231.25 , 18.75 , 20
1642 , 75.00 , 208.75 , 18.75 , 20
1643 , 75.00 , 163.75 , 18.75 , 20
1644 , 75.50 , 148.75 , 18.75 , 20
1645 , 75.75 , 121.25 , 18.75 , 20
1646 , 75.00 , 97.50 , 18.75 , 20
1647 , 74.75 , 97.50 , 18.75 , 20
1648 , 74.25 , 88.75 , 18.75 , 20
1649 , 73.50 , 87.50 , 18.75 , 20
1650 , 72.75 , 95.00 , 18.75 , 20
1651 , 72.50 , 106.25 , 18.75 , 20
1652 , 72.25 , 108.75 , 18.75 , 20
1653 , 71.50 , 112.50 , 18.75 , 20
1654 , 72.00 , 130.00 , 18.75 , 20
1655 , 71.25 , 120.00 , 18.75 , 20
1656 , 71.00 , 138.75 , 18.75 , 20
1657 , 71.25 , 148.75 , 18.75 , 20
1658 , 71.50 , 147.50 , 18.75 , 20
1659 , 71.25 , 145.00 , 18.75 , 20
1660 , 72.00 , 145.00 , 18.75 , 20
Going to Denaturing Temperature
1661 , 72.00 , 250.00 , 18.75 , 21
1662 , 73.50 , 250.00 , 18.75 , 21
1663 , 76.50 , 250.00 , 18.75 , 21
1664 , 79.25 , 250.00 , 18.75 , 21
1665 , 81.00 , 250.00 , 18.75 , 21
1666 , 83.25 , 250.00 , 18.75 , 21
1667 , 85.75 , 250.00 , 18.75 , 21
1668 , 88.00 , 250.00 , 18.75 , 21
1669 , 89.50 , 250.00 , 18.75 , 21
1670 , 91.00 , 250.00 , 18.75 , 21
1671 , 93.00 , 250.00 , 18.75 , 21
Denaturing DNA Now
1672 , 94.75 , 225.00 , 18.75 , 21
1673 , 95.25 , 176.25 , 18.75 , 21
1674 , 96.25 , 150.00 , 18.75 , 21
1675 , 96.50 , 108.75 , 18.75 , 21
1676 , 95.50 , 81.25 , 18.75 , 21
Going to Annealing Temperature
1677 , 94.75 , 81.25 , 18.75 , 21
1678 , 93.00 , 81.25 , 18.75 , 21
1679 , 90.25 , 81.25 , 18.75 , 21
1680 , 88.00 , 81.25 , 18.75 , 21
1681 , 85.50 , 81.25 , 18.75 , 21
1682 , 82.75 , 81.25 , 18.75 , 21
1683 , 79.75 , 81.25 , 18.75 , 21
1684 , 77.25 , 81.25 , 18.75 , 21
1685 , 74.25 , 81.25 , 18.75 , 21
1686 , 72.00 , 81.25 , 18.75 , 21
1687 , 69.50 , 81.25 , 18.75 , 21
1689 , 67.25 , 81.25 , 18.75 , 21
1690 , 64.75 , 81.25 , 18.75 , 21
1691 , 62.25 , 81.25 , 18.75 , 21
1692 , 61.00 , 81.25 , 18.75 , 21
1693 , 58.75 , 81.25 , 18.75 , 21
1694 , 57.25 , 81.25 , 18.75 , 21
1695 , 56.00 , 81.25 , 18.75 , 21
1696 , 54.25 , 81.25 , 18.75 , 21
Annealing DNA Now
1697 , 53.00 , 81.25 , 100.00 , 21
1698 , 51.50 , 81.25 , 125.00 , 21
1699 , 52.25 , 81.25 , 125.00 , 21
1700 , 53.00 , 81.25 , 125.00 , 21
1701 , 53.25 , 81.25 , 125.00 , 21
1702 , 54.00 , 81.25 , 118.75 , 21
1703 , 55.00 , 81.25 , 98.75 , 21
1704 , 56.00 , 81.25 , 68.75 , 21
1705 , 56.00 , 81.25 , 33.75 , 21
1706 , 55.75 , 81.25 , 18.75 , 21
Going to Extension Temperature
1707 , 55.25 , 250.00 , 18.75 , 21
1708 , 56.00 , 250.00 , 18.75 , 21
1709 , 57.75 , 250.00 , 18.75 , 21
1710 , 59.75 , 250.00 , 18.75 , 21
1711 , 61.25 , 250.00 , 18.75 , 21
1712 , 63.00 , 250.00 , 18.75 , 21
1713 , 64.75 , 250.00 , 18.75 , 21
1714 , 66.00 , 250.00 , 18.75 , 21
1715 , 67.75 , 250.00 , 18.75 , 21
1716 , 68.75 , 250.00 , 18.75 , 21
1717 , 70.00 , 250.00 , 18.75 , 21
1718 , 71.25 , 250.00 , 18.75 , 21
Extending DNA Now
1719 , 72.00 , 250.00 , 18.75 , 21
1720 , 73.75 , 250.00 , 18.75 , 21
1721 , 75.00 , 206.25 , 18.75 , 21
1722 , 75.25 , 166.25 , 18.75 , 21
1723 , 75.75 , 145.00 , 18.75 , 21
1724 , 75.25 , 116.25 , 18.75 , 21
1725 , 75.25 , 110.00 , 18.75 , 21
1726 , 75.25 , 93.75 , 18.75 , 21
1727 , 74.00 , 77.50 , 18.75 , 21
1728 , 73.25 , 92.50 , 18.75 , 21
1729 , 73.00 , 101.25 , 18.75 , 21
1730 , 72.50 , 101.25 , 18.75 , 21
1731 , 72.00 , 108.75 , 18.75 , 21
1732 , 71.50 , 118.75 , 18.75 , 21
1733 , 71.25 , 131.25 , 18.75 , 21
1734 , 71.00 , 140.00 , 18.75 , 21
1735 , 71.00 , 150.00 , 18.75 , 21
1736 , 71.50 , 155.00 , 18.75 , 21
1737 , 71.75 , 147.50 , 18.75 , 21
1738 , 71.00 , 143.75 , 18.75 , 21
1739 , 71.75 , 143.75 , 18.75 , 21
Going to Denaturing Temperature
1740 , 72.00 , 250.00 , 18.75 , 22
1741 , 73.50 , 250.00 , 18.75 , 22
1742 , 76.25 , 250.00 , 18.75 , 22
1743 , 78.00 , 250.00 , 18.75 , 22
1744 , 81.00 , 250.00 , 18.75 , 22
1745 , 83.00 , 250.00 , 18.75 , 22
1746 , 85.00 , 250.00 , 18.75 , 22
1747 , 87.25 , 250.00 , 18.75 , 22
1748 , 88.75 , 250.00 , 18.75 , 22
1749 , 89.75 , 250.00 , 18.75 , 22
1750 , 91.75 , 250.00 , 18.75 , 22
1751 , 93.25 , 250.00 , 18.75 , 22
Denaturing DNA Now
1752 , 95.00 , 218.75 , 18.75 , 22
1753 , 95.75 , 168.75 , 18.75 , 22
1754 , 96.25 , 135.00 , 18.75 , 22
1755 , 96.50 , 103.75 , 18.75 , 22
1756 , 94.75 , 76.25 , 18.75 , 22
Going to Annealing Temperature
1757 , 94.25 , 76.25 , 18.75 , 22
1758 , 92.00 , 76.25 , 18.75 , 22
1759 , 89.50 , 76.25 , 18.75 , 22
1760 , 87.25 , 76.25 , 18.75 , 22
1761 , 84.50 , 76.25 , 18.75 , 22
1762 , 81.75 , 76.25 , 18.75 , 22
1763 , 78.75 , 76.25 , 18.75 , 22
1764 , 76.25 , 76.25 , 18.75 , 22
1765 , 73.75 , 76.25 , 18.75 , 22
1766 , 70.75 , 76.25 , 18.75 , 22
1767 , 68.75 , 76.25 , 18.75 , 22
1768 , 66.25 , 76.25 , 18.75 , 22
1769 , 64.50 , 76.25 , 18.75 , 22
1770 , 62.50 , 76.25 , 18.75 , 22
1771 , 60.50 , 76.25 , 18.75 , 22
1772 , 58.50 , 76.25 , 18.75 , 22
1773 , 57.00 , 76.25 , 18.75 , 22
1774 , 54.75 , 76.25 , 18.75 , 22
Annealing DNA Now
1775 , 53.25 , 76.25 , 90.00 , 22
1776 , 52.50 , 76.25 , 118.75 , 22
1777 , 52.75 , 76.25 , 125.00 , 22
1778 , 53.50 , 76.25 , 125.00 , 22
1779 , 54.50 , 76.25 , 112.50 , 22
1780 , 54.75 , 76.25 , 85.00 , 22
1781 , 55.00 , 76.25 , 71.25 , 22
1782 , 55.00 , 76.25 , 56.25 , 22
1783 , 55.75 , 76.25 , 46.25 , 22
1784 , 55.25 , 76.25 , 17.50 , 22
Going to Extension Temperature
1785 , 54.25 , 250.00 , 17.50 , 22
1786 , 55.50 , 250.00 , 17.50 , 22
1787 , 57.00 , 250.00 , 17.50 , 22
1788 , 58.75 , 250.00 , 17.50 , 22
1789 , 61.00 , 250.00 , 17.50 , 22
1790 , 62.75 , 250.00 , 17.50 , 22
1791 , 64.25 , 250.00 , 17.50 , 22
1792 , 65.75 , 250.00 , 17.50 , 22
1793 , 67.00 , 250.00 , 17.50 , 22
1794 , 67.75 , 250.00 , 17.50 , 22
1795 , 69.50 , 250.00 , 17.50 , 22
1796 , 70.75 , 250.00 , 17.50 , 22
Extending DNA Now
1797 , 72.25 , 250.00 , 17.50 , 22
1798 , 73.00 , 243.75 , 17.50 , 22
1799 , 74.75 , 223.75 , 17.50 , 22
1800 , 75.00 , 175.00 , 17.50 , 22
1801 , 75.25 , 155.00 , 17.50 , 22
1802 , 75.50 , 133.75 , 17.50 , 22
1803 , 75.25 , 111.25 , 17.50 , 22
1804 , 75.75 , 100.00 , 17.50 , 22
1805 , 74.75 , 71.25 , 17.50 , 22
1806 , 73.50 , 77.50 , 17.50 , 22
1807 , 73.25 , 95.00 , 17.50 , 22
1808 , 72.50 , 93.75 , 17.50 , 22
1809 , 72.25 , 106.25 , 17.50 , 22
1810 , 71.25 , 110.00 , 17.50 , 22
1811 , 71.25 , 133.75 , 17.50 , 22
1812 , 71.25 , 137.50 , 17.50 , 22
1813 , 71.50 , 141.25 , 17.50 , 22
1814 , 71.75 , 138.75 , 17.50 , 22
1815 , 72.00 , 135.00 , 17.50 , 22
1816 , 72.00 , 130.00 , 17.50 , 22
1817 , 72.00 , 130.00 , 17.50 , 22
Going to Denaturing Temperature
1818 , 72.00 , 250.00 , 17.50 , 23
1819 , 74.75 , 250.00 , 17.50 , 23
1820 , 77.25 , 250.00 , 17.50 , 23
1821 , 80.00 , 250.00 , 17.50 , 23
1822 , 82.00 , 250.00 , 17.50 , 23
1823 , 84.00 , 250.00 , 17.50 , 23
1824 , 86.00 , 250.00 , 17.50 , 23
1825 , 87.75 , 250.00 , 17.50 , 23
1826 , 89.25 , 250.00 , 17.50 , 23
1827 , 91.75 , 250.00 , 17.50 , 23
1828 , 92.50 , 250.00 , 17.50 , 23
Denaturing DNA Now
1829 , 94.25 , 237.50 , 17.50 , 23
1830 , 95.75 , 191.25 , 17.50 , 23
1831 , 97.00 , 142.50 , 17.50 , 23
1832 , 97.00 , 92.50 , 17.50 , 23
1833 , 96.25 , 67.50 , 17.50 , 23
Going to Annealing Temperature
1834 , 95.25 , 67.50 , 17.50 , 23
1835 , 92.75 , 67.50 , 17.50 , 23
1836 , 91.00 , 67.50 , 17.50 , 23
1837 , 88.75 , 67.50 , 17.50 , 23
1838 , 85.50 , 67.50 , 17.50 , 23
1839 , 83.00 , 67.50 , 17.50 , 23
1840 , 79.75 , 67.50 , 17.50 , 23
1841 , 77.25 , 67.50 , 17.50 , 23
1842 , 74.75 , 67.50 , 17.50 , 23
1843 , 72.25 , 67.50 , 17.50 , 23
1844 , 69.75 , 67.50 , 17.50 , 23
1845 , 66.75 , 67.50 , 17.50 , 23
1846 , 65.00 , 67.50 , 17.50 , 23
1847 , 63.50 , 67.50 , 17.50 , 23
1848 , 60.75 , 67.50 , 17.50 , 23
1849 , 59.25 , 67.50 , 17.50 , 23
1850 , 57.75 , 67.50 , 17.50 , 23
1851 , 55.50 , 67.50 , 17.50 , 23
1852 , 54.75 , 67.50 , 17.50 , 23
Annealing DNA Now
1853 , 53.00 , 67.50 , 90.00 , 23
1854 , 51.25 , 67.50 , 125.00 , 23
1855 , 51.75 , 67.50 , 125.00 , 23
1856 , 52.50 , 67.50 , 125.00 , 23
1857 , 53.75 , 67.50 , 125.00 , 23
1858 , 54.75 , 67.50 , 106.25 , 23
1859 , 55.75 , 67.50 , 77.50 , 23
1860 , 56.00 , 67.50 , 43.75 , 23
1861 , 56.25 , 67.50 , 23.75 , 23
1862 , 55.75 , 67.50 , 2.50 , 23
Going to Extension Temperature
1863 , 54.75 , 250.00 , 2.50 , 23
1864 , 56.25 , 250.00 , 2.50 , 23
1865 , 57.75 , 250.00 , 2.50 , 23
1866 , 60.00 , 250.00 , 2.50 , 23
1867 , 61.00 , 250.00 , 2.50 , 23
1868 , 63.50 , 250.00 , 2.50 , 23
1869 , 65.00 , 250.00 , 2.50 , 23
1870 , 66.25 , 250.00 , 2.50 , 23
1871 , 67.50 , 250.00 , 2.50 , 23
1872 , 69.00 , 250.00 , 2.50 , 23
1873 , 70.00 , 250.00 , 2.50 , 23
1874 , 71.00 , 250.00 , 2.50 , 23
Extending DNA Now
1875 , 72.00 , 250.00 , 2.50 , 23
1876 , 72.75 , 250.00 , 2.50 , 23
1877 , 74.00 , 231.25 , 2.50 , 23
1878 , 74.50 , 196.25 , 2.50 , 23
1879 , 75.00 , 173.75 , 2.50 , 23
1880 , 75.25 , 148.75 , 2.50 , 23
1881 , 75.00 , 127.50 , 2.50 , 23
1882 , 75.00 , 117.50 , 2.50 , 23
1883 , 74.75 , 102.50 , 2.50 , 23
1884 , 73.50 , 93.75 , 2.50 , 23
1885 , 73.50 , 111.25 , 2.50 , 23
1886 , 73.00 , 103.75 , 2.50 , 23
1887 , 72.00 , 108.75 , 2.50 , 23
1888 , 71.75 , 128.75 , 2.50 , 23
1889 , 71.75 , 135.00 , 2.50 , 23
1890 , 71.50 , 136.25 , 2.50 , 23
1891 , 71.50 , 143.75 , 2.50 , 23
1892 , 71.50 , 146.25 , 2.50 , 23
1893 , 71.75 , 148.75 , 2.50 , 23
1894 , 71.75 , 145.00 , 2.50 , 23
1895 , 71.75 , 145.00 , 2.50 , 23
Going to Denaturing Temperature
1896 , 71.75 , 250.00 , 2.50 , 24
1897 , 73.25 , 250.00 , 2.50 , 24
1898 , 75.75 , 250.00 , 2.50 , 24
1899 , 78.00 , 250.00 , 2.50 , 24
1900 , 80.25 , 250.00 , 2.50 , 24
1901 , 82.50 , 250.00 , 2.50 , 24
1902 , 83.75 , 250.00 , 2.50 , 24
1903 , 85.75 , 250.00 , 2.50 , 24
1904 , 87.25 , 250.00 , 2.50 , 24
1905 , 89.00 , 250.00 , 2.50 , 24
1906 , 90.25 , 250.00 , 2.50 , 24
1907 , 91.50 , 250.00 , 2.50 , 24
1908 , 92.75 , 250.00 , 2.50 , 24
Denaturing DNA Now
1909 , 94.25 , 231.25 , 2.50 , 24
1910 , 95.50 , 190.00 , 2.50 , 24
1911 , 96.00 , 147.50 , 2.50 , 24
1912 , 96.00 , 117.50 , 2.50 , 24
1913 , 95.00 , 97.50 , 2.50 , 24
Going to Annealing Temperature
1914 , 94.25 , 97.50 , 2.50 , 24
1915 , 92.00 , 97.50 , 2.50 , 24
1916 , 90.25 , 97.50 , 2.50 , 24
1917 , 87.25 , 97.50 , 2.50 , 24
1918 , 85.00 , 97.50 , 2.50 , 24
1919 , 81.25 , 97.50 , 2.50 , 24
1920 , 79.25 , 97.50 , 2.50 , 24
1921 , 76.25 , 97.50 , 2.50 , 24
1922 , 73.75 , 97.50 , 2.50 , 24
1923 , 71.50 , 97.50 , 2.50 , 24
1924 , 68.50 , 97.50 , 2.50 , 24
1925 , 66.75 , 97.50 , 2.50 , 24
1926 , 64.50 , 97.50 , 2.50 , 24
1927 , 62.75 , 97.50 , 2.50 , 24
1928 , 60.50 , 97.50 , 2.50 , 24
1929 , 58.75 , 97.50 , 2.50 , 24
1930 , 56.75 , 97.50 , 2.50 , 24
1931 , 55.25 , 97.50 , 2.50 , 24
1932 , 54.00 , 97.50 , 2.50 , 24
Annealing DNA Now
1933 , 52.75 , 97.50 , 105.00 , 24
1934 , 50.75 , 97.50 , 125.00 , 24
1935 , 51.50 , 97.50 , 125.00 , 24
1936 , 52.50 , 97.50 , 125.00 , 24
1937 , 53.25 , 97.50 , 125.00 , 24
1938 , 54.25 , 97.50 , 118.75 , 24
1939 , 54.75 , 97.50 , 92.50 , 24
1940 , 55.25 , 97.50 , 73.75 , 24
1941 , 55.75 , 97.50 , 52.50 , 24
1942 , 55.25 , 97.50 , 28.75 , 24
Going to Extension Temperature
1943 , 55.00 , 250.00 , 28.75 , 24
1944 , 56.25 , 250.00 , 28.75 , 24
1945 , 58.00 , 250.00 , 28.75 , 24
1946 , 59.25 , 250.00 , 28.75 , 24
1947 , 61.00 , 250.00 , 28.75 , 24
1948 , 62.25 , 250.00 , 28.75 , 24
1949 , 64.25 , 250.00 , 28.75 , 24
1950 , 65.25 , 250.00 , 28.75 , 24
1951 , 66.75 , 250.00 , 28.75 , 24
1952 , 68.00 , 250.00 , 28.75 , 24
1953 , 68.75 , 250.00 , 28.75 , 24
1954 , 70.25 , 250.00 , 28.75 , 24
1955 , 71.50 , 250.00 , 28.75 , 24
Extending DNA Now
1956 , 72.50 , 250.00 , 28.75 , 24
1957 , 73.75 , 237.50 , 28.75 , 24
1958 , 74.25 , 203.75 , 28.75 , 24
1959 , 75.00 , 182.50 , 28.75 , 24
1960 , 75.25 , 152.50 , 28.75 , 24
1961 , 75.00 , 131.25 , 28.75 , 24
1962 , 75.00 , 121.25 , 28.75 , 24
1963 , 74.75 , 106.25 , 28.75 , 24
1964 , 74.25 , 97.50 , 28.75 , 24
1965 , 73.50 , 96.25 , 28.75 , 24
1966 , 72.75 , 103.75 , 28.75 , 24
1967 , 72.00 , 115.00 , 28.75 , 24
1968 , 72.00 , 130.00 , 28.75 , 24
1969 , 72.00 , 130.00 , 28.75 , 24
1970 , 71.50 , 130.00 , 28.75 , 24
1971 , 71.75 , 142.50 , 28.75 , 24
1972 , 71.75 , 138.75 , 28.75 , 24
1973 , 72.00 , 140.00 , 28.75 , 24
1974 , 71.75 , 135.00 , 28.75 , 24
1975 , 71.75 , 141.25 , 28.75 , 24
1976 , 71.75 , 141.25 , 28.75 , 24
Going to Denaturing Temperature
1977 , 71.50 , 250.00 , 28.75 , 25
1978 , 73.25 , 250.00 , 28.75 , 25
1979 , 76.00 , 250.00 , 28.75 , 25
1980 , 78.00 , 250.00 , 28.75 , 25
1981 , 80.75 , 250.00 , 28.75 , 25
1982 , 82.25 , 250.00 , 28.75 , 25
1983 , 83.75 , 250.00 , 28.75 , 25
1984 , 85.75 , 250.00 , 28.75 , 25
1985 , 87.75 , 250.00 , 28.75 , 25
1986 , 89.75 , 250.00 , 28.75 , 25
1987 , 90.00 , 250.00 , 28.75 , 25
1988 , 92.25 , 250.00 , 28.75 , 25
Denaturing DNA Now
1989 , 93.25 , 243.75 , 28.75 , 25
1990 , 94.50 , 217.50 , 28.75 , 25
1991 , 95.50 , 180.00 , 28.75 , 25
1992 , 95.50 , 142.50 , 28.75 , 25
1993 , 95.25 , 125.00 , 28.75 , 25
Going to Annealing Temperature
1994 , 94.50 , 125.00 , 28.75 , 25
1995 , 92.50 , 125.00 , 28.75 , 25
1996 , 90.50 , 125.00 , 28.75 , 25
1997 , 87.25 , 125.00 , 28.75 , 25
1998 , 84.75 , 125.00 , 28.75 , 25
1999 , 81.75 , 125.00 , 28.75 , 25
2000 , 79.50 , 125.00 , 28.75 , 25
2001 , 76.25 , 125.00 , 28.75 , 25
2002 , 73.75 , 125.00 , 28.75 , 25
2003 , 71.50 , 125.00 , 28.75 , 25
2004 , 69.25 , 125.00 , 28.75 , 25
2005 , 67.00 , 125.00 , 28.75 , 25
2006 , 64.50 , 125.00 , 28.75 , 25
2007 , 62.25 , 125.00 , 28.75 , 25
2008 , 60.50 , 125.00 , 28.75 , 25
2009 , 58.75 , 125.00 , 28.75 , 25
2010 , 57.00 , 125.00 , 28.75 , 25
2011 , 55.50 , 125.00 , 28.75 , 25
2012 , 54.00 , 125.00 , 28.75 , 25
Annealing DNA Now
2013 , 52.50 , 125.00 , 105.00 , 25
2014 , 51.75 , 125.00 , 125.00 , 25
2015 , 51.75 , 125.00 , 125.00 , 25
2016 , 52.50 , 125.00 , 125.00 , 25
2017 , 53.50 , 125.00 , 125.00 , 25
2018 , 54.00 , 125.00 , 112.50 , 25
2019 , 54.75 , 125.00 , 97.50 , 25
2020 , 54.75 , 125.00 , 73.75 , 25
2021 , 55.50 , 125.00 , 65.00 , 25
2022 , 55.50 , 125.00 , 37.50 , 25
Going to Extension Temperature
2023 , 55.25 , 250.00 , 37.50 , 25
2024 , 56.25 , 250.00 , 37.50 , 25
2025 , 57.75 , 250.00 , 37.50 , 25
2026 , 59.00 , 250.00 , 37.50 , 25
2027 , 60.50 , 250.00 , 37.50 , 25
2028 , 61.75 , 250.00 , 37.50 , 25
2029 , 63.50 , 250.00 , 37.50 , 25
2030 , 64.75 , 250.00 , 37.50 , 25
2031 , 66.00 , 250.00 , 37.50 , 25
2032 , 67.00 , 250.00 , 37.50 , 25
2033 , 68.25 , 250.00 , 37.50 , 25
2034 , 69.25 , 250.00 , 37.50 , 25
2035 , 70.00 , 250.00 , 37.50 , 25
2036 , 70.50 , 250.00 , 37.50 , 25
Extending DNA Now
2037 , 71.50 , 250.00 , 37.50 , 25
2038 , 72.50 , 250.00 , 37.50 , 25
2039 , 73.75 , 237.50 , 37.50 , 25
2040 , 74.25 , 203.75 , 37.50 , 25
2041 , 75.00 , 182.50 , 37.50 , 25
2042 , 75.00 , 152.50 , 37.50 , 25
2043 , 75.25 , 137.50 , 37.50 , 25
2044 , 74.50 , 116.25 , 37.50 , 25
2045 , 74.25 , 118.75 , 37.50 , 25
2046 , 74.25 , 112.50 , 37.50 , 25
2047 , 74.25 , 101.25 , 37.50 , 25
2048 , 73.50 , 90.00 , 37.50 , 25
2049 , 73.00 , 97.50 , 37.50 , 25
2050 , 72.25 , 102.50 , 37.50 , 25
2051 , 71.50 , 116.25 , 37.50 , 25
2052 , 71.75 , 133.75 , 37.50 , 25
2053 , 70.75 , 130.00 , 37.50 , 25
2054 , 71.00 , 156.25 , 37.50 , 25
2055 , 71.25 , 156.25 , 37.50 , 25
2056 , 71.25 , 155.00 , 37.50 , 25
2057 , 71.25 , 155.00 , 37.50 , 25
Going to Denaturing Temperature
2058 , 71.50 , 250.00 , 37.50 , 26
2059 , 73.00 , 250.00 , 37.50 , 26
2060 , 75.50 , 250.00 , 37.50 , 26
2061 , 77.25 , 250.00 , 37.50 , 26
2062 , 80.00 , 250.00 , 37.50 , 26
2063 , 81.75 , 250.00 , 37.50 , 26
2064 , 83.50 , 250.00 , 37.50 , 26
2065 , 85.00 , 250.00 , 37.50 , 26
2066 , 87.00 , 250.00 , 37.50 , 26
2067 , 88.50 , 250.00 , 37.50 , 26
2068 , 90.00 , 250.00 , 37.50 , 26
2069 , 92.00 , 250.00 , 37.50 , 26
Denaturing DNA Now
2070 , 92.75 , 250.00 , 37.50 , 26
2071 , 93.75 , 231.25 , 37.50 , 26
2072 , 95.25 , 202.50 , 37.50 , 26
2073 , 95.50 , 156.25 , 37.50 , 26
2074 , 95.75 , 133.75 , 37.50 , 26
Going to Annealing Temperature
2075 , 95.25 , 133.75 , 37.50 , 26
2076 , 93.50 , 133.75 , 37.50 , 26
2077 , 91.00 , 133.75 , 37.50 , 26
2078 , 88.75 , 133.75 , 37.50 , 26
2079 , 86.25 , 133.75 , 37.50 , 26
2080 , 83.00 , 133.75 , 37.50 , 26
2081 , 80.25 , 133.75 , 37.50 , 26
2082 , 77.25 , 133.75 , 37.50 , 26
2083 , 74.50 , 133.75 , 37.50 , 26
2084 , 72.00 , 133.75 , 37.50 , 26
2085 , 69.50 , 133.75 , 37.50 , 26
2086 , 67.75 , 133.75 , 37.50 , 26
2087 , 65.00 , 133.75 , 37.50 , 26
2088 , 63.25 , 133.75 , 37.50 , 26
2089 , 61.00 , 133.75 , 37.50 , 26
2090 , 59.25 , 133.75 , 37.50 , 26
2091 , 57.75 , 133.75 , 37.50 , 26
2092 , 56.00 , 133.75 , 37.50 , 26
2093 , 54.25 , 133.75 , 37.50 , 26
Annealing DNA Now
2094 , 52.75 , 133.75 , 100.00 , 26
2095 , 51.75 , 133.75 , 125.00 , 26
2096 , 52.00 , 133.75 , 125.00 , 26
2097 , 52.25 , 133.75 , 125.00 , 26
2098 , 53.25 , 133.75 , 125.00 , 26
2099 , 54.25 , 133.75 , 118.75 , 26
2100 , 55.25 , 133.75 , 92.50 , 26
2101 , 55.75 , 133.75 , 61.25 , 26
2102 , 55.50 , 133.75 , 37.50 , 26
2103 , 55.00 , 133.75 , 30.00 , 26
Going to Extension Temperature
2104 , 55.00 , 250.00 , 30.00 , 26
2105 , 55.50 , 250.00 , 30.00 , 26
2106 , 56.50 , 250.00 , 30.00 , 26
2107 , 58.50 , 250.00 , 30.00 , 26
2108 , 59.75 , 250.00 , 30.00 , 26
2109 , 61.75 , 250.00 , 30.00 , 26
2110 , 63.00 , 250.00 , 30.00 , 26
2111 , 64.25 , 250.00 , 30.00 , 26
2112 , 65.75 , 250.00 , 30.00 , 26
2113 , 66.75 , 250.00 , 30.00 , 26
2114 , 68.00 , 250.00 , 30.00 , 26
2115 , 69.00 , 250.00 , 30.00 , 26
2116 , 70.00 , 250.00 , 30.00 , 26
2117 , 70.75 , 250.00 , 30.00 , 26
Extending DNA Now
2118 , 72.00 , 250.00 , 30.00 , 26
2119 , 72.75 , 250.00 , 30.00 , 26
2120 , 73.50 , 231.25 , 30.00 , 26
2121 , 74.50 , 208.75 , 30.00 , 26
2122 , 74.50 , 176.25 , 30.00 , 26
2123 , 75.00 , 163.75 , 30.00 , 26
2125 , 75.50 , 138.75 , 30.00 , 26
2126 , 75.00 , 111.25 , 30.00 , 26
2127 , 74.25 , 106.25 , 30.00 , 26
2128 , 74.00 , 110.00 , 30.00 , 26
2129 , 73.50 , 105.00 , 30.00 , 26
2130 , 73.00 , 107.50 , 30.00 , 26
2131 , 72.75 , 112.50 , 30.00 , 26
2132 , 72.50 , 113.75 , 30.00 , 26
2133 , 72.25 , 116.25 , 30.00 , 26
2134 , 72.00 , 120.00 , 30.00 , 26
2135 , 71.75 , 125.00 , 30.00 , 26
2136 , 71.75 , 131.25 , 30.00 , 26
2137 , 71.75 , 132.50 , 30.00 , 26
2138 , 71.75 , 132.50 , 30.00 , 26
Going to Denaturing Temperature
2139 , 71.25 , 250.00 , 30.00 , 27
2140 , 73.00 , 250.00 , 30.00 , 27
2141 , 75.25 , 250.00 , 30.00 , 27
2142 , 77.75 , 250.00 , 30.00 , 27
2143 , 79.50 , 250.00 , 30.00 , 27
2144 , 81.50 , 250.00 , 30.00 , 27
2145 , 83.00 , 250.00 , 30.00 , 27
2146 , 84.75 , 250.00 , 30.00 , 27
2147 , 86.50 , 250.00 , 30.00 , 27
2148 , 88.25 , 250.00 , 30.00 , 27
2149 , 89.00 , 250.00 , 30.00 , 27
2150 , 91.00 , 250.00 , 30.00 , 27
2151 , 92.50 , 250.00 , 30.00 , 27
Denaturing DNA Now
2152 , 93.50 , 237.50 , 30.00 , 27
2153 , 94.50 , 210.00 , 30.00 , 27
2154 , 95.25 , 177.50 , 30.00 , 27
2155 , 95.25 , 146.25 , 30.00 , 27
2156 , 94.75 , 130.00 , 30.00 , 27
Going to Annealing Temperature
2157 , 94.50 , 130.00 , 30.00 , 27
2158 , 92.25 , 130.00 , 30.00 , 27
2159 , 90.75 , 130.00 , 30.00 , 27
2160 , 87.75 , 130.00 , 30.00 , 27
2161 , 85.25 , 130.00 , 30.00 , 27
2162 , 82.00 , 130.00 , 30.00 , 27
2163 , 79.25 , 130.00 , 30.00 , 27
2164 , 77.00 , 130.00 , 30.00 , 27
2165 , 74.25 , 130.00 , 30.00 , 27
2166 , 71.75 , 130.00 , 30.00 , 27
2167 , 68.75 , 130.00 , 30.00 , 27
2168 , 67.00 , 130.00 , 30.00 , 27
2169 , 65.00 , 130.00 , 30.00 , 27
2170 , 62.25 , 130.00 , 30.00 , 27
2171 , 61.00 , 130.00 , 30.00 , 27
2172 , 58.50 , 130.00 , 30.00 , 27
2173 , 57.25 , 130.00 , 30.00 , 27
2174 , 55.50 , 130.00 , 30.00 , 27
2175 , 53.75 , 130.00 , 30.00 , 27
Annealing DNA Now
2176 , 53.00 , 130.00 , 110.00 , 27
2177 , 51.75 , 130.00 , 125.00 , 27
2178 , 52.00 , 130.00 , 125.00 , 27
2179 , 52.00 , 130.00 , 125.00 , 27
2180 , 53.00 , 130.00 , 125.00 , 27
2181 , 53.50 , 130.00 , 125.00 , 27
2182 , 54.25 , 130.00 , 112.50 , 27
2183 , 55.50 , 130.00 , 91.25 , 27
2184 , 55.50 , 130.00 , 53.75 , 27
2185 , 55.25 , 130.00 , 41.25 , 27
Going to Extension Temperature
2186 , 55.25 , 250.00 , 41.25 , 27
2187 , 56.50 , 250.00 , 41.25 , 27
2188 , 58.00 , 250.00 , 41.25 , 27
2189 , 59.75 , 250.00 , 41.25 , 27
2190 , 61.00 , 250.00 , 41.25 , 27
2191 , 63.00 , 250.00 , 41.25 , 27
2192 , 63.75 , 250.00 , 41.25 , 27
2193 , 65.25 , 250.00 , 41.25 , 27
2194 , 66.00 , 250.00 , 41.25 , 27
2195 , 67.25 , 250.00 , 41.25 , 27
2196 , 68.25 , 250.00 , 41.25 , 27
2197 , 69.50 , 250.00 , 41.25 , 27
2198 , 70.25 , 250.00 , 41.25 , 27
2199 , 71.25 , 250.00 , 41.25 , 27
Extending DNA Now
2200 , 71.75 , 250.00 , 41.25 , 27
2201 , 72.75 , 250.00 , 41.25 , 27
2202 , 73.75 , 231.25 , 41.25 , 27
2203 , 74.25 , 202.50 , 41.25 , 27
2204 , 74.50 , 181.25 , 41.25 , 27
2205 , 74.75 , 163.75 , 41.25 , 27
2206 , 74.75 , 145.00 , 41.25 , 27
2207 , 74.75 , 131.25 , 41.25 , 27
2208 , 74.25 , 117.50 , 41.25 , 27
2209 , 73.75 , 116.25 , 41.25 , 27
2210 , 73.75 , 117.50 , 41.25 , 27
2211 , 73.50 , 108.75 , 41.25 , 27
2212 , 72.75 , 106.25 , 41.25 , 27
2213 , 72.50 , 117.50 , 41.25 , 27
2214 , 72.50 , 120.00 , 41.25 , 27
2215 , 71.75 , 117.50 , 41.25 , 27
2216 , 71.75 , 133.75 , 41.25 , 27
2217 , 72.00 , 135.00 , 41.25 , 27
2218 , 71.75 , 130.00 , 41.25 , 27
2219 , 72.25 , 136.25 , 41.25 , 27
2220 , 71.50 , 136.25 , 41.25 , 27
Going to Denaturing Temperature
2221 , 71.75 , 250.00 , 41.25 , 28
2222 , 73.00 , 250.00 , 41.25 , 28
2223 , 75.50 , 250.00 , 41.25 , 28
2224 , 77.75 , 250.00 , 41.25 , 28
2225 , 79.75 , 250.00 , 41.25 , 28
2226 , 81.75 , 250.00 , 41.25 , 28
2227 , 83.50 , 250.00 , 41.25 , 28
2228 , 85.25 , 250.00 , 41.25 , 28
2229 , 86.25 , 250.00 , 41.25 , 28
2230 , 88.25 , 250.00 , 41.25 , 28
2231 , 89.75 , 250.00 , 41.25 , 28
2232 , 91.00 , 250.00 , 41.25 , 28
2233 , 92.25 , 250.00 , 41.25 , 28
Denaturing DNA Now
2234 , 93.00 , 243.75 , 41.25 , 28
2235 , 94.00 , 223.75 , 41.25 , 28
2236 , 95.50 , 193.75 , 41.25 , 28
2237 , 95.25 , 146.25 , 41.25 , 28
2238 , 95.75 , 135.00 , 41.25 , 28
Going to Annealing Temperature
2239 , 95.00 , 135.00 , 41.25 , 28
2240 , 92.75 , 135.00 , 41.25 , 28
2241 , 91.25 , 135.00 , 41.25 , 28
2242 , 88.50 , 135.00 , 41.25 , 28
2243 , 85.50 , 135.00 , 41.25 , 28
2244 , 82.25 , 135.00 , 41.25 , 28
2245 , 80.25 , 135.00 , 41.25 , 28
2246 , 77.25 , 135.00 , 41.25 , 28
2247 , 74.75 , 135.00 , 41.25 , 28
2248 , 72.25 , 135.00 , 41.25 , 28
2249 , 69.75 , 135.00 , 41.25 , 28
2250 , 67.25 , 135.00 , 41.25 , 28
2251 , 65.25 , 135.00 , 41.25 , 28
2252 , 63.25 , 135.00 , 41.25 , 28
2253 , 61.00 , 135.00 , 41.25 , 28
2254 , 59.50 , 135.00 , 41.25 , 28
2255 , 57.50 , 135.00 , 41.25 , 28
2256 , 56.00 , 135.00 , 41.25 , 28
2257 , 54.75 , 135.00 , 41.25 , 28
Annealing DNA Now
2258 , 53.00 , 135.00 , 90.00 , 28
2259 , 51.75 , 135.00 , 125.00 , 28
2260 , 51.75 , 135.00 , 125.00 , 28
2261 , 52.50 , 135.00 , 125.00 , 28
2262 , 53.25 , 135.00 , 125.00 , 28
2263 , 53.75 , 135.00 , 118.75 , 28
2264 , 54.75 , 135.00 , 105.00 , 28
2265 , 55.25 , 135.00 , 76.25 , 28
2266 , 55.25 , 135.00 , 55.00 , 28
2267 , 55.00 , 135.00 , 43.75 , 28
Going to Extension Temperature
2268 , 54.00 , 250.00 , 43.75 , 28
2269 , 55.75 , 250.00 , 43.75 , 28
2270 , 57.00 , 250.00 , 43.75 , 28
2271 , 58.50 , 250.00 , 43.75 , 28
2272 , 60.00 , 250.00 , 43.75 , 28
2273 , 61.50 , 250.00 , 43.75 , 28
2274 , 62.00 , 250.00 , 43.75 , 28
2275 , 63.75 , 250.00 , 43.75 , 28
2276 , 65.00 , 250.00 , 43.75 , 28
2277 , 66.25 , 250.00 , 43.75 , 28
2278 , 67.25 , 250.00 , 43.75 , 28
2279 , 68.00 , 250.00 , 43.75 , 28
2280 , 69.00 , 250.00 , 43.75 , 28
2281 , 69.50 , 250.00 , 43.75 , 28
2282 , 70.75 , 250.00 , 43.75 , 28
Extending DNA Now
2283 , 71.75 , 250.00 , 43.75 , 28
2284 , 72.75 , 250.00 , 43.75 , 28
2285 , 73.25 , 231.25 , 43.75 , 28
2286 , 73.25 , 215.00 , 43.75 , 28
2287 , 74.00 , 208.75 , 43.75 , 28
2288 , 74.50 , 183.75 , 43.75 , 28
2289 , 74.00 , 161.25 , 43.75 , 28
2290 , 74.25 , 161.25 , 43.75 , 28
2291 , 74.00 , 145.00 , 43.75 , 28
2292 , 73.50 , 140.00 , 43.75 , 28
2293 , 73.50 , 142.50 , 43.75 , 28
2294 , 73.75 , 135.00 , 43.75 , 28
2295 , 73.00 , 121.25 , 43.75 , 28
2296 , 73.00 , 131.25 , 43.75 , 28
2297 , 72.25 , 126.25 , 43.75 , 28
2298 , 72.75 , 140.00 , 43.75 , 28
2299 , 72.75 , 126.25 , 43.75 , 28
2300 , 72.25 , 122.50 , 43.75 , 28
2301 , 72.25 , 131.25 , 43.75 , 28
2302 , 71.75 , 130.00 , 43.75 , 28
2303 , 71.75 , 130.00 , 43.75 , 28
Going to Denaturing Temperature
2304 , 71.50 , 250.00 , 43.75 , 29
2305 , 73.00 , 250.00 , 43.75 , 29
2306 , 75.50 , 250.00 , 43.75 , 29
2307 , 77.50 , 250.00 , 43.75 , 29
2308 , 79.25 , 250.00 , 43.75 , 29
2309 , 80.75 , 250.00 , 43.75 , 29
2310 , 82.50 , 250.00 , 43.75 , 29
2311 , 83.75 , 250.00 , 43.75 , 29
2312 , 85.25 , 250.00 , 43.75 , 29
2313 , 86.25 , 250.00 , 43.75 , 29
2314 , 87.50 , 250.00 , 43.75 , 29
2315 , 88.75 , 250.00 , 43.75 , 29
2316 , 89.75 , 250.00 , 43.75 , 29
2317 , 91.25 , 250.00 , 43.75 , 29
2318 , 91.75 , 250.00 , 43.75 , 29
2319 , 92.75 , 250.00 , 43.75 , 29
Denaturing DNA Now
2320 , 93.75 , 231.25 , 43.75 , 29
2321 , 94.75 , 202.50 , 43.75 , 29
2322 , 95.00 , 168.75 , 43.75 , 29
2323 , 94.50 , 148.75 , 43.75 , 29
2324 , 94.50 , 146.25 , 43.75 , 29
Going to Annealing Temperature
2325 , 93.50 , 146.25 , 43.75 , 29
2326 , 92.25 , 146.25 , 43.75 , 29
2327 , 90.25 , 146.25 , 43.75 , 29
2328 , 87.50 , 146.25 , 43.75 , 29
2329 , 85.00 , 146.25 , 43.75 , 29
2330 , 82.25 , 146.25 , 43.75 , 29
2331 , 79.25 , 146.25 , 43.75 , 29
2332 , 76.75 , 146.25 , 43.75 , 29
2333 , 73.25 , 146.25 , 43.75 , 29
2334 , 71.75 , 146.25 , 43.75 , 29
2335 , 69.00 , 146.25 , 43.75 , 29
2336 , 66.75 , 146.25 , 43.75 , 29
2337 , 64.75 , 146.25 , 43.75 , 29
2338 , 62.75 , 146.25 , 43.75 , 29
2339 , 60.50 , 146.25 , 43.75 , 29
2340 , 58.75 , 146.25 , 43.75 , 29
2341 , 57.25 , 146.25 , 43.75 , 29
2342 , 55.75 , 146.25 , 43.75 , 29
2343 , 54.50 , 146.25 , 43.75 , 29
Annealing DNA Now
2344 , 52.50 , 146.25 , 95.00 , 29
2345 , 51.75 , 146.25 , 125.00 , 29
2346 , 52.00 , 146.25 , 125.00 , 29
2347 , 52.25 , 146.25 , 125.00 , 29
2348 , 53.25 , 146.25 , 125.00 , 29
2349 , 53.75 , 146.25 , 118.75 , 29
2350 , 54.00 , 146.25 , 105.00 , 29
2351 , 54.75 , 146.25 , 95.00 , 29
2352 , 55.00 , 146.25 , 71.25 , 29
2353 , 55.00 , 146.25 , 56.25 , 29
Going to Extension Temperature
2354 , 54.50 , 250.00 , 56.25 , 29
2355 , 55.50 , 250.00 , 56.25 , 29
2356 , 56.75 , 250.00 , 56.25 , 29
2357 , 58.50 , 250.00 , 56.25 , 29
2358 , 59.00 , 250.00 , 56.25 , 29
2359 , 60.25 , 250.00 , 56.25 , 29
2360 , 61.75 , 250.00 , 56.25 , 29
2361 , 62.75 , 250.00 , 56.25 , 29
2362 , 63.75 , 250.00 , 56.25 , 29
2363 , 64.75 , 250.00 , 56.25 , 29
2364 , 65.50 , 250.00 , 56.25 , 29
2365 , 66.75 , 250.00 , 56.25 , 29
2366 , 67.50 , 250.00 , 56.25 , 29
2367 , 68.50 , 250.00 , 56.25 , 29
2368 , 69.00 , 250.00 , 56.25 , 29
2369 , 70.25 , 250.00 , 56.25 , 29
2370 , 70.50 , 250.00 , 56.25 , 29
Extending DNA Now
2371 , 71.75 , 250.00 , 56.25 , 29
2372 , 72.00 , 250.00 , 56.25 , 29
2373 , 72.75 , 250.00 , 56.25 , 29
2374 , 73.25 , 231.25 , 56.25 , 29
2375 , 73.50 , 215.00 , 56.25 , 29
2376 , 74.50 , 202.50 , 56.25 , 29
2377 , 74.50 , 170.00 , 56.25 , 29
2378 , 75.00 , 157.50 , 56.25 , 29
2379 , 75.00 , 132.50 , 56.25 , 29
2380 , 73.75 , 117.50 , 56.25 , 29
2381 , 73.50 , 133.75 , 56.25 , 29
2382 , 73.50 , 131.25 , 56.25 , 29
2383 , 72.75 , 123.75 , 56.25 , 29
2384 , 72.50 , 135.00 , 56.25 , 29
2385 , 72.75 , 137.50 , 56.25 , 29
2386 , 72.50 , 128.75 , 56.25 , 29
2387 , 72.00 , 131.25 , 56.25 , 29
2388 , 71.75 , 141.25 , 56.25 , 29
2389 , 71.00 , 147.50 , 56.25 , 29
2390 , 71.25 , 167.50 , 56.25 , 29
2391 , 71.50 , 167.50 , 56.25 , 29
Going to Denaturing Temperature
2392 , 71.50 , 250.00 , 56.25 , 30
2393 , 72.75 , 250.00 , 56.25 , 30
2394 , 74.75 , 250.00 , 56.25 , 30
2395 , 77.00 , 250.00 , 56.25 , 30
2396 , 79.00 , 250.00 , 56.25 , 30
2397 , 80.00 , 250.00 , 56.25 , 30
2398 , 81.50 , 250.00 , 56.25 , 30
2399 , 83.00 , 250.00 , 56.25 , 30
2400 , 84.50 , 250.00 , 56.25 , 30
2401 , 86.00 , 250.00 , 56.25 , 30
2402 , 87.00 , 250.00 , 56.25 , 30
2403 , 88.00 , 250.00 , 56.25 , 30
2404 , 89.00 , 250.00 , 56.25 , 30
2405 , 90.00 , 250.00 , 56.25 , 30
2406 , 90.50 , 250.00 , 56.25 , 30
2407 , 91.75 , 250.00 , 56.25 , 30
2408 , 92.75 , 250.00 , 56.25 , 30
Denaturing DNA Now
2409 , 94.00 , 231.25 , 56.25 , 30
2410 , 94.50 , 196.25 , 56.25 , 30
2411 , 95.00 , 173.75 , 56.25 , 30
2412 , 94.25 , 148.75 , 56.25 , 30
2413 , 94.75 , 152.50 , 56.25 , 30
Going to Annealing Temperature
2414 , 94.25 , 152.50 , 56.25 , 30
2415 , 92.00 , 152.50 , 56.25 , 30
2416 , 90.25 , 152.50 , 56.25 , 30
2417 , 87.75 , 152.50 , 56.25 , 30
2418 , 85.00 , 152.50 , 56.25 , 30
2419 , 81.75 , 152.50 , 56.25 , 30
2420 , 79.50 , 152.50 , 56.25 , 30
2421 , 76.75 , 152.50 , 56.25 , 30
2422 , 74.00 , 152.50 , 56.25 , 30
2423 , 71.75 , 152.50 , 56.25 , 30
2424 , 69.25 , 152.50 , 56.25 , 30
2425 , 66.25 , 152.50 , 56.25 , 30
2426 , 64.75 , 152.50 , 56.25 , 30
2427 , 63.00 , 152.50 , 56.25 , 30
2428 , 60.75 , 152.50 , 56.25 , 30
2429 , 59.00 , 152.50 , 56.25 , 30
2430 , 56.75 , 152.50 , 56.25 , 30
2431 , 55.50 , 152.50 , 56.25 , 30
2432 , 54.00 , 152.50 , 56.25 , 30
Annealing DNA Now
2433 , 52.50 , 152.50 , 105.00 , 30
2434 , 51.75 , 152.50 , 125.00 , 30
2435 , 51.75 , 152.50 , 125.00 , 30
2436 , 52.00 , 152.50 , 125.00 , 30
2437 , 52.75 , 152.50 , 125.00 , 30
2438 , 53.75 , 152.50 , 125.00 , 30
2439 , 53.75 , 152.50 , 106.25 , 30
2440 , 54.50 , 152.50 , 102.50 , 30
2441 , 55.00 , 152.50 , 80.00 , 30
2442 , 54.75 , 152.50 , 60.00 , 30
Going to Extension Temperature
2443 , 54.75 , 250.00 , 60.00 , 30
2444 , 55.25 , 250.00 , 60.00 , 30
2445 , 56.75 , 250.00 , 60.00 , 30
2446 , 58.50 , 250.00 , 60.00 , 30
2447 , 59.50 , 250.00 , 60.00 , 30
2448 , 60.75 , 250.00 , 60.00 , 30
2449 , 61.50 , 250.00 , 60.00 , 30
2450 , 63.25 , 250.00 , 60.00 , 30
2451 , 64.00 , 250.00 , 60.00 , 30
2452 , 64.75 , 250.00 , 60.00 , 30
2453 , 66.00 , 250.00 , 60.00 , 30
2454 , 66.75 , 250.00 , 60.00 , 30
2455 , 67.25 , 250.00 , 60.00 , 30
2456 , 68.50 , 250.00 , 60.00 , 30
2457 , 68.75 , 250.00 , 60.00 , 30
2458 , 69.50 , 250.00 , 60.00 , 30
2459 , 70.50 , 250.00 , 60.00 , 30
Extending DNA Now
2460 , 71.25 , 250.00 , 60.00 , 30
2461 , 71.75 , 250.00 , 60.00 , 30
2462 , 72.75 , 250.00 , 60.00 , 30
2463 , 73.25 , 231.25 , 60.00 , 30
2464 , 73.75 , 215.00 , 60.00 , 30
2465 , 74.25 , 196.25 , 60.00 , 30
2466 , 74.00 , 175.00 , 60.00 , 30
2467 , 73.50 , 170.00 , 60.00 , 30
2468 , 74.00 , 172.50 , 60.00 , 30
2469 , 73.50 , 152.50 , 60.00 , 30
2470 , 73.50 , 155.00 , 60.00 , 30
2471 , 72.75 , 147.50 , 60.00 , 30
2472 , 72.75 , 158.75 , 60.00 , 30
2473 , 72.75 , 155.00 , 60.00 , 30
2474 , 72.25 , 151.25 , 60.00 , 30
2475 , 72.50 , 160.00 , 60.00 , 30
2476 , 72.50 , 152.50 , 60.00 , 30
2477 , 72.50 , 150.00 , 60.00 , 30
2478 , 72.50 , 147.50 , 60.00 , 30
2479 , 72.25 , 145.00 , 60.00 , 30
2480 , 72.00 , 145.00 , 60.00 , 30
