Please wait for the temperature to reach 95
0 , 28.50 , 250.00 , 0.00 , 0
1 , 27.50 , 250.00 , 0.00 , 0
2 , 27.75 , 250.00 , 0.00 , 0
3 , 27.50 , 250.00 , 0.00 , 0
4 , 28.25 , 250.00 , 0.00 , 0
5 , 28.00 , 250.00 , 0.00 , 0
6 , 28.25 , 250.00 , 0.00 , 0
7 , 28.00 , 250.00 , 0.00 , 0
8 , 27.75 , 250.00 , 0.00 , 0
9 , 28.25 , 250.00 , 0.00 , 0
10 , 28.00 , 250.00 , 0.00 , 0
11 , 28.25 , 250.00 , 0.00 , 0
12 , 29.00 , 250.00 , 0.00 , 0
13 , 29.75 , 250.00 , 0.00 , 0
14 , 30.50 , 250.00 , 0.00 , 0
15 , 32.25 , 250.00 , 0.00 , 0
16 , 34.75 , 250.00 , 0.00 , 0
17 , 37.75 , 250.00 , 0.00 , 0
18 , 41.25 , 250.00 , 0.00 , 0
19 , 44.00 , 250.00 , 0.00 , 0
20 , 47.00 , 250.00 , 0.00 , 0
21 , 49.25 , 250.00 , 0.00 , 0
22 , 52.25 , 250.00 , 0.00 , 0
23 , 55.00 , 250.00 , 0.00 , 0
24 , 57.75 , 250.00 , 0.00 , 0
25 , 60.75 , 250.00 , 0.00 , 0
26 , 63.00 , 250.00 , 0.00 , 0
27 , 65.25 , 250.00 , 0.00 , 0
28 , 67.50 , 250.00 , 0.00 , 0
29 , 69.25 , 250.00 , 0.00 , 0
30 , 71.25 , 250.00 , 0.00 , 0
31 , 74.25 , 250.00 , 0.00 , 0
32 , 76.00 , 250.00 , 0.00 , 0
33 , 78.00 , 250.00 , 0.00 , 0
34 , 80.00 , 250.00 , 0.00 , 0
35 , 82.50 , 250.00 , 0.00 , 0
36 , 84.50 , 250.00 , 0.00 , 0
37 , 86.50 , 250.00 , 0.00 , 0
38 , 88.50 , 250.00 , 0.00 , 0
39 , 90.00 , 250.00 , 0.00 , 0
40 , 92.25 , 250.00 , 0.00 , 0
Temperature has reached 95, please wait 60s for the initial denaturing to complete
41 , 94.50 , 243.75 , 0.00 , 0
Initial Denaturing has completed, Amplification Loop will start now
Going to Denaturing Temperature
Denaturing DNA Now
42 , 97.25 , 186.25 , 0.00 , 1
43 , 98.25 , 105.00 , 0.00 , 1
44 , 98.00 , 53.75 , 0.00 , 1
45 , 96.50 , 28.75 , 0.00 , 1
46 , 94.25 , 36.25 , 0.00 , 1
Going to Annealing Temperature
47 , 92.50 , 36.25 , 0.00 , 1
48 , 90.25 , 36.25 , 0.00 , 1
49 , 88.25 , 36.25 , 0.00 , 1
50 , 85.75 , 36.25 , 0.00 , 1
51 , 83.50 , 36.25 , 0.00 , 1
52 , 80.75 , 36.25 , 0.00 , 1
53 , 77.75 , 36.25 , 0.00 , 1
54 , 76.00 , 36.25 , 0.00 , 1
55 , 73.75 , 36.25 , 0.00 , 1
56 , 71.50 , 36.25 , 0.00 , 1
57 , 69.50 , 36.25 , 0.00 , 1
58 , 67.00 , 36.25 , 0.00 , 1
59 , 64.75 , 36.25 , 0.00 , 1
60 , 63.75 , 36.25 , 0.00 , 1
61 , 62.00 , 36.25 , 0.00 , 1
62 , 60.00 , 36.25 , 0.00 , 1
63 , 59.00 , 36.25 , 0.00 , 1
64 , 57.00 , 36.25 , 0.00 , 1
65 , 56.25 , 36.25 , 0.00 , 1
66 , 54.00 , 36.25 , 0.00 , 1
Annealing DNA Now
67 , 53.50 , 36.25 , 101.25 , 1
68 , 52.25 , 36.25 , 108.75 , 1
69 , 53.50 , 36.25 , 125.00 , 1
70 , 54.75 , 36.25 , 110.00 , 1
71 , 55.50 , 36.25 , 76.25 , 1
72 , 56.50 , 36.25 , 48.75 , 1
73 , 56.50 , 36.25 , 11.25 , 1
74 , 56.25 , 36.25 , 0.00 , 1
75 , 55.75 , 36.25 , 0.00 , 1
76 , 55.00 , 36.25 , 0.00 , 1
Going to Extension Temperature
77 , 54.50 , 250.00 , 0.00 , 1
78 , 54.25 , 250.00 , 0.00 , 1
79 , 56.25 , 250.00 , 0.00 , 1
80 , 58.50 , 250.00 , 0.00 , 1
81 , 61.50 , 250.00 , 0.00 , 1
82 , 64.00 , 250.00 , 0.00 , 1
83 , 67.00 , 250.00 , 0.00 , 1
84 , 69.75 , 250.00 , 0.00 , 1
85 , 72.00 , 250.00 , 0.00 , 1
Extending DNA Now
86 , 74.75 , 250.00 , 0.00 , 1
87 , 76.50 , 181.25 , 0.00 , 1
88 , 78.25 , 123.75 , 0.00 , 1
89 , 79.00 , 57.50 , 0.00 , 1
90 , 77.75 , 7.50 , 0.00 , 1
91 , 76.00 , 3.75 , 0.00 , 1
92 , 75.00 , 18.75 , 0.00 , 1
93 , 73.25 , 23.75 , 0.00 , 1
94 , 72.00 , 52.50 , 0.00 , 1
95 , 71.50 , 77.50 , 0.00 , 1
96 , 71.25 , 90.00 , 0.00 , 1
97 , 71.00 , 98.75 , 0.00 , 1
98 , 71.25 , 108.75 , 0.00 , 1
99 , 71.00 , 107.50 , 0.00 , 1
100 , 71.50 , 117.50 , 0.00 , 1
101 , 72.00 , 110.00 , 0.00 , 1
102 , 72.50 , 100.00 , 0.00 , 1
103 , 72.50 , 87.50 , 0.00 , 1
104 , 72.75 , 85.00 , 0.00 , 1
105 , 71.75 , 76.25 , 0.00 , 1
106 , 72.25 , 76.25 , 0.00 , 1
Going to Denaturing Temperature
107 , 72.00 , 250.00 , 0.00 , 2
108 , 74.75 , 250.00 , 0.00 , 2
109 , 80.00 , 250.00 , 0.00 , 2
110 , 84.75 , 250.00 , 0.00 , 2
111 , 89.50 , 250.00 , 0.00 , 2
112 , 93.50 , 250.00 , 0.00 , 2
Denaturing DNA Now
113 , 97.25 , 212.50 , 0.00 , 2
114 , 100.25 , 111.25 , 0.00 , 2
115 , 100.25 , 10.00 , 0.00 , 2
116 , 98.50 , 0.00 , 0.00 , 2
117 , 95.75 , 0.00 , 0.00 , 2
Going to Annealing Temperature
118 , 93.25 , 0.00 , 0.00 , 2
119 , 91.25 , 0.00 , 0.00 , 2
120 , 88.50 , 0.00 , 0.00 , 2
121 , 86.75 , 0.00 , 0.00 , 2
122 , 84.25 , 0.00 , 0.00 , 2
123 , 81.75 , 0.00 , 0.00 , 2
124 , 79.25 , 0.00 , 0.00 , 2
125 , 76.75 , 0.00 , 0.00 , 2
126 , 74.50 , 0.00 , 0.00 , 2
127 , 72.50 , 0.00 , 0.00 , 2
128 , 70.25 , 0.00 , 0.00 , 2
129 , 67.75 , 0.00 , 0.00 , 2
130 , 66.00 , 0.00 , 0.00 , 2
131 , 63.75 , 0.00 , 0.00 , 2
132 , 62.50 , 0.00 , 0.00 , 2
133 , 60.75 , 0.00 , 0.00 , 2
134 , 58.75 , 0.00 , 0.00 , 2
135 , 58.25 , 0.00 , 0.00 , 2
136 , 56.50 , 0.00 , 0.00 , 2
137 , 55.25 , 0.00 , 0.00 , 2
138 , 53.75 , 0.00 , 0.00 , 2
Annealing DNA Now
139 , 52.00 , 0.00 , 82.50 , 2
140 , 52.25 , 0.00 , 122.50 , 2
141 , 53.00 , 0.00 , 121.25 , 2
142 , 55.00 , 0.00 , 106.25 , 2
143 , 56.25 , 0.00 , 56.25 , 2
144 , 57.50 , 0.00 , 15.00 , 2
145 , 57.25 , 0.00 , 0.00 , 2
146 , 56.50 , 0.00 , 0.00 , 2
147 , 55.25 , 0.00 , 0.00 , 2
148 , 55.00 , 0.00 , 0.00 , 2
Going to Extension Temperature
149 , 54.00 , 250.00 , 0.00 , 2
150 , 54.00 , 250.00 , 0.00 , 2
151 , 56.75 , 250.00 , 0.00 , 2
152 , 60.25 , 250.00 , 0.00 , 2
153 , 63.75 , 250.00 , 0.00 , 2
154 , 66.75 , 250.00 , 0.00 , 2
155 , 69.25 , 250.00 , 0.00 , 2
156 , 72.75 , 250.00 , 0.00 , 2
Extending DNA Now
157 , 75.00 , 231.25 , 0.00 , 2
158 , 77.75 , 171.25 , 0.00 , 2
159 , 79.00 , 87.50 , 0.00 , 2
160 , 78.50 , 27.50 , 0.00 , 2
161 , 77.25 , 5.00 , 0.00 , 2
162 , 76.50 , 3.75 , 0.00 , 2
163 , 75.00 , 0.00 , 0.00 , 2
164 , 73.25 , 11.25 , 0.00 , 2
165 , 72.50 , 40.00 , 0.00 , 2
166 , 71.50 , 52.50 , 0.00 , 2
167 , 70.00 , 75.00 , 0.00 , 2
168 , 70.75 , 115.00 , 0.00 , 2
169 , 70.50 , 106.25 , 0.00 , 2
170 , 71.00 , 118.75 , 0.00 , 2
171 , 72.00 , 113.75 , 0.00 , 2
172 , 72.75 , 93.75 , 0.00 , 2
173 , 73.00 , 75.00 , 0.00 , 2
174 , 73.00 , 65.00 , 0.00 , 2
175 , 72.50 , 60.00 , 0.00 , 2
176 , 72.00 , 67.50 , 0.00 , 2
177 , 71.00 , 67.50 , 0.00 , 2
Going to Denaturing Temperature
178 , 71.00 , 250.00 , 0.00 , 3
179 , 75.25 , 250.00 , 0.00 , 3
180 , 80.50 , 250.00 , 0.00 , 3
181 , 85.50 , 250.00 , 0.00 , 3
182 , 90.25 , 250.00 , 0.00 , 3
183 , 95.25 , 250.00 , 0.00 , 3
Denaturing DNA Now
184 , 99.50 , 168.75 , 0.00 , 3
185 , 101.75 , 46.25 , 0.00 , 3
186 , 100.00 , 0.00 , 0.00 , 3
187 , 98.25 , 0.00 , 0.00 , 3
188 , 95.50 , 0.00 , 0.00 , 3
Going to Annealing Temperature
189 , 92.50 , 0.00 , 0.00 , 3
190 , 91.00 , 0.00 , 0.00 , 3
191 , 88.75 , 0.00 , 0.00 , 3
192 , 86.50 , 0.00 , 0.00 , 3
193 , 84.00 , 0.00 , 0.00 , 3
194 , 81.50 , 0.00 , 0.00 , 3
195 , 78.50 , 0.00 , 0.00 , 3
196 , 76.50 , 0.00 , 0.00 , 3
197 , 74.25 , 0.00 , 0.00 , 3
198 , 72.25 , 0.00 , 0.00 , 3
199 , 70.25 , 0.00 , 0.00 , 3
200 , 69.00 , 0.00 , 0.00 , 3
201 , 66.25 , 0.00 , 0.00 , 3
202 , 64.50 , 0.00 , 0.00 , 3
203 , 63.25 , 0.00 , 0.00 , 3
204 , 61.50 , 0.00 , 0.00 , 3
205 , 59.75 , 0.00 , 0.00 , 3
206 , 58.25 , 0.00 , 0.00 , 3
207 , 56.75 , 0.00 , 0.00 , 3
208 , 55.50 , 0.00 , 0.00 , 3
209 , 54.00 , 0.00 , 0.00 , 3
Annealing DNA Now
210 , 53.00 , 0.00 , 51.25 , 3
211 , 52.25 , 0.00 , 71.25 , 3
212 , 52.25 , 0.00 , 90.00 , 3
213 , 53.75 , 0.00 , 93.75 , 3
214 , 55.00 , 0.00 , 60.00 , 3
215 , 55.25 , 0.00 , 25.00 , 3
216 , 55.25 , 0.00 , 8.75 , 3
217 , 55.25 , 0.00 , 0.00 , 3
218 , 54.75 , 0.00 , 0.00 , 3
219 , 54.00 , 0.00 , 0.00 , 3
Going to Extension Temperature
220 , 53.25 , 250.00 , 0.00 , 3
221 , 53.75 , 250.00 , 0.00 , 3
222 , 56.75 , 250.00 , 0.00 , 3
223 , 59.25 , 250.00 , 0.00 , 3
224 , 63.50 , 250.00 , 0.00 , 3
225 , 67.00 , 250.00 , 0.00 , 3
226 , 69.50 , 250.00 , 0.00 , 3
227 , 73.25 , 250.00 , 0.00 , 3
Extending DNA Now
228 , 76.50 , 218.75 , 0.00 , 3
229 , 79.00 , 131.25 , 0.00 , 3
230 , 80.00 , 46.25 , 0.00 , 3
231 , 79.50 , 0.00 , 0.00 , 3
232 , 78.00 , 0.00 , 0.00 , 3
233 , 76.00 , 0.00 , 0.00 , 3
234 , 75.00 , 0.00 , 0.00 , 3
235 , 73.25 , 0.00 , 0.00 , 3
236 , 72.25 , 12.50 , 0.00 , 3
237 , 71.25 , 31.25 , 0.00 , 3
238 , 70.25 , 55.00 , 0.00 , 3
239 , 69.25 , 83.75 , 0.00 , 3
240 , 69.25 , 117.50 , 0.00 , 3
241 , 69.75 , 131.25 , 0.00 , 3
242 , 71.00 , 132.50 , 0.00 , 3
243 , 71.25 , 112.50 , 0.00 , 3
244 , 72.75 , 111.25 , 0.00 , 3
245 , 73.25 , 77.50 , 0.00 , 3
246 , 73.25 , 61.25 , 0.00 , 3
247 , 72.50 , 55.00 , 0.00 , 3
248 , 72.25 , 55.00 , 0.00 , 3
Going to Denaturing Temperature
249 , 72.00 , 250.00 , 0.00 , 4
250 , 75.50 , 250.00 , 0.00 , 4
251 , 81.00 , 250.00 , 0.00 , 4
252 , 86.50 , 250.00 , 0.00 , 4
253 , 91.50 , 250.00 , 0.00 , 4
254 , 96.00 , 250.00 , 0.00 , 4
Denaturing DNA Now
255 , 100.00 , 150.00 , 0.00 , 4
256 , 102.50 , 30.00 , 0.00 , 4
257 , 100.50 , 0.00 , 0.00 , 4
258 , 98.00 , 0.00 , 0.00 , 4
259 , 95.25 , 0.00 , 0.00 , 4
Going to Annealing Temperature
260 , 93.25 , 0.00 , 0.00 , 4
261 , 91.25 , 0.00 , 0.00 , 4
262 , 89.25 , 0.00 , 0.00 , 4
263 , 87.00 , 0.00 , 0.00 , 4
264 , 84.75 , 0.00 , 0.00 , 4
265 , 82.25 , 0.00 , 0.00 , 4
266 , 79.25 , 0.00 , 0.00 , 4
267 , 77.25 , 0.00 , 0.00 , 4
268 , 75.00 , 0.00 , 0.00 , 4
269 , 72.75 , 0.00 , 0.00 , 4
270 , 70.75 , 0.00 , 0.00 , 4
271 , 68.75 , 0.00 , 0.00 , 4
272 , 66.75 , 0.00 , 0.00 , 4
273 , 65.00 , 0.00 , 0.00 , 4
274 , 63.00 , 0.00 , 0.00 , 4
275 , 61.75 , 0.00 , 0.00 , 4
276 , 59.25 , 0.00 , 0.00 , 4
277 , 58.25 , 0.00 , 0.00 , 4
278 , 56.75 , 0.00 , 0.00 , 4
279 , 55.75 , 0.00 , 0.00 , 4
280 , 54.25 , 0.00 , 0.00 , 4
Annealing DNA Now
281 , 53.25 , 0.00 , 33.75 , 4
282 , 52.25 , 0.00 , 52.50 , 4
283 , 52.25 , 0.00 , 76.25 , 4
284 , 52.75 , 0.00 , 80.00 , 4
285 , 53.50 , 0.00 , 71.25 , 4
286 , 54.50 , 0.00 , 53.75 , 4
287 , 55.50 , 0.00 , 26.25 , 4
288 , 55.00 , 0.00 , 0.00 , 4
289 , 54.50 , 0.00 , 0.00 , 4
290 , 54.50 , 0.00 , 0.00 , 4
Going to Extension Temperature
291 , 53.50 , 250.00 , 0.00 , 4
292 , 54.00 , 250.00 , 0.00 , 4
293 , 57.00 , 250.00 , 0.00 , 4
294 , 59.75 , 250.00 , 0.00 , 4
295 , 63.00 , 250.00 , 0.00 , 4
296 , 67.00 , 250.00 , 0.00 , 4
297 , 69.50 , 250.00 , 0.00 , 4
298 , 73.50 , 250.00 , 0.00 , 4
Extending DNA Now
299 , 76.25 , 212.50 , 0.00 , 4
300 , 78.25 , 136.25 , 0.00 , 4
301 , 80.00 , 65.00 , 0.00 , 4
302 , 79.00 , 0.00 , 0.00 , 4
303 , 78.00 , 0.00 , 0.00 , 4
304 , 76.50 , 0.00 , 0.00 , 4
305 , 75.00 , 0.00 , 0.00 , 4
306 , 73.75 , 0.00 , 0.00 , 4
307 , 72.50 , 3.75 , 0.00 , 4
308 , 70.75 , 26.25 , 0.00 , 4
309 , 70.00 , 67.50 , 0.00 , 4
310 , 70.00 , 92.50 , 0.00 , 4
311 , 70.00 , 102.50 , 0.00 , 4
312 , 70.00 , 112.50 , 0.00 , 4
313 , 70.75 , 122.50 , 0.00 , 4
314 , 71.75 , 113.75 , 0.00 , 4
315 , 72.50 , 95.00 , 0.00 , 4
316 , 72.25 , 77.50 , 0.00 , 4
317 , 72.50 , 81.25 , 0.00 , 4
318 , 72.50 , 73.75 , 0.00 , 4
319 , 73.00 , 73.75 , 0.00 , 4
Going to Denaturing Temperature
320 , 72.75 , 250.00 , 0.00 , 5
321 , 76.50 , 250.00 , 0.00 , 5
322 , 81.75 , 250.00 , 0.00 , 5
323 , 87.50 , 250.00 , 0.00 , 5
324 , 92.50 , 250.00 , 0.00 , 5
Denaturing DNA Now
325 , 96.25 , 237.50 , 0.00 , 5
326 , 101.25 , 141.25 , 0.00 , 5
327 , 102.75 , 0.00 , 0.00 , 5
328 , 100.75 , 0.00 , 0.00 , 5
329 , 98.25 , 0.00 , 0.00 , 5
Going to Annealing Temperature
330 , 95.75 , 0.00 , 0.00 , 5
331 , 93.25 , 0.00 , 0.00 , 5
332 , 91.25 , 0.00 , 0.00 , 5
333 , 88.75 , 0.00 , 0.00 , 5
334 , 86.25 , 0.00 , 0.00 , 5
335 , 83.75 , 0.00 , 0.00 , 5
336 , 80.75 , 0.00 , 0.00 , 5
337 , 78.75 , 0.00 , 0.00 , 5
338 , 76.50 , 0.00 , 0.00 , 5
339 , 74.00 , 0.00 , 0.00 , 5
340 , 72.00 , 0.00 , 0.00 , 5
341 , 70.00 , 0.00 , 0.00 , 5
342 , 68.00 , 0.00 , 0.00 , 5
343 , 66.00 , 0.00 , 0.00 , 5
344 , 64.25 , 0.00 , 0.00 , 5
345 , 62.75 , 0.00 , 0.00 , 5
346 , 60.25 , 0.00 , 0.00 , 5
347 , 59.50 , 0.00 , 0.00 , 5
348 , 57.50 , 0.00 , 0.00 , 5
349 , 56.75 , 0.00 , 0.00 , 5
350 , 55.00 , 0.00 , 0.00 , 5
Annealing DNA Now
351 , 53.50 , 0.00 , 32.50 , 5
352 , 52.50 , 0.00 , 60.00 , 5
353 , 52.75 , 0.00 , 82.50 , 5
354 , 54.00 , 0.00 , 78.75 , 5
355 , 55.00 , 0.00 , 48.75 , 5
356 , 55.00 , 0.00 , 18.75 , 5
357 , 55.00 , 0.00 , 8.75 , 5
358 , 54.50 , 0.00 , 0.00 , 5
359 , 53.75 , 0.00 , 1.25 , 5
360 , 53.50 , 0.00 , 12.50 , 5
Going to Extension Temperature
361 , 52.50 , 250.00 , 12.50 , 5
362 , 55.50 , 250.00 , 12.50 , 5
363 , 58.25 , 250.00 , 12.50 , 5
364 , 61.75 , 250.00 , 12.50 , 5
365 , 65.25 , 250.00 , 12.50 , 5
366 , 68.25 , 250.00 , 12.50 , 5
367 , 72.00 , 250.00 , 12.50 , 5
Extending DNA Now
368 , 75.00 , 250.00 , 12.50 , 5
369 , 77.75 , 175.00 , 12.50 , 5
370 , 79.25 , 91.25 , 12.50 , 5
371 , 79.75 , 25.00 , 12.50 , 5
372 , 78.25 , 0.00 , 12.50 , 5
373 , 77.25 , 0.00 , 12.50 , 5
374 , 75.50 , 0.00 , 12.50 , 5
375 , 74.00 , 0.00 , 12.50 , 5
376 , 73.00 , 6.25 , 12.50 , 5
377 , 71.50 , 21.25 , 12.50 , 5
378 , 70.75 , 53.75 , 12.50 , 5
379 , 69.75 , 75.00 , 12.50 , 5
380 , 70.00 , 106.25 , 12.50 , 5
381 , 70.50 , 111.25 , 12.50 , 5
382 , 70.50 , 108.75 , 12.50 , 5
383 , 71.50 , 116.25 , 12.50 , 5
384 , 71.25 , 98.75 , 12.50 , 5
385 , 72.50 , 107.50 , 12.50 , 5
386 , 72.00 , 80.00 , 12.50 , 5
387 , 72.75 , 90.00 , 12.50 , 5
388 , 72.75 , 90.00 , 12.50 , 5
Going to Denaturing Temperature
389 , 73.00 , 250.00 , 12.50 , 6
390 , 77.25 , 250.00 , 12.50 , 6
391 , 82.00 , 250.00 , 12.50 , 6
392 , 87.75 , 250.00 , 12.50 , 6
393 , 92.50 , 250.00 , 12.50 , 6
Denaturing DNA Now
394 , 96.75 , 237.50 , 12.50 , 6
395 , 100.50 , 128.75 , 12.50 , 6
396 , 101.25 , 11.25 , 12.50 , 6
397 , 99.75 , 0.00 , 12.50 , 6
398 , 96.50 , 0.00 , 12.50 , 6
Going to Annealing Temperature
399 , 93.75 , 0.00 , 12.50 , 6
400 , 92.00 , 0.00 , 12.50 , 6
401 , 90.25 , 0.00 , 12.50 , 6
402 , 87.50 , 0.00 , 12.50 , 6
403 , 85.00 , 0.00 , 12.50 , 6
404 , 82.50 , 0.00 , 12.50 , 6
405 , 80.00 , 0.00 , 12.50 , 6
406 , 77.75 , 0.00 , 12.50 , 6
407 , 75.25 , 0.00 , 12.50 , 6
408 , 73.50 , 0.00 , 12.50 , 6
410 , 71.00 , 0.00 , 12.50 , 6
411 , 69.00 , 0.00 , 12.50 , 6
412 , 67.00 , 0.00 , 12.50 , 6
413 , 64.75 , 0.00 , 12.50 , 6
414 , 63.50 , 0.00 , 12.50 , 6
415 , 61.50 , 0.00 , 12.50 , 6
416 , 60.00 , 0.00 , 12.50 , 6
417 , 58.75 , 0.00 , 12.50 , 6
418 , 57.25 , 0.00 , 12.50 , 6
419 , 56.25 , 0.00 , 12.50 , 6
420 , 54.75 , 0.00 , 12.50 , 6
Annealing DNA Now
421 , 53.00 , 0.00 , 52.50 , 6
422 , 52.50 , 0.00 , 87.50 , 6
423 , 53.50 , 0.00 , 100.00 , 6
424 , 54.25 , 0.00 , 77.50 , 6
425 , 55.25 , 0.00 , 56.25 , 6
426 , 55.75 , 0.00 , 25.00 , 6
427 , 56.25 , 0.00 , 1.25 , 6
428 , 55.25 , 0.00 , 0.00 , 6
429 , 54.75 , 0.00 , 0.00 , 6
430 , 54.50 , 0.00 , 0.00 , 6
Going to Extension Temperature
431 , 54.00 , 250.00 , 0.00 , 6
432 , 53.75 , 250.00 , 0.00 , 6
433 , 56.50 , 250.00 , 0.00 , 6
434 , 60.25 , 250.00 , 0.00 , 6
435 , 63.50 , 250.00 , 0.00 , 6
436 , 67.00 , 250.00 , 0.00 , 6
437 , 70.00 , 250.00 , 0.00 , 6
438 , 73.50 , 250.00 , 0.00 , 6
Extending DNA Now
439 , 76.50 , 212.50 , 0.00 , 6
440 , 79.00 , 130.00 , 0.00 , 6
441 , 80.00 , 45.00 , 0.00 , 6
442 , 79.25 , 0.00 , 0.00 , 6
443 , 77.50 , 0.00 , 0.00 , 6
444 , 76.50 , 0.00 , 0.00 , 6
445 , 75.00 , 0.00 , 0.00 , 6
446 , 73.50 , 0.00 , 0.00 , 6
447 , 72.75 , 6.25 , 0.00 , 6
448 , 71.50 , 17.50 , 0.00 , 6
449 , 70.25 , 45.00 , 0.00 , 6
450 , 69.50 , 78.75 , 0.00 , 6
451 , 69.50 , 106.25 , 0.00 , 6
452 , 70.00 , 118.75 , 0.00 , 6
453 , 70.75 , 118.75 , 0.00 , 6
454 , 71.50 , 110.00 , 0.00 , 6
455 , 72.25 , 97.50 , 0.00 , 6
456 , 73.00 , 81.25 , 0.00 , 6
457 , 72.50 , 61.25 , 0.00 , 6
458 , 72.50 , 68.75 , 0.00 , 6
459 , 71.75 , 68.75 , 0.00 , 6
Going to Denaturing Temperature
460 , 71.75 , 250.00 , 0.00 , 7
461 , 75.75 , 250.00 , 0.00 , 7
462 , 80.75 , 250.00 , 0.00 , 7
463 , 86.50 , 250.00 , 0.00 , 7
464 , 91.75 , 250.00 , 0.00 , 7
465 , 96.00 , 250.00 , 0.00 , 7
Denaturing DNA Now
466 , 100.00 , 150.00 , 0.00 , 7
467 , 102.25 , 30.00 , 0.00 , 7
468 , 100.50 , 0.00 , 0.00 , 7
469 , 98.25 , 0.00 , 0.00 , 7
470 , 95.50 , 0.00 , 0.00 , 7
Going to Annealing Temperature
471 , 93.00 , 0.00 , 0.00 , 7
472 , 91.50 , 0.00 , 0.00 , 7
473 , 89.00 , 0.00 , 0.00 , 7
474 , 87.25 , 0.00 , 0.00 , 7
475 , 85.00 , 0.00 , 0.00 , 7
476 , 82.25 , 0.00 , 0.00 , 7
477 , 79.50 , 0.00 , 0.00 , 7
478 , 77.00 , 0.00 , 0.00 , 7
479 , 75.00 , 0.00 , 0.00 , 7
480 , 72.75 , 0.00 , 0.00 , 7
481 , 71.00 , 0.00 , 0.00 , 7
482 , 69.00 , 0.00 , 0.00 , 7
483 , 66.75 , 0.00 , 0.00 , 7
484 , 64.50 , 0.00 , 0.00 , 7
485 , 63.00 , 0.00 , 0.00 , 7
486 , 61.75 , 0.00 , 0.00 , 7
487 , 60.25 , 0.00 , 0.00 , 7
488 , 58.50 , 0.00 , 0.00 , 7
489 , 57.50 , 0.00 , 0.00 , 7
490 , 55.75 , 0.00 , 0.00 , 7
491 , 54.50 , 0.00 , 0.00 , 7
Annealing DNA Now
492 , 53.00 , 0.00 , 27.50 , 7
493 , 52.50 , 0.00 , 57.50 , 7
494 , 52.00 , 0.00 , 70.00 , 7
495 , 53.00 , 0.00 , 85.00 , 7
496 , 54.25 , 0.00 , 65.00 , 7
497 , 55.00 , 0.00 , 33.75 , 7
498 , 55.00 , 0.00 , 8.75 , 7
499 , 54.25 , 0.00 , 0.00 , 7
500 , 54.25 , 0.00 , 7.50 , 7
501 , 53.75 , 0.00 , 1.25 , 7
Going to Extension Temperature
502 , 53.25 , 250.00 , 1.25 , 7
503 , 54.50 , 250.00 , 1.25 , 7
504 , 57.50 , 250.00 , 1.25 , 7
505 , 60.50 , 250.00 , 1.25 , 7
506 , 64.25 , 250.00 , 1.25 , 7
507 , 67.50 , 250.00 , 1.25 , 7
508 , 70.00 , 250.00 , 1.25 , 7
509 , 73.75 , 250.00 , 1.25 , 7
Extending DNA Now
510 , 76.25 , 206.25 , 1.25 , 7
511 , 78.00 , 135.00 , 1.25 , 7
512 , 79.00 , 70.00 , 1.25 , 7
513 , 79.00 , 15.00 , 1.25 , 7
514 , 77.50 , 0.00 , 1.25 , 7
515 , 76.00 , 0.00 , 1.25 , 7
516 , 74.25 , 0.00 , 1.25 , 7
517 , 73.50 , 16.25 , 1.25 , 7
518 , 71.75 , 23.75 , 1.25 , 7
519 , 70.75 , 60.00 , 1.25 , 7
520 , 70.75 , 86.25 , 1.25 , 7
521 , 70.50 , 92.50 , 1.25 , 7
522 , 70.75 , 105.00 , 1.25 , 7
523 , 71.25 , 106.25 , 1.25 , 7
524 , 71.75 , 100.00 , 1.25 , 7
525 , 71.75 , 91.25 , 1.25 , 7
526 , 72.50 , 92.50 , 1.25 , 7
527 , 72.50 , 75.00 , 1.25 , 7
528 , 72.50 , 72.50 , 1.25 , 7
529 , 72.00 , 70.00 , 1.25 , 7
530 , 72.00 , 70.00 , 1.25 , 7
Going to Denaturing Temperature
531 , 71.50 , 250.00 , 1.25 , 8
532 , 76.00 , 250.00 , 1.25 , 8
533 , 81.00 , 250.00 , 1.25 , 8
534 , 86.25 , 250.00 , 1.25 , 8
535 , 91.25 , 250.00 , 1.25 , 8
536 , 95.50 , 250.00 , 1.25 , 8
Denaturing DNA Now
537 , 100.00 , 162.50 , 1.25 , 8
538 , 102.00 , 32.50 , 1.25 , 8
539 , 100.25 , 0.00 , 1.25 , 8
540 , 98.00 , 0.00 , 1.25 , 8
541 , 96.00 , 0.00 , 1.25 , 8
Going to Annealing Temperature
542 , 93.75 , 0.00 , 1.25 , 8
543 , 91.75 , 0.00 , 1.25 , 8
544 , 88.75 , 0.00 , 1.25 , 8
545 , 87.00 , 0.00 , 1.25 , 8
546 , 84.50 , 0.00 , 1.25 , 8
547 , 82.00 , 0.00 , 1.25 , 8
548 , 79.75 , 0.00 , 1.25 , 8
549 , 77.75 , 0.00 , 1.25 , 8
550 , 75.00 , 0.00 , 1.25 , 8
551 , 72.75 , 0.00 , 1.25 , 8
552 , 70.75 , 0.00 , 1.25 , 8
553 , 69.00 , 0.00 , 1.25 , 8
554 , 66.75 , 0.00 , 1.25 , 8
555 , 65.00 , 0.00 , 1.25 , 8
556 , 63.25 , 0.00 , 1.25 , 8
557 , 61.75 , 0.00 , 1.25 , 8
558 , 59.75 , 0.00 , 1.25 , 8
559 , 58.75 , 0.00 , 1.25 , 8
560 , 57.00 , 0.00 , 1.25 , 8
561 , 55.50 , 0.00 , 1.25 , 8
562 , 54.50 , 0.00 , 1.25 , 8
Annealing DNA Now
563 , 53.25 , 0.00 , 33.75 , 8
564 , 52.25 , 0.00 , 57.50 , 8
565 , 52.50 , 0.00 , 81.25 , 8
566 , 53.50 , 0.00 , 78.75 , 8
567 , 54.00 , 0.00 , 56.25 , 8
568 , 55.00 , 0.00 , 41.25 , 8
569 , 54.50 , 0.00 , 11.25 , 8
570 , 53.75 , 0.00 , 13.75 , 8
571 , 54.00 , 0.00 , 25.00 , 8
572 , 53.75 , 0.00 , 15.00 , 8
Going to Extension Temperature
573 , 53.25 , 250.00 , 15.00 , 8
574 , 55.00 , 250.00 , 15.00 , 8
575 , 58.25 , 250.00 , 15.00 , 8
576 , 62.00 , 250.00 , 15.00 , 8
577 , 65.25 , 250.00 , 15.00 , 8
578 , 68.25 , 250.00 , 15.00 , 8
579 , 71.00 , 250.00 , 15.00 , 8
Extending DNA Now
580 , 74.00 , 250.00 , 15.00 , 8
581 , 76.25 , 200.00 , 15.00 , 8
582 , 78.50 , 133.75 , 15.00 , 8
583 , 78.50 , 56.25 , 15.00 , 8
584 , 78.00 , 23.75 , 15.00 , 8
585 , 77.00 , 3.75 , 15.00 , 8
586 , 74.75 , 0.00 , 15.00 , 8
587 , 74.00 , 30.00 , 15.00 , 8
588 , 72.75 , 35.00 , 15.00 , 8
589 , 71.50 , 56.25 , 15.00 , 8
590 , 71.25 , 83.75 , 15.00 , 8
591 , 71.50 , 92.50 , 15.00 , 8
592 , 71.50 , 90.00 , 15.00 , 8
593 , 71.50 , 92.50 , 15.00 , 8
594 , 71.50 , 95.00 , 15.00 , 8
595 , 72.25 , 97.50 , 15.00 , 8
596 , 72.25 , 81.25 , 15.00 , 8
597 , 72.50 , 80.00 , 15.00 , 8
598 , 72.50 , 72.50 , 15.00 , 8
599 , 72.00 , 70.00 , 15.00 , 8
600 , 72.00 , 70.00 , 15.00 , 8
Going to Denaturing Temperature
601 , 71.75 , 250.00 , 15.00 , 9
602 , 75.25 , 250.00 , 15.00 , 9
603 , 80.50 , 250.00 , 15.00 , 9
604 , 85.50 , 250.00 , 15.00 , 9
605 , 90.25 , 250.00 , 15.00 , 9
606 , 94.50 , 250.00 , 15.00 , 9
Denaturing DNA Now
607 , 97.75 , 187.50 , 15.00 , 9
608 , 100.75 , 93.75 , 15.00 , 9
609 , 101.00 , 0.00 , 15.00 , 9
610 , 98.25 , 0.00 , 15.00 , 9
611 , 96.25 , 0.00 , 15.00 , 9
Going to Annealing Temperature
612 , 94.00 , 0.00 , 15.00 , 9
613 , 91.75 , 0.00 , 15.00 , 9
614 , 89.25 , 0.00 , 15.00 , 9
615 , 87.25 , 0.00 , 15.00 , 9
616 , 84.75 , 0.00 , 15.00 , 9
617 , 81.75 , 0.00 , 15.00 , 9
618 , 79.50 , 0.00 , 15.00 , 9
619 , 77.75 , 0.00 , 15.00 , 9
620 , 74.75 , 0.00 , 15.00 , 9
621 , 73.00 , 0.00 , 15.00 , 9
622 , 70.25 , 0.00 , 15.00 , 9
623 , 68.75 , 0.00 , 15.00 , 9
624 , 66.75 , 0.00 , 15.00 , 9
625 , 65.25 , 0.00 , 15.00 , 9
626 , 62.75 , 0.00 , 15.00 , 9
627 , 61.00 , 0.00 , 15.00 , 9
628 , 59.75 , 0.00 , 15.00 , 9
629 , 58.00 , 0.00 , 15.00 , 9
630 , 57.00 , 0.00 , 15.00 , 9
631 , 55.50 , 0.00 , 15.00 , 9
632 , 54.25 , 0.00 , 15.00 , 9
Annealing DNA Now
633 , 53.50 , 0.00 , 57.50 , 9
634 , 52.00 , 0.00 , 70.00 , 9
635 , 52.75 , 0.00 , 105.00 , 9
636 , 54.00 , 0.00 , 91.25 , 9
637 , 54.75 , 0.00 , 61.25 , 9
638 , 56.00 , 0.00 , 37.50 , 9
639 , 55.75 , 0.00 , 0.00 , 9
640 , 55.25 , 0.00 , 0.00 , 9
641 , 54.75 , 0.00 , 0.00 , 9
642 , 54.25 , 0.00 , 0.00 , 9
Going to Extension Temperature
643 , 53.25 , 250.00 , 0.00 , 9
644 , 54.00 , 250.00 , 0.00 , 9
645 , 56.25 , 250.00 , 0.00 , 9
646 , 59.50 , 250.00 , 0.00 , 9
647 , 62.75 , 250.00 , 0.00 , 9
648 , 65.75 , 250.00 , 0.00 , 9
649 , 69.00 , 250.00 , 0.00 , 9
650 , 72.00 , 250.00 , 0.00 , 9
Extending DNA Now
651 , 74.75 , 250.00 , 0.00 , 9
652 , 77.00 , 181.25 , 0.00 , 9
653 , 78.50 , 111.25 , 0.00 , 9
654 , 79.00 , 48.75 , 0.00 , 9
655 , 78.50 , 3.75 , 0.00 , 9
656 , 76.75 , 0.00 , 0.00 , 9
657 , 75.50 , 0.00 , 0.00 , 9
658 , 73.50 , 0.00 , 0.00 , 9
659 , 72.25 , 32.50 , 0.00 , 9
660 , 71.00 , 56.25 , 0.00 , 9
661 , 70.75 , 86.25 , 0.00 , 9
662 , 70.25 , 97.50 , 0.00 , 9
663 , 70.50 , 116.25 , 0.00 , 9
664 , 71.75 , 118.75 , 0.00 , 9
665 , 72.25 , 95.00 , 0.00 , 9
666 , 72.50 , 83.75 , 0.00 , 9
667 , 72.00 , 76.25 , 0.00 , 9
668 , 72.50 , 86.25 , 0.00 , 9
669 , 72.25 , 73.75 , 0.00 , 9
670 , 72.50 , 77.50 , 0.00 , 9
671 , 72.25 , 77.50 , 0.00 , 9
Going to Denaturing Temperature
672 , 71.50 , 250.00 , 0.00 , 10
673 , 76.00 , 250.00 , 0.00 , 10
674 , 80.75 , 250.00 , 0.00 , 10
675 , 86.00 , 250.00 , 0.00 , 10
676 , 90.25 , 250.00 , 0.00 , 10
677 , 94.75 , 250.00 , 0.00 , 10
Denaturing DNA Now
678 , 99.00 , 181.25 , 0.00 , 10
679 , 101.00 , 61.25 , 0.00 , 10
680 , 99.75 , 0.00 , 0.00 , 10
681 , 98.00 , 0.00 , 0.00 , 10
682 , 95.50 , 0.00 , 0.00 , 10
Going to Annealing Temperature
683 , 93.50 , 0.00 , 0.00 , 10
684 , 91.00 , 0.00 , 0.00 , 10
685 , 89.00 , 0.00 , 0.00 , 10
686 , 87.00 , 0.00 , 0.00 , 10
687 , 84.50 , 0.00 , 0.00 , 10
688 , 81.75 , 0.00 , 0.00 , 10
689 , 78.75 , 0.00 , 0.00 , 10
690 , 77.00 , 0.00 , 0.00 , 10
691 , 75.25 , 0.00 , 0.00 , 10
692 , 72.75 , 0.00 , 0.00 , 10
693 , 70.75 , 0.00 , 0.00 , 10
694 , 68.50 , 0.00 , 0.00 , 10
695 , 66.75 , 0.00 , 0.00 , 10
696 , 65.00 , 0.00 , 0.00 , 10
697 , 63.25 , 0.00 , 0.00 , 10
698 , 61.00 , 0.00 , 0.00 , 10
699 , 60.00 , 0.00 , 0.00 , 10
700 , 58.50 , 0.00 , 0.00 , 10
701 , 57.50 , 0.00 , 0.00 , 10
702 , 55.50 , 0.00 , 0.00 , 10
703 , 54.75 , 0.00 , 0.00 , 10
Annealing DNA Now
704 , 53.00 , 0.00 , 43.75 , 10
705 , 52.25 , 0.00 , 78.75 , 10
706 , 52.50 , 0.00 , 97.50 , 10
707 , 54.00 , 0.00 , 95.00 , 10
708 , 55.50 , 0.00 , 60.00 , 10
709 , 55.75 , 0.00 , 17.50 , 10
710 , 55.50 , 0.00 , 0.00 , 10
711 , 54.75 , 0.00 , 0.00 , 10
712 , 54.50 , 0.00 , 0.00 , 10
713 , 54.00 , 0.00 , 0.00 , 10
Going to Extension Temperature
714 , 53.25 , 250.00 , 0.00 , 10
715 , 53.75 , 250.00 , 0.00 , 10
716 , 56.00 , 250.00 , 0.00 , 10
717 , 59.25 , 250.00 , 0.00 , 10
718 , 62.50 , 250.00 , 0.00 , 10
719 , 66.00 , 250.00 , 0.00 , 10
720 , 68.75 , 250.00 , 0.00 , 10
721 , 71.75 , 250.00 , 0.00 , 10
Extending DNA Now
722 , 74.75 , 250.00 , 0.00 , 10
723 , 77.25 , 181.25 , 0.00 , 10
724 , 78.50 , 105.00 , 0.00 , 10
725 , 79.00 , 47.50 , 0.00 , 10
726 , 77.75 , 2.50 , 0.00 , 10
727 , 76.75 , 0.00 , 0.00 , 10
728 , 75.25 , 0.00 , 0.00 , 10
729 , 74.00 , 8.75 , 0.00 , 10
730 , 72.75 , 23.75 , 0.00 , 10
731 , 71.75 , 45.00 , 0.00 , 10
732 , 70.50 , 66.25 , 0.00 , 10
733 , 70.75 , 98.75 , 0.00 , 10
734 , 70.75 , 100.00 , 0.00 , 10
735 , 71.00 , 106.25 , 0.00 , 10
736 , 71.50 , 106.25 , 0.00 , 10
737 , 72.00 , 98.75 , 0.00 , 10
738 , 72.25 , 88.75 , 0.00 , 10
739 , 72.50 , 82.50 , 0.00 , 10
740 , 72.50 , 75.00 , 0.00 , 10
741 , 72.00 , 72.50 , 0.00 , 10
742 , 71.75 , 72.50 , 0.00 , 10
Going to Denaturing Temperature
743 , 71.75 , 250.00 , 0.00 , 11
744 , 75.75 , 250.00 , 0.00 , 11
745 , 80.00 , 250.00 , 0.00 , 11
746 , 85.25 , 250.00 , 0.00 , 11
747 , 89.75 , 250.00 , 0.00 , 11
748 , 94.00 , 250.00 , 0.00 , 11
Denaturing DNA Now
749 , 97.75 , 200.00 , 0.00 , 11
750 , 100.75 , 96.25 , 0.00 , 11
751 , 100.50 , 0.00 , 0.00 , 11
752 , 98.50 , 0.00 , 0.00 , 11
753 , 96.00 , 0.00 , 0.00 , 11
Going to Annealing Temperature
754 , 94.25 , 0.00 , 0.00 , 11
755 , 92.25 , 0.00 , 0.00 , 11
756 , 89.75 , 0.00 , 0.00 , 11
757 , 87.75 , 0.00 , 0.00 , 11
758 , 85.25 , 0.00 , 0.00 , 11
759 , 82.00 , 0.00 , 0.00 , 11
760 , 79.75 , 0.00 , 0.00 , 11
761 , 77.50 , 0.00 , 0.00 , 11
762 , 75.75 , 0.00 , 0.00 , 11
763 , 73.00 , 0.00 , 0.00 , 11
764 , 71.25 , 0.00 , 0.00 , 11
765 , 68.50 , 0.00 , 0.00 , 11
766 , 67.00 , 0.00 , 0.00 , 11
767 , 65.25 , 0.00 , 0.00 , 11
768 , 63.25 , 0.00 , 0.00 , 11
769 , 61.75 , 0.00 , 0.00 , 11
770 , 60.00 , 0.00 , 0.00 , 11
771 , 58.75 , 0.00 , 0.00 , 11
772 , 57.25 , 0.00 , 0.00 , 11
773 , 56.00 , 0.00 , 0.00 , 11
774 , 54.50 , 0.00 , 0.00 , 11
Annealing DNA Now
775 , 53.00 , 0.00 , 55.00 , 11
776 , 52.50 , 0.00 , 85.00 , 11
777 , 53.25 , 0.00 , 97.50 , 11
778 , 54.50 , 0.00 , 81.25 , 11
779 , 55.50 , 0.00 , 48.75 , 11
780 , 55.50 , 0.00 , 16.25 , 11
781 , 55.00 , 0.00 , 3.75 , 11
782 , 54.50 , 0.00 , 3.75 , 11
783 , 53.25 , 0.00 , 6.25 , 11
784 , 53.25 , 0.00 , 30.00 , 11
Going to Extension Temperature
785 , 53.50 , 250.00 , 30.00 , 11
786 , 55.75 , 250.00 , 30.00 , 11
787 , 58.75 , 250.00 , 30.00 , 11
788 , 61.75 , 250.00 , 30.00 , 11
789 , 64.75 , 250.00 , 30.00 , 11
790 , 67.75 , 250.00 , 30.00 , 11
791 , 70.75 , 250.00 , 30.00 , 11
Extending DNA Now
792 , 73.75 , 250.00 , 30.00 , 11
793 , 76.50 , 206.25 , 30.00 , 11
794 , 78.25 , 128.75 , 30.00 , 11
795 , 78.50 , 62.50 , 30.00 , 11
796 , 78.25 , 25.00 , 30.00 , 11
797 , 77.25 , 0.00 , 30.00 , 11
798 , 75.50 , 0.00 , 30.00 , 11
799 , 74.50 , 10.00 , 30.00 , 11
800 , 73.25 , 17.50 , 30.00 , 11
801 , 72.00 , 36.25 , 30.00 , 11
802 , 71.00 , 61.25 , 30.00 , 11
803 , 70.50 , 86.25 , 30.00 , 11
804 , 70.75 , 103.75 , 30.00 , 11
805 , 71.25 , 105.00 , 30.00 , 11
806 , 71.50 , 98.75 , 30.00 , 11
807 , 71.75 , 96.25 , 30.00 , 11
808 , 72.25 , 92.50 , 30.00 , 11
809 , 72.25 , 81.25 , 30.00 , 11
810 , 72.00 , 80.00 , 30.00 , 11
811 , 72.25 , 85.00 , 30.00 , 11
812 , 72.00 , 85.00 , 30.00 , 11
Going to Denaturing Temperature
813 , 71.50 , 250.00 , 30.00 , 12
814 , 75.75 , 250.00 , 30.00 , 12
815 , 80.50 , 250.00 , 30.00 , 12
816 , 85.25 , 250.00 , 30.00 , 12
817 , 89.75 , 250.00 , 30.00 , 12
818 , 94.25 , 250.00 , 30.00 , 12
Denaturing DNA Now
819 , 97.50 , 193.75 , 30.00 , 12
820 , 100.25 , 101.25 , 30.00 , 12
821 , 100.00 , 5.00 , 30.00 , 12
822 , 98.25 , 0.00 , 30.00 , 12
823 , 95.75 , 0.00 , 30.00 , 12
Going to Annealing Temperature
824 , 93.25 , 0.00 , 30.00 , 12
825 , 91.50 , 0.00 , 30.00 , 12
826 , 89.25 , 0.00 , 30.00 , 12
827 , 87.25 , 0.00 , 30.00 , 12
828 , 84.50 , 0.00 , 30.00 , 12
829 , 81.75 , 0.00 , 30.00 , 12
830 , 79.75 , 0.00 , 30.00 , 12
831 , 77.25 , 0.00 , 30.00 , 12
832 , 74.50 , 0.00 , 30.00 , 12
833 , 72.25 , 0.00 , 30.00 , 12
834 , 70.50 , 0.00 , 30.00 , 12
835 , 68.75 , 0.00 , 30.00 , 12
836 , 67.00 , 0.00 , 30.00 , 12
837 , 64.75 , 0.00 , 30.00 , 12
838 , 63.00 , 0.00 , 30.00 , 12
839 , 61.50 , 0.00 , 30.00 , 12
840 , 59.75 , 0.00 , 30.00 , 12
841 , 58.75 , 0.00 , 30.00 , 12
842 , 56.50 , 0.00 , 30.00 , 12
843 , 55.50 , 0.00 , 30.00 , 12
844 , 54.00 , 0.00 , 30.00 , 12
Annealing DNA Now
845 , 53.25 , 0.00 , 73.75 , 12
846 , 51.75 , 0.00 , 87.50 , 12
847 , 53.00 , 0.00 , 123.75 , 12
848 , 54.00 , 0.00 , 98.75 , 12
849 , 56.00 , 0.00 , 73.75 , 12
850 , 56.25 , 0.00 , 18.75 , 12
851 , 56.50 , 0.00 , 0.00 , 12
852 , 56.00 , 0.00 , 0.00 , 12
853 , 54.75 , 0.00 , 0.00 , 12
854 , 55.00 , 0.00 , 0.00 , 12
Going to Extension Temperature
855 , 54.25 , 250.00 , 0.00 , 12
856 , 54.75 , 250.00 , 0.00 , 12
857 , 56.75 , 250.00 , 0.00 , 12
858 , 60.00 , 250.00 , 0.00 , 12
859 , 63.25 , 250.00 , 0.00 , 12
860 , 66.00 , 250.00 , 0.00 , 12
861 , 68.50 , 250.00 , 0.00 , 12
862 , 71.75 , 250.00 , 0.00 , 12
Extending DNA Now
863 , 74.25 , 250.00 , 0.00 , 12
864 , 76.75 , 193.75 , 0.00 , 12
865 , 78.00 , 120.00 , 0.00 , 12
866 , 78.75 , 65.00 , 0.00 , 12
867 , 77.75 , 16.25 , 0.00 , 12
868 , 76.50 , 7.50 , 0.00 , 12
869 , 75.25 , 10.00 , 0.00 , 12
870 , 74.00 , 18.75 , 0.00 , 12
871 , 72.50 , 33.75 , 0.00 , 12
872 , 70.75 , 61.25 , 0.00 , 12
873 , 70.50 , 102.50 , 0.00 , 12
874 , 70.50 , 115.00 , 0.00 , 12
875 , 71.00 , 122.50 , 0.00 , 12
876 , 71.75 , 117.50 , 0.00 , 12
877 , 72.50 , 103.75 , 0.00 , 12
878 , 72.75 , 86.25 , 0.00 , 12
879 , 73.00 , 77.50 , 0.00 , 12
880 , 72.50 , 67.50 , 0.00 , 12
881 , 72.25 , 75.00 , 0.00 , 12
883 , 71.75 , 78.75 , 0.00 , 12
884 , 71.75 , 78.75 , 0.00 , 12
Going to Denaturing Temperature
885 , 71.75 , 250.00 , 0.00 , 13
886 , 75.50 , 250.00 , 0.00 , 13
887 , 80.50 , 250.00 , 0.00 , 13
888 , 85.00 , 250.00 , 0.00 , 13
889 , 89.00 , 250.00 , 0.00 , 13
890 , 93.00 , 250.00 , 0.00 , 13
Denaturing DNA Now
891 , 95.75 , 225.00 , 0.00 , 13
892 , 99.75 , 151.25 , 0.00 , 13
893 , 100.75 , 32.50 , 0.00 , 13
894 , 99.00 , 0.00 , 0.00 , 13
895 , 96.50 , 0.00 , 0.00 , 13
Going to Annealing Temperature
896 , 94.50 , 0.00 , 0.00 , 13
897 , 92.25 , 0.00 , 0.00 , 13
898 , 90.00 , 0.00 , 0.00 , 13
899 , 87.50 , 0.00 , 0.00 , 13
900 , 85.25 , 0.00 , 0.00 , 13
901 , 82.75 , 0.00 , 0.00 , 13
902 , 80.00 , 0.00 , 0.00 , 13
903 , 78.00 , 0.00 , 0.00 , 13
904 , 75.75 , 0.00 , 0.00 , 13
905 , 73.25 , 0.00 , 0.00 , 13
906 , 71.00 , 0.00 , 0.00 , 13
907 , 68.75 , 0.00 , 0.00 , 13
908 , 66.75 , 0.00 , 0.00 , 13
909 , 65.25 , 0.00 , 0.00 , 13
910 , 63.50 , 0.00 , 0.00 , 13
911 , 61.75 , 0.00 , 0.00 , 13
912 , 59.75 , 0.00 , 0.00 , 13
913 , 58.50 , 0.00 , 0.00 , 13
914 , 57.00 , 0.00 , 0.00 , 13
915 , 55.50 , 0.00 , 0.00 , 13
916 , 54.25 , 0.00 , 0.00 , 13
Annealing DNA Now
917 , 53.50 , 0.00 , 77.50 , 13
918 , 52.50 , 0.00 , 90.00 , 13
919 , 53.00 , 0.00 , 112.50 , 13
920 , 54.25 , 0.00 , 102.50 , 13
921 , 56.25 , 0.00 , 71.25 , 13
922 , 56.75 , 0.00 , 15.00 , 13
923 , 56.25 , 0.00 , 0.00 , 13
924 , 55.50 , 0.00 , 0.00 , 13
925 , 55.25 , 0.00 , 0.00 , 13
926 , 54.75 , 0.00 , 0.00 , 13
Going to Extension Temperature
927 , 54.25 , 250.00 , 0.00 , 13
928 , 54.25 , 250.00 , 0.00 , 13
929 , 57.25 , 250.00 , 0.00 , 13
930 , 59.75 , 250.00 , 0.00 , 13
931 , 62.50 , 250.00 , 0.00 , 13
932 , 65.75 , 250.00 , 0.00 , 13
933 , 68.50 , 250.00 , 0.00 , 13
934 , 71.50 , 250.00 , 0.00 , 13
Extending DNA Now
935 , 73.75 , 250.00 , 0.00 , 13
936 , 76.50 , 206.25 , 0.00 , 13
937 , 78.00 , 128.75 , 0.00 , 13
938 , 78.25 , 68.75 , 0.00 , 13
939 , 77.50 , 32.50 , 0.00 , 13
940 , 76.00 , 20.00 , 0.00 , 13
941 , 75.50 , 30.00 , 0.00 , 13
942 , 74.00 , 22.50 , 0.00 , 13
943 , 73.00 , 42.50 , 0.00 , 13
944 , 72.00 , 57.50 , 0.00 , 13
945 , 71.50 , 77.50 , 0.00 , 13
946 , 71.25 , 90.00 , 0.00 , 13
947 , 70.75 , 98.75 , 0.00 , 13
948 , 70.75 , 115.00 , 0.00 , 13
949 , 71.25 , 121.25 , 0.00 , 13
950 , 71.25 , 115.00 , 0.00 , 13
951 , 72.00 , 118.75 , 0.00 , 13
952 , 72.50 , 103.75 , 0.00 , 13
953 , 72.50 , 91.25 , 0.00 , 13
954 , 72.75 , 88.75 , 0.00 , 13
955 , 72.50 , 88.75 , 0.00 , 13
Going to Denaturing Temperature
956 , 72.25 , 250.00 , 0.00 , 14
957 , 75.75 , 250.00 , 0.00 , 14
958 , 80.50 , 250.00 , 0.00 , 14
959 , 84.50 , 250.00 , 0.00 , 14
960 , 88.75 , 250.00 , 0.00 , 14
961 , 92.25 , 250.00 , 0.00 , 14
Denaturing DNA Now
962 , 95.75 , 243.75 , 0.00 , 14
963 , 99.00 , 155.00 , 0.00 , 14
964 , 100.50 , 55.00 , 0.00 , 14
965 , 99.00 , 0.00 , 0.00 , 14
966 , 96.50 , 0.00 , 0.00 , 14
Going to Annealing Temperature
967 , 94.50 , 0.00 , 0.00 , 14
968 , 91.50 , 0.00 , 0.00 , 14
969 , 89.75 , 0.00 , 0.00 , 14
970 , 87.25 , 0.00 , 0.00 , 14
971 , 84.50 , 0.00 , 0.00 , 14
972 , 82.00 , 0.00 , 0.00 , 14
973 , 79.00 , 0.00 , 0.00 , 14
974 , 77.00 , 0.00 , 0.00 , 14
975 , 74.75 , 0.00 , 0.00 , 14
976 , 72.75 , 0.00 , 0.00 , 14
977 , 70.25 , 0.00 , 0.00 , 14
978 , 68.50 , 0.00 , 0.00 , 14
979 , 65.75 , 0.00 , 0.00 , 14
980 , 64.50 , 0.00 , 0.00 , 14
981 , 62.50 , 0.00 , 0.00 , 14
982 , 61.50 , 0.00 , 0.00 , 14
983 , 59.75 , 0.00 , 0.00 , 14
984 , 58.25 , 0.00 , 0.00 , 14
985 , 56.75 , 0.00 , 0.00 , 14
986 , 55.25 , 0.00 , 0.00 , 14
987 , 53.75 , 0.00 , 0.00 , 14
Annealing DNA Now
988 , 53.00 , 0.00 , 98.75 , 14
989 , 51.50 , 0.00 , 113.75 , 14
990 , 53.00 , 0.00 , 125.00 , 14
991 , 54.75 , 0.00 , 121.25 , 14
992 , 56.75 , 0.00 , 77.50 , 14
993 , 57.75 , 0.00 , 18.75 , 14
994 , 57.25 , 0.00 , 0.00 , 14
995 , 56.50 , 0.00 , 0.00 , 14
996 , 55.75 , 0.00 , 0.00 , 14
997 , 55.25 , 0.00 , 0.00 , 14
Going to Extension Temperature
998 , 54.50 , 250.00 , 0.00 , 14
999 , 55.00 , 250.00 , 0.00 , 14
1000 , 57.25 , 250.00 , 0.00 , 14
1001 , 59.75 , 250.00 , 0.00 , 14
1002 , 62.75 , 250.00 , 0.00 , 14
1003 , 66.00 , 250.00 , 0.00 , 14
1004 , 68.25 , 250.00 , 0.00 , 14
1005 , 71.00 , 250.00 , 0.00 , 14
Extending DNA Now
1006 , 73.25 , 250.00 , 0.00 , 14
1007 , 75.00 , 218.75 , 0.00 , 14
1008 , 77.00 , 168.75 , 0.00 , 14
1009 , 78.50 , 103.75 , 0.00 , 14
1010 , 78.25 , 41.25 , 0.00 , 14
1011 , 77.00 , 15.00 , 0.00 , 14
1012 , 75.25 , 15.00 , 0.00 , 14
1013 , 74.25 , 33.75 , 0.00 , 14
1014 , 73.75 , 42.50 , 0.00 , 14
1015 , 72.50 , 43.75 , 0.00 , 14
1016 , 71.25 , 66.25 , 0.00 , 14
1017 , 71.00 , 95.00 , 0.00 , 14
1018 , 70.75 , 105.00 , 0.00 , 14
1019 , 71.25 , 116.25 , 0.00 , 14
1020 , 71.50 , 110.00 , 0.00 , 14
1021 , 71.75 , 107.50 , 0.00 , 14
1022 , 72.25 , 103.75 , 0.00 , 14
1023 , 72.00 , 92.50 , 0.00 , 14
1024 , 72.25 , 97.50 , 0.00 , 14
1025 , 71.50 , 91.25 , 0.00 , 14
1026 , 72.00 , 91.25 , 0.00 , 14
Going to Denaturing Temperature
1027 , 72.00 , 250.00 , 0.00 , 15
1028 , 75.75 , 250.00 , 0.00 , 15
1029 , 80.00 , 250.00 , 0.00 , 15
1030 , 84.00 , 250.00 , 0.00 , 15
1031 , 87.50 , 250.00 , 0.00 , 15
1032 , 90.75 , 250.00 , 0.00 , 15
1033 , 94.50 , 250.00 , 0.00 , 15
Denaturing DNA Now
1034 , 97.50 , 187.50 , 0.00 , 15
1035 , 99.50 , 100.00 , 0.00 , 15
1036 , 99.00 , 22.50 , 0.00 , 15
1037 , 97.00 , 0.00 , 0.00 , 15
1038 , 94.75 , 12.50 , 0.00 , 15
Going to Annealing Temperature
1039 , 92.50 , 12.50 , 0.00 , 15
1040 , 90.00 , 12.50 , 0.00 , 15
1041 , 88.25 , 12.50 , 0.00 , 15
1042 , 85.75 , 12.50 , 0.00 , 15
1043 , 83.75 , 12.50 , 0.00 , 15
1044 , 81.25 , 12.50 , 0.00 , 15
1045 , 78.25 , 12.50 , 0.00 , 15
1046 , 76.25 , 12.50 , 0.00 , 15
1047 , 73.75 , 12.50 , 0.00 , 15
1048 , 71.50 , 12.50 , 0.00 , 15
1049 , 69.75 , 12.50 , 0.00 , 15
1050 , 67.75 , 12.50 , 0.00 , 15
1051 , 66.00 , 12.50 , 0.00 , 15
1052 , 63.75 , 12.50 , 0.00 , 15
1053 , 62.25 , 12.50 , 0.00 , 15
1054 , 60.50 , 12.50 , 0.00 , 15
1055 , 58.75 , 12.50 , 0.00 , 15
1056 , 57.75 , 12.50 , 0.00 , 15
1057 , 56.25 , 12.50 , 0.00 , 15
1058 , 55.00 , 12.50 , 0.00 , 15
Annealing DNA Now
1059 , 54.00 , 12.50 , 62.50 , 15
1060 , 52.50 , 12.50 , 77.50 , 15
1061 , 53.25 , 12.50 , 110.00 , 15
1062 , 55.00 , 12.50 , 93.75 , 15
1063 , 55.75 , 12.50 , 48.75 , 15
1064 , 56.00 , 12.50 , 20.00 , 15
1065 , 55.75 , 12.50 , 0.00 , 15
1066 , 55.00 , 12.50 , 0.00 , 15
1067 , 54.50 , 12.50 , 0.00 , 15
1068 , 54.00 , 12.50 , 0.00 , 15
Going to Extension Temperature
1069 , 53.25 , 250.00 , 0.00 , 15
1070 , 53.75 , 250.00 , 0.00 , 15
1071 , 55.75 , 250.00 , 0.00 , 15
1072 , 59.00 , 250.00 , 0.00 , 15
1073 , 62.00 , 250.00 , 0.00 , 15
1074 , 64.50 , 250.00 , 0.00 , 15
1075 , 66.75 , 250.00 , 0.00 , 15
1076 , 68.75 , 250.00 , 0.00 , 15
1077 , 71.50 , 250.00 , 0.00 , 15
Extending DNA Now
1078 , 74.00 , 250.00 , 0.00 , 15
1079 , 76.50 , 200.00 , 0.00 , 15
1080 , 77.75 , 127.50 , 0.00 , 15
1081 , 78.00 , 73.75 , 0.00 , 15
1082 , 77.25 , 38.75 , 0.00 , 15
1083 , 75.75 , 27.50 , 0.00 , 15
1084 , 74.75 , 38.75 , 0.00 , 15
1085 , 74.25 , 45.00 , 0.00 , 15
1086 , 73.00 , 43.75 , 0.00 , 15
1087 , 72.50 , 63.75 , 0.00 , 15
1088 , 72.00 , 71.25 , 0.00 , 15
1089 , 71.25 , 81.25 , 0.00 , 15
1090 , 71.50 , 100.00 , 0.00 , 15
1091 , 71.75 , 97.50 , 0.00 , 15
1092 , 71.75 , 93.75 , 0.00 , 15
1093 , 71.50 , 95.00 , 0.00 , 15
1094 , 72.00 , 102.50 , 0.00 , 15
1095 , 71.75 , 92.50 , 0.00 , 15
1096 , 72.50 , 98.75 , 0.00 , 15
1097 , 72.25 , 81.25 , 0.00 , 15
1098 , 72.25 , 81.25 , 0.00 , 15
Going to Denaturing Temperature
1099 , 72.25 , 250.00 , 0.00 , 16
1100 , 76.00 , 250.00 , 0.00 , 16
1101 , 79.75 , 250.00 , 0.00 , 16
1102 , 84.25 , 250.00 , 0.00 , 16
1103 , 87.50 , 250.00 , 0.00 , 16
1104 , 91.25 , 250.00 , 0.00 , 16
1105 , 93.75 , 250.00 , 0.00 , 16
Denaturing DNA Now
1106 , 97.25 , 206.25 , 0.00 , 16
1107 , 100.00 , 110.00 , 0.00 , 16
1108 , 100.00 , 15.00 , 0.00 , 16
1109 , 98.25 , 0.00 , 0.00 , 16
1110 , 95.25 , 0.00 , 0.00 , 16
Going to Annealing Temperature
1111 , 93.50 , 0.00 , 0.00 , 16
1112 , 91.50 , 0.00 , 0.00 , 16
1113 , 90.25 , 0.00 , 0.00 , 16
1114 , 88.00 , 0.00 , 0.00 , 16
1115 , 85.75 , 0.00 , 0.00 , 16
1116 , 83.25 , 0.00 , 0.00 , 16
1117 , 80.25 , 0.00 , 0.00 , 16
1118 , 78.50 , 0.00 , 0.00 , 16
1119 , 76.00 , 0.00 , 0.00 , 16
1120 , 73.75 , 0.00 , 0.00 , 16
1121 , 72.00 , 0.00 , 0.00 , 16
1122 , 69.75 , 0.00 , 0.00 , 16
1123 , 68.00 , 0.00 , 0.00 , 16
1124 , 65.75 , 0.00 , 0.00 , 16
1125 , 64.75 , 0.00 , 0.00 , 16
1126 , 62.75 , 0.00 , 0.00 , 16
1127 , 61.25 , 0.00 , 0.00 , 16
1128 , 59.50 , 0.00 , 0.00 , 16
1129 , 58.50 , 0.00 , 0.00 , 16
1130 , 57.00 , 0.00 , 0.00 , 16
1131 , 55.25 , 0.00 , 0.00 , 16
1132 , 54.50 , 0.00 , 0.00 , 16
Annealing DNA Now
1133 , 53.00 , 0.00 , 66.25 , 16
1134 , 52.50 , 0.00 , 96.25 , 16
1135 , 53.50 , 0.00 , 108.75 , 16
1136 , 54.50 , 0.00 , 86.25 , 16
1137 , 55.75 , 0.00 , 58.75 , 16
1138 , 55.50 , 0.00 , 20.00 , 16
1139 , 55.75 , 0.00 , 12.50 , 16
1140 , 54.75 , 0.00 , 0.00 , 16
1141 , 54.50 , 0.00 , 5.00 , 16
1142 , 54.00 , 0.00 , 2.50 , 16
Going to Extension Temperature
1143 , 53.00 , 250.00 , 2.50 , 16
1144 , 55.25 , 250.00 , 2.50 , 16
1145 , 57.75 , 250.00 , 2.50 , 16
1146 , 60.75 , 250.00 , 2.50 , 16
1147 , 63.25 , 250.00 , 2.50 , 16
1148 , 66.25 , 250.00 , 2.50 , 16
1149 , 67.75 , 250.00 , 2.50 , 16
1150 , 70.50 , 250.00 , 2.50 , 16
Extending DNA Now
1151 , 73.00 , 250.00 , 2.50 , 16
1152 , 75.00 , 225.00 , 2.50 , 16
1153 , 76.75 , 170.00 , 2.50 , 16
1154 , 77.50 , 111.25 , 2.50 , 16
1155 , 77.50 , 68.75 , 2.50 , 16
1156 , 77.00 , 41.25 , 2.50 , 16
1157 , 75.75 , 26.25 , 2.50 , 16
1158 , 74.25 , 32.50 , 2.50 , 16
1159 , 73.75 , 51.25 , 2.50 , 16
1160 , 73.25 , 52.50 , 2.50 , 16
1161 , 72.25 , 56.25 , 2.50 , 16
1162 , 71.50 , 75.00 , 2.50 , 16
1163 , 71.00 , 92.50 , 2.50 , 16
1164 , 71.00 , 107.50 , 2.50 , 16
1165 , 70.50 , 112.50 , 2.50 , 16
1166 , 71.50 , 130.00 , 2.50 , 16
1167 , 72.00 , 112.50 , 2.50 , 16
1168 , 72.25 , 102.50 , 2.50 , 16
1169 , 72.50 , 96.25 , 2.50 , 16
1170 , 72.50 , 88.75 , 2.50 , 16
1171 , 71.75 , 88.75 , 2.50 , 16
Going to Denaturing Temperature
1172 , 72.00 , 250.00 , 2.50 , 17
1173 , 75.75 , 250.00 , 2.50 , 17
1174 , 79.25 , 250.00 , 2.50 , 17
1175 , 83.50 , 250.00 , 2.50 , 17
1176 , 86.75 , 250.00 , 2.50 , 17
1177 , 90.00 , 250.00 , 2.50 , 17
1178 , 93.25 , 250.00 , 2.50 , 17
Denaturing DNA Now
1179 , 96.00 , 218.75 , 2.50 , 17
1180 , 98.25 , 143.75 , 2.50 , 17
1181 , 98.25 , 67.50 , 2.50 , 17
1182 , 97.75 , 36.25 , 2.50 , 17
1183 , 95.75 , 17.50 , 2.50 , 17
Going to Annealing Temperature
1184 , 94.00 , 17.50 , 2.50 , 17
1185 , 92.00 , 17.50 , 2.50 , 17
1186 , 90.00 , 17.50 , 2.50 , 17
1187 , 87.25 , 17.50 , 2.50 , 17
1188 , 84.75 , 17.50 , 2.50 , 17
1189 , 82.25 , 17.50 , 2.50 , 17
1190 , 80.00 , 17.50 , 2.50 , 17
1191 , 77.75 , 17.50 , 2.50 , 17
1192 , 74.50 , 17.50 , 2.50 , 17
1193 , 73.00 , 17.50 , 2.50 , 17
1194 , 71.00 , 17.50 , 2.50 , 17
1195 , 69.00 , 17.50 , 2.50 , 17
1196 , 67.00 , 17.50 , 2.50 , 17
1197 , 64.50 , 17.50 , 2.50 , 17
1198 , 63.75 , 17.50 , 2.50 , 17
1199 , 61.75 , 17.50 , 2.50 , 17
1200 , 60.25 , 17.50 , 2.50 , 17
1201 , 58.75 , 17.50 , 2.50 , 17
1202 , 57.00 , 17.50 , 2.50 , 17
1203 , 56.00 , 17.50 , 2.50 , 17
1204 , 54.75 , 17.50 , 2.50 , 17
Annealing DNA Now
1205 , 53.00 , 17.50 , 88.75 , 17
1206 , 52.25 , 17.50 , 123.75 , 17
1207 , 54.00 , 17.50 , 125.00 , 17
1208 , 55.25 , 17.50 , 100.00 , 17
1209 , 56.75 , 17.50 , 63.75 , 17
1210 , 57.25 , 17.50 , 15.00 , 17
1211 , 56.00 , 17.50 , 0.00 , 17
1212 , 56.25 , 17.50 , 0.00 , 17
1213 , 55.75 , 17.50 , 0.00 , 17
1214 , 55.25 , 17.50 , 0.00 , 17
Going to Extension Temperature
1215 , 54.25 , 250.00 , 0.00 , 17
1216 , 54.50 , 250.00 , 0.00 , 17
1217 , 57.25 , 250.00 , 0.00 , 17
1218 , 60.00 , 250.00 , 0.00 , 17
1219 , 62.50 , 250.00 , 0.00 , 17
1220 , 65.25 , 250.00 , 0.00 , 17
1221 , 67.75 , 250.00 , 0.00 , 17
1222 , 69.75 , 250.00 , 0.00 , 17
1223 , 72.00 , 250.00 , 0.00 , 17
Extending DNA Now
1224 , 74.00 , 250.00 , 0.00 , 17
1225 , 76.25 , 200.00 , 0.00 , 17
1226 , 77.75 , 133.75 , 0.00 , 17
1227 , 78.00 , 75.00 , 0.00 , 17
1228 , 77.00 , 40.00 , 0.00 , 17
1229 , 76.25 , 35.00 , 0.00 , 17
1230 , 75.25 , 28.75 , 0.00 , 17
1231 , 73.50 , 32.50 , 0.00 , 17
1232 , 72.75 , 60.00 , 0.00 , 17
1233 , 72.25 , 71.25 , 0.00 , 17
1234 , 72.00 , 80.00 , 0.00 , 17
1235 , 71.75 , 85.00 , 0.00 , 17
1236 , 72.00 , 91.25 , 0.00 , 17
1237 , 72.00 , 86.25 , 0.00 , 17
1238 , 71.50 , 86.25 , 0.00 , 17
1239 , 71.50 , 98.75 , 0.00 , 17
1240 , 72.00 , 101.25 , 0.00 , 17
1241 , 71.50 , 91.25 , 0.00 , 17
1242 , 72.00 , 103.75 , 0.00 , 17
1243 , 72.00 , 93.75 , 0.00 , 17
1244 , 72.25 , 93.75 , 0.00 , 17
Going to Denaturing Temperature
1245 , 72.25 , 250.00 , 0.00 , 18
1246 , 75.75 , 250.00 , 0.00 , 18
1247 , 80.25 , 250.00 , 0.00 , 18
1248 , 83.75 , 250.00 , 0.00 , 18
1249 , 87.25 , 250.00 , 0.00 , 18
1250 , 91.00 , 250.00 , 0.00 , 18
1251 , 93.75 , 250.00 , 0.00 , 18
Denaturing DNA Now
1252 , 96.75 , 206.25 , 0.00 , 18
1253 , 99.00 , 122.50 , 0.00 , 18
1254 , 99.50 , 42.50 , 0.00 , 18
1255 , 97.75 , 0.00 , 0.00 , 18
1256 , 96.00 , 1.25 , 0.00 , 18
Going to Annealing Temperature
1257 , 93.75 , 1.25 , 0.00 , 18
1258 , 91.75 , 1.25 , 0.00 , 18
1259 , 89.75 , 1.25 , 0.00 , 18
1260 , 87.75 , 1.25 , 0.00 , 18
1261 , 85.00 , 1.25 , 0.00 , 18
1262 , 83.00 , 1.25 , 0.00 , 18
1263 , 80.25 , 1.25 , 0.00 , 18
1264 , 78.00 , 1.25 , 0.00 , 18
1265 , 76.00 , 1.25 , 0.00 , 18
1266 , 73.75 , 1.25 , 0.00 , 18
1267 , 71.75 , 1.25 , 0.00 , 18
1268 , 69.50 , 1.25 , 0.00 , 18
1269 , 67.50 , 1.25 , 0.00 , 18
1270 , 66.25 , 1.25 , 0.00 , 18
1271 , 63.75 , 1.25 , 0.00 , 18
1272 , 62.25 , 1.25 , 0.00 , 18
1273 , 61.25 , 1.25 , 0.00 , 18
1274 , 59.50 , 1.25 , 0.00 , 18
1275 , 58.00 , 1.25 , 0.00 , 18
1276 , 56.25 , 1.25 , 0.00 , 18
1277 , 55.75 , 1.25 , 0.00 , 18
1278 , 54.50 , 1.25 , 0.00 , 18
Annealing DNA Now
1279 , 53.25 , 1.25 , 78.75 , 18
1280 , 52.25 , 1.25 , 102.50 , 18
1281 , 53.50 , 1.25 , 125.00 , 18
1282 , 55.00 , 1.25 , 98.75 , 18
1283 , 56.00 , 1.25 , 58.75 , 18
1284 , 56.50 , 1.25 , 23.75 , 18
1285 , 56.00 , 1.25 , 0.00 , 18
1286 , 55.75 , 1.25 , 0.00 , 18
1287 , 55.00 , 1.25 , 0.00 , 18
1288 , 54.50 , 1.25 , 0.00 , 18
Going to Extension Temperature
1289 , 53.50 , 250.00 , 0.00 , 18
1290 , 54.25 , 250.00 , 0.00 , 18
1291 , 56.75 , 250.00 , 0.00 , 18
1292 , 59.00 , 250.00 , 0.00 , 18
1293 , 61.50 , 250.00 , 0.00 , 18
1294 , 64.50 , 250.00 , 0.00 , 18
1295 , 66.50 , 250.00 , 0.00 , 18
1296 , 69.50 , 250.00 , 0.00 , 18
1297 , 71.25 , 250.00 , 0.00 , 18
Extending DNA Now
1298 , 73.50 , 250.00 , 0.00 , 18
1299 , 75.25 , 212.50 , 0.00 , 18
1300 , 77.50 , 161.25 , 0.00 , 18
1301 , 78.00 , 88.75 , 0.00 , 18
1302 , 77.25 , 48.75 , 0.00 , 18
1303 , 76.75 , 37.50 , 0.00 , 18
1304 , 75.75 , 23.75 , 0.00 , 18
1305 , 74.50 , 25.00 , 0.00 , 18
1306 , 73.75 , 37.50 , 0.00 , 18
1307 , 72.50 , 43.75 , 0.00 , 18
1308 , 72.25 , 66.25 , 0.00 , 18
1309 , 71.25 , 70.00 , 0.00 , 18
1310 , 71.25 , 93.75 , 0.00 , 18
1311 , 71.75 , 97.50 , 0.00 , 18
1312 , 71.25 , 88.75 , 0.00 , 18
1313 , 71.25 , 102.50 , 0.00 , 18
1314 , 71.50 , 106.25 , 0.00 , 18
1315 , 72.00 , 103.75 , 0.00 , 18
1316 , 72.00 , 93.75 , 0.00 , 18
1317 , 72.25 , 93.75 , 0.00 , 18
1318 , 72.00 , 93.75 , 0.00 , 18
Going to Denaturing Temperature
1319 , 71.75 , 250.00 , 0.00 , 19
1320 , 76.50 , 250.00 , 0.00 , 19
1321 , 80.50 , 250.00 , 0.00 , 19
1322 , 84.00 , 250.00 , 0.00 , 19
1323 , 87.00 , 250.00 , 0.00 , 19
1324 , 90.25 , 250.00 , 0.00 , 19
1325 , 93.00 , 250.00 , 0.00 , 19
Denaturing DNA Now
1326 , 96.00 , 225.00 , 0.00 , 19
1327 , 97.50 , 145.00 , 0.00 , 19
1328 , 98.75 , 87.50 , 0.00 , 19
1329 , 97.75 , 28.75 , 0.00 , 19
1330 , 96.25 , 20.00 , 0.00 , 19
Going to Annealing Temperature
1331 , 94.50 , 20.00 , 0.00 , 19
1332 , 92.50 , 20.00 , 0.00 , 19
1333 , 90.25 , 20.00 , 0.00 , 19
1334 , 87.75 , 20.00 , 0.00 , 19
1335 , 85.75 , 20.00 , 0.00 , 19
1336 , 83.00 , 20.00 , 0.00 , 19
1337 , 80.75 , 20.00 , 0.00 , 19
1338 , 78.00 , 20.00 , 0.00 , 19
1339 , 75.75 , 20.00 , 0.00 , 19
1340 , 73.75 , 20.00 , 0.00 , 19
1341 , 71.00 , 20.00 , 0.00 , 19
1343 , 69.50 , 20.00 , 0.00 , 19
1344 , 67.50 , 20.00 , 0.00 , 19
1345 , 66.00 , 20.00 , 0.00 , 19
1346 , 64.00 , 20.00 , 0.00 , 19
1347 , 62.25 , 20.00 , 0.00 , 19
1348 , 60.50 , 20.00 , 0.00 , 19
1349 , 59.50 , 20.00 , 0.00 , 19
1350 , 57.75 , 20.00 , 0.00 , 19
1351 , 56.25 , 20.00 , 0.00 , 19
1352 , 55.50 , 20.00 , 0.00 , 19
1353 , 54.25 , 20.00 , 0.00 , 19
Annealing DNA Now
1354 , 53.25 , 20.00 , 100.00 , 19
1355 , 52.50 , 20.00 , 118.75 , 19
1356 , 53.75 , 20.00 , 125.00 , 19
1357 , 55.25 , 20.00 , 106.25 , 19
1358 , 56.50 , 20.00 , 65.00 , 19
1359 , 57.00 , 20.00 , 22.50 , 19
1360 , 56.50 , 20.00 , 0.00 , 19
1361 , 56.25 , 20.00 , 0.00 , 19
1362 , 55.50 , 20.00 , 0.00 , 19
1363 , 54.25 , 20.00 , 0.00 , 19
Going to Extension Temperature
1364 , 54.00 , 250.00 , 0.00 , 19
1365 , 54.75 , 250.00 , 0.00 , 19
1366 , 57.00 , 250.00 , 0.00 , 19
1367 , 59.50 , 250.00 , 0.00 , 19
1368 , 62.50 , 250.00 , 0.00 , 19
1369 , 64.50 , 250.00 , 0.00 , 19
1370 , 67.25 , 250.00 , 0.00 , 19
1371 , 69.50 , 250.00 , 0.00 , 19
1372 , 71.50 , 250.00 , 0.00 , 19
Extending DNA Now
1373 , 73.75 , 250.00 , 0.00 , 19
1374 , 75.75 , 206.25 , 0.00 , 19
1375 , 77.25 , 147.50 , 0.00 , 19
1376 , 77.75 , 91.25 , 0.00 , 19
1377 , 77.25 , 52.50 , 0.00 , 19
1378 , 76.25 , 36.25 , 0.00 , 19
1379 , 75.25 , 35.00 , 0.00 , 19
1380 , 74.50 , 38.75 , 0.00 , 19
1381 , 73.25 , 41.25 , 0.00 , 19
1382 , 72.50 , 60.00 , 0.00 , 19
1383 , 72.50 , 72.50 , 0.00 , 19
1384 , 71.50 , 70.00 , 0.00 , 19
1385 , 71.50 , 92.50 , 0.00 , 19
1386 , 71.25 , 95.00 , 0.00 , 19
1387 , 71.75 , 103.75 , 0.00 , 19
1388 , 72.25 , 95.00 , 0.00 , 19
1389 , 72.25 , 83.75 , 0.00 , 19
1390 , 72.00 , 82.50 , 0.00 , 19
1391 , 71.50 , 87.50 , 0.00 , 19
1392 , 71.75 , 100.00 , 0.00 , 19
1393 , 72.00 , 100.00 , 0.00 , 19
Going to Denaturing Temperature
1394 , 71.75 , 250.00 , 0.00 , 20
1395 , 75.75 , 250.00 , 0.00 , 20
1396 , 79.75 , 250.00 , 0.00 , 20
1397 , 83.50 , 250.00 , 0.00 , 20
1398 , 87.50 , 250.00 , 0.00 , 20
1399 , 90.00 , 250.00 , 0.00 , 20
1400 , 93.75 , 250.00 , 0.00 , 20
Denaturing DNA Now
1401 , 96.25 , 206.25 , 0.00 , 20
1402 , 98.25 , 135.00 , 0.00 , 20
1403 , 98.50 , 63.75 , 0.00 , 20
1404 , 98.00 , 26.25 , 0.00 , 20
1405 , 96.25 , 6.25 , 0.00 , 20
Going to Annealing Temperature
1406 , 93.75 , 6.25 , 0.00 , 20
1407 , 92.00 , 6.25 , 0.00 , 20
1408 , 89.75 , 6.25 , 0.00 , 20
1409 , 88.00 , 6.25 , 0.00 , 20
1410 , 85.75 , 6.25 , 0.00 , 20
1411 , 83.25 , 6.25 , 0.00 , 20
1412 , 80.75 , 6.25 , 0.00 , 20
1413 , 78.50 , 6.25 , 0.00 , 20
1414 , 76.25 , 6.25 , 0.00 , 20
1415 , 74.00 , 6.25 , 0.00 , 20
1416 , 71.50 , 6.25 , 0.00 , 20
1417 , 70.25 , 6.25 , 0.00 , 20
1418 , 68.00 , 6.25 , 0.00 , 20
1419 , 66.25 , 6.25 , 0.00 , 20
1420 , 64.25 , 6.25 , 0.00 , 20
1421 , 62.50 , 6.25 , 0.00 , 20
1422 , 61.50 , 6.25 , 0.00 , 20
1423 , 60.25 , 6.25 , 0.00 , 20
1424 , 58.25 , 6.25 , 0.00 , 20
1425 , 57.25 , 6.25 , 0.00 , 20
1426 , 56.00 , 6.25 , 0.00 , 20
1427 , 54.75 , 6.25 , 0.00 , 20
Annealing DNA Now
1428 , 53.00 , 6.25 , 82.50 , 20
1429 , 52.50 , 6.25 , 117.50 , 20
1430 , 53.75 , 6.25 , 125.00 , 20
1431 , 55.50 , 6.25 , 101.25 , 20
1432 , 56.00 , 6.25 , 53.75 , 20
1433 , 57.00 , 6.25 , 28.75 , 20
1434 , 56.50 , 6.25 , 0.00 , 20
1435 , 55.50 , 6.25 , 0.00 , 20
1436 , 55.25 , 6.25 , 0.00 , 20
1437 , 54.50 , 6.25 , 0.00 , 20
Going to Extension Temperature
1438 , 54.25 , 250.00 , 0.00 , 20
1439 , 54.50 , 250.00 , 0.00 , 20
1440 , 56.75 , 250.00 , 0.00 , 20
1441 , 59.00 , 250.00 , 0.00 , 20
1442 , 61.75 , 250.00 , 0.00 , 20
1443 , 64.75 , 250.00 , 0.00 , 20
1444 , 67.25 , 250.00 , 0.00 , 20
1445 , 69.25 , 250.00 , 0.00 , 20
1446 , 71.25 , 250.00 , 0.00 , 20
Extending DNA Now
1447 , 73.50 , 250.00 , 0.00 , 20
1448 , 75.25 , 212.50 , 0.00 , 20
1449 , 77.00 , 161.25 , 0.00 , 20
1450 , 77.25 , 101.25 , 0.00 , 20
1451 , 76.75 , 70.00 , 0.00 , 20
1452 , 76.75 , 56.25 , 0.00 , 20
1453 , 75.50 , 32.50 , 0.00 , 20
1454 , 74.75 , 40.00 , 0.00 , 20
1455 , 73.25 , 41.25 , 0.00 , 20
1456 , 72.75 , 65.00 , 0.00 , 20
1457 , 72.50 , 71.25 , 0.00 , 20
1458 , 71.75 , 73.75 , 0.00 , 20
1459 , 71.75 , 90.00 , 0.00 , 20
1460 , 71.50 , 91.25 , 0.00 , 20
1461 , 71.50 , 98.75 , 0.00 , 20
1462 , 71.50 , 101.25 , 0.00 , 20
1463 , 71.00 , 103.75 , 0.00 , 20
1464 , 71.75 , 118.75 , 0.00 , 20
1465 , 71.75 , 105.00 , 0.00 , 20
1466 , 71.50 , 106.25 , 0.00 , 20
1467 , 72.50 , 106.25 , 0.00 , 20
Going to Denaturing Temperature
1468 , 72.00 , 250.00 , 0.00 , 21
1469 , 75.50 , 250.00 , 0.00 , 21
1470 , 80.00 , 250.00 , 0.00 , 21
1471 , 83.25 , 250.00 , 0.00 , 21
1472 , 86.75 , 250.00 , 0.00 , 21
1473 , 89.75 , 250.00 , 0.00 , 21
1474 , 92.75 , 250.00 , 0.00 , 21
Denaturing DNA Now
1475 , 95.75 , 231.25 , 0.00 , 21
1476 , 97.25 , 152.50 , 0.00 , 21
1477 , 98.75 , 96.25 , 0.00 , 21
1478 , 97.75 , 32.50 , 0.00 , 21
1479 , 96.50 , 23.75 , 0.00 , 21
Going to Annealing Temperature
1480 , 94.25 , 23.75 , 0.00 , 21
1481 , 92.50 , 23.75 , 0.00 , 21
1482 , 90.25 , 23.75 , 0.00 , 21
1483 , 88.25 , 23.75 , 0.00 , 21
1484 , 85.25 , 23.75 , 0.00 , 21
1485 , 83.00 , 23.75 , 0.00 , 21
1486 , 80.50 , 23.75 , 0.00 , 21
1487 , 78.50 , 23.75 , 0.00 , 21
1488 , 76.00 , 23.75 , 0.00 , 21
1489 , 74.00 , 23.75 , 0.00 , 21
1490 , 72.00 , 23.75 , 0.00 , 21
1491 , 70.00 , 23.75 , 0.00 , 21
1492 , 68.25 , 23.75 , 0.00 , 21
1493 , 66.25 , 23.75 , 0.00 , 21
1494 , 64.50 , 23.75 , 0.00 , 21
1495 , 63.00 , 23.75 , 0.00 , 21
1496 , 61.50 , 23.75 , 0.00 , 21
1497 , 59.75 , 23.75 , 0.00 , 21
1498 , 57.75 , 23.75 , 0.00 , 21
1499 , 56.50 , 23.75 , 0.00 , 21
1500 , 55.00 , 23.75 , 0.00 , 21
Annealing DNA Now
1501 , 54.25 , 23.75 , 85.00 , 21
1502 , 53.25 , 23.75 , 93.75 , 21
1503 , 54.00 , 23.75 , 112.50 , 21
1504 , 55.25 , 23.75 , 92.50 , 21
1505 , 56.50 , 23.75 , 56.25 , 21
1506 , 56.50 , 23.75 , 13.75 , 21
1507 , 56.00 , 23.75 , 0.00 , 21
1508 , 55.00 , 23.75 , 0.00 , 21
1509 , 54.50 , 23.75 , 1.25 , 21
1510 , 54.25 , 23.75 , 3.75 , 21
Going to Extension Temperature
1511 , 53.25 , 250.00 , 3.75 , 21
1512 , 55.25 , 250.00 , 3.75 , 21
1513 , 57.75 , 250.00 , 3.75 , 21
1514 , 60.00 , 250.00 , 3.75 , 21
1515 , 63.00 , 250.00 , 3.75 , 21
1516 , 65.00 , 250.00 , 3.75 , 21
1517 , 67.00 , 250.00 , 3.75 , 21
1518 , 70.00 , 250.00 , 3.75 , 21
1519 , 72.00 , 250.00 , 3.75 , 21
Extending DNA Now
1520 , 73.25 , 250.00 , 3.75 , 21
1521 , 76.00 , 218.75 , 3.75 , 21
1522 , 77.50 , 143.75 , 3.75 , 21
1523 , 77.25 , 86.25 , 3.75 , 21
1524 , 76.75 , 65.00 , 3.75 , 21
1525 , 76.00 , 51.25 , 3.75 , 21
1526 , 75.50 , 46.25 , 3.75 , 21
1527 , 74.00 , 38.75 , 3.75 , 21
1528 , 73.00 , 58.75 , 3.75 , 21
1529 , 72.75 , 73.75 , 3.75 , 21
1530 , 72.50 , 75.00 , 3.75 , 21
1531 , 72.25 , 77.50 , 3.75 , 21
1532 , 71.75 , 81.25 , 3.75 , 21
1533 , 71.25 , 92.50 , 3.75 , 21
1534 , 71.75 , 106.25 , 3.75 , 21
1535 , 71.50 , 97.50 , 3.75 , 21
1536 , 71.75 , 105.00 , 3.75 , 21
1537 , 72.25 , 101.25 , 3.75 , 21
1538 , 72.50 , 90.00 , 3.75 , 21
1539 , 72.00 , 82.50 , 3.75 , 21
1540 , 72.00 , 82.50 , 3.75 , 21
Going to Denaturing Temperature
1541 , 71.75 , 250.00 , 3.75 , 22
1542 , 75.50 , 250.00 , 3.75 , 22
1543 , 79.50 , 250.00 , 3.75 , 22
1544 , 83.25 , 250.00 , 3.75 , 22
1545 , 87.00 , 250.00 , 3.75 , 22
1546 , 89.50 , 250.00 , 3.75 , 22
1547 , 92.50 , 250.00 , 3.75 , 22
Denaturing DNA Now
1548 , 95.50 , 237.50 , 3.75 , 22
1549 , 98.00 , 160.00 , 3.75 , 22
1550 , 98.50 , 80.00 , 3.75 , 22
1551 , 97.50 , 37.50 , 3.75 , 22
1552 , 96.50 , 30.00 , 3.75 , 22
Going to Annealing Temperature
1553 , 94.75 , 30.00 , 3.75 , 22
1554 , 92.50 , 30.00 , 3.75 , 22
1555 , 90.00 , 30.00 , 3.75 , 22
1556 , 88.25 , 30.00 , 3.75 , 22
1557 , 85.00 , 30.00 , 3.75 , 22
1558 , 83.00 , 30.00 , 3.75 , 22
1559 , 80.50 , 30.00 , 3.75 , 22
1560 , 77.75 , 30.00 , 3.75 , 22
1561 , 76.00 , 30.00 , 3.75 , 22
1562 , 73.50 , 30.00 , 3.75 , 22
1563 , 71.50 , 30.00 , 3.75 , 22
1564 , 69.75 , 30.00 , 3.75 , 22
1565 , 68.00 , 30.00 , 3.75 , 22
1566 , 66.00 , 30.00 , 3.75 , 22
1567 , 64.00 , 30.00 , 3.75 , 22
1568 , 63.00 , 30.00 , 3.75 , 22
1569 , 61.00 , 30.00 , 3.75 , 22
1570 , 59.50 , 30.00 , 3.75 , 22
1571 , 58.25 , 30.00 , 3.75 , 22
1572 , 56.75 , 30.00 , 3.75 , 22
1573 , 55.50 , 30.00 , 3.75 , 22
1574 , 54.00 , 30.00 , 3.75 , 22
Annealing DNA Now
1575 , 53.00 , 30.00 , 105.00 , 22
1576 , 52.00 , 30.00 , 125.00 , 22
1577 , 53.50 , 30.00 , 125.00 , 22
1578 , 55.25 , 30.00 , 112.50 , 22
1579 , 56.75 , 30.00 , 66.25 , 22
1580 , 56.50 , 30.00 , 17.50 , 22
1581 , 56.25 , 30.00 , 5.00 , 22
1582 , 55.75 , 30.00 , 0.00 , 22
1583 , 55.25 , 30.00 , 0.00 , 22
1584 , 54.75 , 30.00 , 0.00 , 22
Going to Extension Temperature
1585 , 54.00 , 250.00 , 0.00 , 22
1586 , 54.25 , 250.00 , 0.00 , 22
1587 , 56.50 , 250.00 , 0.00 , 22
1588 , 59.25 , 250.00 , 0.00 , 22
1589 , 62.25 , 250.00 , 0.00 , 22
1590 , 64.25 , 250.00 , 0.00 , 22
1591 , 66.75 , 250.00 , 0.00 , 22
1592 , 68.75 , 250.00 , 0.00 , 22
1593 , 71.00 , 250.00 , 0.00 , 22
Extending DNA Now
1594 , 73.00 , 250.00 , 0.00 , 22
1595 , 75.00 , 225.00 , 0.00 , 22
1596 , 76.50 , 170.00 , 0.00 , 22
1597 , 76.75 , 117.50 , 0.00 , 22
1598 , 77.25 , 88.75 , 0.00 , 22
1599 , 76.00 , 52.50 , 0.00 , 22
1600 , 76.00 , 57.50 , 0.00 , 22
1601 , 75.00 , 37.50 , 0.00 , 22
1602 , 74.00 , 42.50 , 0.00 , 22
1603 , 73.25 , 52.50 , 0.00 , 22
1604 , 72.25 , 61.25 , 0.00 , 22
1605 , 72.00 , 80.00 , 0.00 , 22
1606 , 72.00 , 85.00 , 0.00 , 22
1607 , 71.50 , 85.00 , 0.00 , 22
1608 , 71.50 , 97.50 , 0.00 , 22
1609 , 71.50 , 100.00 , 0.00 , 22
1610 , 72.25 , 102.50 , 0.00 , 22
1611 , 71.75 , 86.25 , 0.00 , 22
1612 , 72.00 , 97.50 , 0.00 , 22
1613 , 71.50 , 92.50 , 0.00 , 22
1614 , 72.00 , 92.50 , 0.00 , 22
Going to Denaturing Temperature
1615 , 72.00 , 250.00 , 0.00 , 23
1616 , 75.25 , 250.00 , 0.00 , 23
1617 , 79.25 , 250.00 , 0.00 , 23
1618 , 83.25 , 250.00 , 0.00 , 23
1619 , 86.50 , 250.00 , 0.00 , 23
1620 , 89.75 , 250.00 , 0.00 , 23
1621 , 92.50 , 250.00 , 0.00 , 23
Denaturing DNA Now
1622 , 95.50 , 237.50 , 0.00 , 23
1623 , 97.25 , 160.00 , 0.00 , 23
1624 , 97.75 , 98.75 , 0.00 , 23
1625 , 97.25 , 60.00 , 0.00 , 23
1626 , 96.25 , 43.75 , 0.00 , 23
Going to Annealing Temperature
1627 , 94.75 , 43.75 , 0.00 , 23
1628 , 93.00 , 43.75 , 0.00 , 23
1629 , 91.00 , 43.75 , 0.00 , 23
1630 , 88.75 , 43.75 , 0.00 , 23
1631 , 85.75 , 43.75 , 0.00 , 23
1632 , 83.25 , 43.75 , 0.00 , 23
1633 , 81.00 , 43.75 , 0.00 , 23
1634 , 78.25 , 43.75 , 0.00 , 23
1635 , 76.25 , 43.75 , 0.00 , 23
1636 , 74.25 , 43.75 , 0.00 , 23
1637 , 71.75 , 43.75 , 0.00 , 23
1638 , 70.25 , 43.75 , 0.00 , 23
1639 , 68.50 , 43.75 , 0.00 , 23
1640 , 66.50 , 43.75 , 0.00 , 23
1641 , 65.00 , 43.75 , 0.00 , 23
1642 , 63.00 , 43.75 , 0.00 , 23
1643 , 61.75 , 43.75 , 0.00 , 23
1644 , 60.25 , 43.75 , 0.00 , 23
1645 , 58.50 , 43.75 , 0.00 , 23
1646 , 56.75 , 43.75 , 0.00 , 23
1647 , 55.50 , 43.75 , 0.00 , 23
1648 , 54.75 , 43.75 , 0.00 , 23
Annealing DNA Now
1649 , 53.50 , 43.75 , 90.00 , 23
1650 , 52.50 , 43.75 , 112.50 , 23
1651 , 53.50 , 43.75 , 125.00 , 23
1652 , 54.75 , 43.75 , 112.50 , 23
1653 , 56.50 , 43.75 , 78.75 , 23
1654 , 56.75 , 43.75 , 26.25 , 23
1655 , 57.00 , 43.75 , 2.50 , 23
1656 , 56.25 , 43.75 , 0.00 , 23
1657 , 55.75 , 43.75 , 0.00 , 23
1658 , 55.00 , 43.75 , 0.00 , 23
Going to Extension Temperature
1659 , 54.50 , 250.00 , 0.00 , 23
1660 , 55.00 , 250.00 , 0.00 , 23
1661 , 57.50 , 250.00 , 0.00 , 23
1662 , 60.00 , 250.00 , 0.00 , 23
1663 , 61.75 , 250.00 , 0.00 , 23
1664 , 63.75 , 250.00 , 0.00 , 23
1665 , 66.50 , 250.00 , 0.00 , 23
1666 , 69.00 , 250.00 , 0.00 , 23
1667 , 71.00 , 250.00 , 0.00 , 23
Extending DNA Now
1668 , 73.25 , 250.00 , 0.00 , 23
1669 , 75.00 , 218.75 , 0.00 , 23
1670 , 76.75 , 168.75 , 0.00 , 23
1671 , 77.50 , 110.00 , 0.00 , 23
1672 , 77.25 , 67.50 , 0.00 , 23
1673 , 76.25 , 46.25 , 0.00 , 23
1674 , 75.50 , 45.00 , 0.00 , 23
1675 , 74.75 , 42.50 , 0.00 , 23
1676 , 73.25 , 43.75 , 0.00 , 23
1677 , 73.00 , 67.50 , 0.00 , 23
1678 , 71.50 , 67.50 , 0.00 , 23
1679 , 72.00 , 100.00 , 0.00 , 23
1680 , 71.75 , 90.00 , 0.00 , 23
1681 , 72.25 , 96.25 , 0.00 , 23
1682 , 72.00 , 85.00 , 0.00 , 23
1683 , 71.75 , 90.00 , 0.00 , 23
1684 , 71.50 , 96.25 , 0.00 , 23
1685 , 72.00 , 103.75 , 0.00 , 23
1686 , 72.25 , 93.75 , 0.00 , 23
1687 , 71.75 , 87.50 , 0.00 , 23
1688 , 71.75 , 87.50 , 0.00 , 23
Going to Denaturing Temperature
1689 , 71.75 , 250.00 , 0.00 , 24
1690 , 75.75 , 250.00 , 0.00 , 24
1691 , 79.50 , 250.00 , 0.00 , 24
1692 , 83.50 , 250.00 , 0.00 , 24
1693 , 86.25 , 250.00 , 0.00 , 24
1694 , 89.25 , 250.00 , 0.00 , 24
1695 , 92.00 , 250.00 , 0.00 , 24
Denaturing DNA Now
1696 , 94.50 , 250.00 , 0.00 , 24
1697 , 97.50 , 187.50 , 0.00 , 24
1698 , 98.50 , 100.00 , 0.00 , 24
1699 , 97.50 , 47.50 , 0.00 , 24
1700 , 96.00 , 40.00 , 0.00 , 24
Going to Annealing Temperature
1701 , 94.50 , 40.00 , 0.00 , 24
1702 , 92.50 , 40.00 , 0.00 , 24
1703 , 90.50 , 40.00 , 0.00 , 24
1704 , 88.00 , 40.00 , 0.00 , 24
1705 , 85.50 , 40.00 , 0.00 , 24
1706 , 83.25 , 40.00 , 0.00 , 24
1707 , 80.50 , 40.00 , 0.00 , 24
1708 , 78.25 , 40.00 , 0.00 , 24
1709 , 76.00 , 40.00 , 0.00 , 24
1710 , 73.25 , 40.00 , 0.00 , 24
1711 , 71.75 , 40.00 , 0.00 , 24
1712 , 69.00 , 40.00 , 0.00 , 24
1713 , 67.50 , 40.00 , 0.00 , 24
1714 , 65.25 , 40.00 , 0.00 , 24
1715 , 64.00 , 40.00 , 0.00 , 24
1716 , 62.50 , 40.00 , 0.00 , 24
1717 , 60.50 , 40.00 , 0.00 , 24
1718 , 59.00 , 40.00 , 0.00 , 24
1719 , 58.00 , 40.00 , 0.00 , 24
1720 , 56.00 , 40.00 , 0.00 , 24
1721 , 55.25 , 40.00 , 0.00 , 24
1722 , 53.50 , 40.00 , 0.00 , 24
Annealing DNA Now
1723 , 52.50 , 40.00 , 115.00 , 24
1724 , 52.25 , 40.00 , 125.00 , 24
1725 , 53.50 , 40.00 , 125.00 , 24
1726 , 54.75 , 40.00 , 112.50 , 24
1727 , 56.50 , 40.00 , 78.75 , 24
1728 , 56.50 , 40.00 , 26.25 , 24
1729 , 56.25 , 40.00 , 8.75 , 24
1730 , 56.00 , 40.00 , 0.00 , 24
1731 , 55.50 , 40.00 , 0.00 , 24
1732 , 54.50 , 40.00 , 0.00 , 24
Going to Extension Temperature
1733 , 53.75 , 250.00 , 0.00 , 24
1734 , 54.75 , 250.00 , 0.00 , 24
1735 , 56.00 , 250.00 , 0.00 , 24
1736 , 58.75 , 250.00 , 0.00 , 24
1737 , 61.50 , 250.00 , 0.00 , 24
1738 , 64.00 , 250.00 , 0.00 , 24
1739 , 66.50 , 250.00 , 0.00 , 24
1740 , 68.50 , 250.00 , 0.00 , 24
1741 , 70.75 , 250.00 , 0.00 , 24
Extending DNA Now
1742 , 72.25 , 250.00 , 0.00 , 24
1743 , 74.25 , 243.75 , 0.00 , 24
1744 , 75.50 , 192.50 , 0.00 , 24
1745 , 77.25 , 150.00 , 0.00 , 24
1746 , 77.50 , 88.75 , 0.00 , 24
1747 , 76.50 , 56.25 , 0.00 , 24
1748 , 75.75 , 53.75 , 0.00 , 24
1749 , 74.75 , 50.00 , 0.00 , 24
1750 , 74.25 , 56.25 , 0.00 , 24
1751 , 73.25 , 55.00 , 0.00 , 24
1752 , 73.00 , 68.75 , 0.00 , 24
1753 , 72.25 , 68.75 , 0.00 , 24
1754 , 71.50 , 82.50 , 0.00 , 24
1755 , 72.00 , 100.00 , 0.00 , 24
1756 , 71.25 , 90.00 , 0.00 , 24
1757 , 71.25 , 108.75 , 0.00 , 24
1758 , 72.00 , 112.50 , 0.00 , 24
1759 , 72.25 , 97.50 , 0.00 , 24
1760 , 72.25 , 91.25 , 0.00 , 24
1761 , 71.75 , 90.00 , 0.00 , 24
1762 , 72.00 , 90.00 , 0.00 , 24
Going to Denaturing Temperature
1763 , 71.75 , 250.00 , 0.00 , 25
1764 , 75.25 , 250.00 , 0.00 , 25
1765 , 79.25 , 250.00 , 0.00 , 25
1766 , 83.25 , 250.00 , 0.00 , 25
1767 , 85.75 , 250.00 , 0.00 , 25
1768 , 88.75 , 250.00 , 0.00 , 25
1769 , 91.75 , 250.00 , 0.00 , 25
1770 , 94.00 , 250.00 , 0.00 , 25
Denaturing DNA Now
1771 , 96.50 , 200.00 , 0.00 , 25
1772 , 98.00 , 127.50 , 0.00 , 25
1773 , 98.00 , 67.50 , 0.00 , 25
1774 , 96.50 , 37.50 , 0.00 , 25
1775 , 95.00 , 45.00 , 0.00 , 25
Going to Annealing Temperature
1776 , 92.75 , 45.00 , 0.00 , 25
1777 , 91.50 , 45.00 , 0.00 , 25
1778 , 89.00 , 45.00 , 0.00 , 25
1779 , 87.25 , 45.00 , 0.00 , 25
1780 , 84.75 , 45.00 , 0.00 , 25
1781 , 82.00 , 45.00 , 0.00 , 25
1782 , 79.75 , 45.00 , 0.00 , 25
1783 , 77.75 , 45.00 , 0.00 , 25
1784 , 75.50 , 45.00 , 0.00 , 25
1785 , 73.25 , 45.00 , 0.00 , 25
1786 , 71.00 , 45.00 , 0.00 , 25
1787 , 69.00 , 45.00 , 0.00 , 25
1788 , 67.00 , 45.00 , 0.00 , 25
1789 , 65.50 , 45.00 , 0.00 , 25
1790 , 63.75 , 45.00 , 0.00 , 25
1791 , 61.50 , 45.00 , 0.00 , 25
1792 , 60.50 , 45.00 , 0.00 , 25
1793 , 58.75 , 45.00 , 0.00 , 25
1794 , 58.00 , 45.00 , 0.00 , 25
1795 , 56.50 , 45.00 , 0.00 , 25
1797 , 55.00 , 45.00 , 0.00 , 25
Annealing DNA Now
1798 , 53.50 , 45.00 , 85.00 , 25
1799 , 53.00 , 45.00 , 112.50 , 25
1800 , 54.25 , 45.00 , 122.50 , 25
1801 , 56.00 , 45.00 , 91.25 , 25
1802 , 56.75 , 45.00 , 41.25 , 25
1803 , 55.75 , 45.00 , 7.50 , 25
1804 , 55.75 , 45.00 , 13.75 , 25
1805 , 55.00 , 45.00 , 0.00 , 25
1806 , 54.00 , 45.00 , 5.00 , 25
1807 , 53.50 , 45.00 , 20.00 , 25
Going to Extension Temperature
1808 , 53.25 , 250.00 , 20.00 , 25
1809 , 55.25 , 250.00 , 20.00 , 25
1810 , 58.50 , 250.00 , 20.00 , 25
1811 , 61.00 , 250.00 , 20.00 , 25
1812 , 63.25 , 250.00 , 20.00 , 25
1813 , 65.50 , 250.00 , 20.00 , 25
1814 , 67.75 , 250.00 , 20.00 , 25
1815 , 69.75 , 250.00 , 20.00 , 25
1816 , 71.25 , 250.00 , 20.00 , 25
Extending DNA Now
1817 , 73.25 , 250.00 , 20.00 , 25
1818 , 75.25 , 218.75 , 20.00 , 25
1819 , 76.50 , 162.50 , 20.00 , 25
1820 , 77.25 , 115.00 , 20.00 , 25
1821 , 77.00 , 73.75 , 20.00 , 25
1822 , 76.75 , 53.75 , 20.00 , 25
1823 , 75.50 , 35.00 , 20.00 , 25
1824 , 74.00 , 42.50 , 20.00 , 25
1825 , 73.25 , 62.50 , 20.00 , 25
1826 , 72.75 , 71.25 , 20.00 , 25
1827 , 72.50 , 77.50 , 20.00 , 25
1828 , 71.50 , 80.00 , 20.00 , 25
1829 , 71.00 , 102.50 , 20.00 , 25
1830 , 71.75 , 117.50 , 20.00 , 25
1831 , 72.00 , 103.75 , 20.00 , 25
1832 , 72.50 , 98.75 , 20.00 , 25
1833 , 72.00 , 86.25 , 20.00 , 25
1834 , 72.25 , 96.25 , 20.00 , 25
1835 , 71.50 , 90.00 , 20.00 , 25
1836 , 72.00 , 107.50 , 20.00 , 25
1837 , 72.50 , 107.50 , 20.00 , 25
Going to Denaturing Temperature
1838 , 72.00 , 250.00 , 20.00 , 26
1839 , 76.00 , 250.00 , 20.00 , 26
1840 , 80.00 , 250.00 , 20.00 , 26
1841 , 83.25 , 250.00 , 20.00 , 26
1842 , 85.75 , 250.00 , 20.00 , 26
1843 , 89.00 , 250.00 , 20.00 , 26
1844 , 91.50 , 250.00 , 20.00 , 26
1845 , 94.50 , 250.00 , 20.00 , 26
Denaturing DNA Now
1846 , 96.25 , 187.50 , 20.00 , 26
1847 , 98.00 , 131.25 , 20.00 , 26
1848 , 98.25 , 66.25 , 20.00 , 26
1849 , 96.75 , 30.00 , 20.00 , 26
1850 , 94.50 , 36.25 , 20.00 , 26
Going to Annealing Temperature
1851 , 93.75 , 36.25 , 20.00 , 26
1852 , 91.25 , 36.25 , 20.00 , 26
1853 , 89.25 , 36.25 , 20.00 , 26
1854 , 87.50 , 36.25 , 20.00 , 26
1855 , 84.00 , 36.25 , 20.00 , 26
1856 , 82.00 , 36.25 , 20.00 , 26
1857 , 79.75 , 36.25 , 20.00 , 26
1858 , 77.50 , 36.25 , 20.00 , 26
1859 , 75.25 , 36.25 , 20.00 , 26
1860 , 73.25 , 36.25 , 20.00 , 26
1861 , 71.00 , 36.25 , 20.00 , 26
1862 , 69.25 , 36.25 , 20.00 , 26
1863 , 67.50 , 36.25 , 20.00 , 26
1864 , 65.75 , 36.25 , 20.00 , 26
1865 , 64.00 , 36.25 , 20.00 , 26
1866 , 62.50 , 36.25 , 20.00 , 26
1867 , 60.50 , 36.25 , 20.00 , 26
1868 , 59.00 , 36.25 , 20.00 , 26
1869 , 57.75 , 36.25 , 20.00 , 26
1870 , 56.75 , 36.25 , 20.00 , 26
1871 , 55.50 , 36.25 , 20.00 , 26
1872 , 54.00 , 36.25 , 20.00 , 26
Annealing DNA Now
1873 , 52.75 , 36.25 , 105.00 , 26
1874 , 52.00 , 36.25 , 125.00 , 26
1875 , 54.00 , 36.25 , 125.00 , 26
1876 , 55.00 , 36.25 , 100.00 , 26
1877 , 56.00 , 36.25 , 70.00 , 26
1878 , 56.25 , 36.25 , 35.00 , 26
1879 , 56.25 , 36.25 , 13.75 , 26
1880 , 55.00 , 36.25 , 0.00 , 26
1881 , 55.25 , 36.25 , 12.50 , 26
1882 , 54.00 , 36.25 , 0.00 , 26
Going to Extension Temperature
1883 , 54.00 , 250.00 , 0.00 , 26
1884 , 54.75 , 250.00 , 0.00 , 26
1885 , 56.75 , 250.00 , 0.00 , 26
1886 , 59.25 , 250.00 , 0.00 , 26
1887 , 62.25 , 250.00 , 0.00 , 26
1888 , 64.25 , 250.00 , 0.00 , 26
1889 , 66.50 , 250.00 , 0.00 , 26
1890 , 68.50 , 250.00 , 0.00 , 26
1891 , 70.50 , 250.00 , 0.00 , 26
Extending DNA Now
1892 , 72.50 , 250.00 , 0.00 , 26
1893 , 74.00 , 237.50 , 0.00 , 26
1894 , 75.75 , 197.50 , 0.00 , 26
1895 , 76.25 , 143.75 , 0.00 , 26
1896 , 76.50 , 112.50 , 0.00 , 26
1897 , 76.75 , 85.00 , 0.00 , 26
1898 , 76.00 , 56.25 , 0.00 , 26
1899 , 75.00 , 51.25 , 0.00 , 26
1900 , 74.00 , 56.25 , 0.00 , 26
1901 , 73.25 , 66.25 , 0.00 , 26
1902 , 72.75 , 75.00 , 0.00 , 26
1903 , 72.25 , 81.25 , 0.00 , 26
1904 , 71.50 , 90.00 , 0.00 , 26
1905 , 71.75 , 107.50 , 0.00 , 26
1906 , 72.00 , 103.75 , 0.00 , 26
1907 , 72.00 , 98.75 , 0.00 , 26
1908 , 71.75 , 98.75 , 0.00 , 26
1909 , 72.50 , 105.00 , 0.00 , 26
1910 , 72.50 , 87.50 , 0.00 , 26
1911 , 72.25 , 85.00 , 0.00 , 26
1912 , 71.75 , 85.00 , 0.00 , 26
Going to Denaturing Temperature
1913 , 71.75 , 250.00 , 0.00 , 27
1914 , 75.50 , 250.00 , 0.00 , 27
1915 , 79.00 , 250.00 , 0.00 , 27
1916 , 82.25 , 250.00 , 0.00 , 27
1917 , 85.50 , 250.00 , 0.00 , 27
1918 , 88.75 , 250.00 , 0.00 , 27
1919 , 91.00 , 250.00 , 0.00 , 27
1920 , 93.50 , 250.00 , 0.00 , 27
Denaturing DNA Now
1921 , 95.50 , 212.50 , 0.00 , 27
1922 , 97.25 , 155.00 , 0.00 , 27
1923 , 97.75 , 93.75 , 0.00 , 27
1924 , 97.25 , 55.00 , 0.00 , 27
1925 , 96.00 , 38.75 , 0.00 , 27
Going to Annealing Temperature
1926 , 93.75 , 38.75 , 0.00 , 27
1927 , 92.00 , 38.75 , 0.00 , 27
1928 , 90.00 , 38.75 , 0.00 , 27
1929 , 87.25 , 38.75 , 0.00 , 27
1930 , 85.50 , 38.75 , 0.00 , 27
1931 , 82.50 , 38.75 , 0.00 , 27
1932 , 80.50 , 38.75 , 0.00 , 27
1933 , 78.25 , 38.75 , 0.00 , 27
1934 , 76.00 , 38.75 , 0.00 , 27
1935 , 73.50 , 38.75 , 0.00 , 27
1936 , 72.00 , 38.75 , 0.00 , 27
1937 , 69.25 , 38.75 , 0.00 , 27
1938 , 68.00 , 38.75 , 0.00 , 27
1939 , 66.00 , 38.75 , 0.00 , 27
1940 , 63.75 , 38.75 , 0.00 , 27
1941 , 62.75 , 38.75 , 0.00 , 27
1942 , 61.00 , 38.75 , 0.00 , 27
1943 , 59.25 , 38.75 , 0.00 , 27
1944 , 58.00 , 38.75 , 0.00 , 27
1945 , 56.75 , 38.75 , 0.00 , 27
1946 , 55.00 , 38.75 , 0.00 , 27
Annealing DNA Now
1947 , 54.25 , 38.75 , 85.00 , 27
1948 , 53.25 , 38.75 , 93.75 , 27
1949 , 54.50 , 38.75 , 112.50 , 27
1950 , 55.25 , 38.75 , 80.00 , 27
1951 , 56.25 , 38.75 , 53.75 , 27
1952 , 56.00 , 38.75 , 17.50 , 27
1953 , 55.25 , 38.75 , 7.50 , 27
1954 , 55.25 , 38.75 , 11.25 , 27
1955 , 54.50 , 38.75 , 0.00 , 27
1956 , 53.75 , 38.75 , 7.50 , 27
Going to Extension Temperature
1957 , 53.25 , 250.00 , 7.50 , 27
1958 , 55.50 , 250.00 , 7.50 , 27
1959 , 57.75 , 250.00 , 7.50 , 27
1960 , 60.00 , 250.00 , 7.50 , 27
1961 , 62.75 , 250.00 , 7.50 , 27
1962 , 65.00 , 250.00 , 7.50 , 27
1963 , 66.75 , 250.00 , 7.50 , 27
1964 , 68.50 , 250.00 , 7.50 , 27
1965 , 71.00 , 250.00 , 7.50 , 27
Extending DNA Now
1966 , 72.75 , 250.00 , 7.50 , 27
1967 , 73.50 , 231.25 , 7.50 , 27
1968 , 75.75 , 208.75 , 7.50 , 27
1969 , 76.50 , 145.00 , 7.50 , 27
1970 , 77.00 , 107.50 , 7.50 , 27
1971 , 77.00 , 72.50 , 7.50 , 27
1972 , 75.75 , 47.50 , 7.50 , 27
1973 , 75.25 , 53.75 , 7.50 , 27
1974 , 74.50 , 47.50 , 7.50 , 27
1975 , 73.75 , 50.00 , 7.50 , 27
1976 , 73.00 , 56.25 , 7.50 , 27
1977 , 72.00 , 66.25 , 7.50 , 27
1978 , 71.75 , 86.25 , 7.50 , 27
1979 , 71.25 , 92.50 , 7.50 , 27
1980 , 71.50 , 106.25 , 7.50 , 27
1981 , 71.50 , 103.75 , 7.50 , 27
1982 , 71.75 , 106.25 , 7.50 , 27
1983 , 71.75 , 102.50 , 7.50 , 27
1984 , 71.00 , 103.75 , 7.50 , 27
1985 , 72.00 , 123.75 , 7.50 , 27
1986 , 71.75 , 123.75 , 7.50 , 27
Going to Denaturing Temperature
1987 , 73.00 , 250.00 , 7.50 , 28
1988 , 76.50 , 250.00 , 7.50 , 28
1989 , 80.00 , 250.00 , 7.50 , 28
1990 , 83.25 , 250.00 , 7.50 , 28
1991 , 86.00 , 250.00 , 7.50 , 28
1992 , 88.50 , 250.00 , 7.50 , 28
1993 , 91.50 , 250.00 , 7.50 , 28
1994 , 93.50 , 250.00 , 7.50 , 28
Denaturing DNA Now
1995 , 95.75 , 212.50 , 7.50 , 28
1996 , 97.75 , 148.75 , 7.50 , 28
1997 , 98.00 , 80.00 , 7.50 , 28
1998 , 97.00 , 45.00 , 7.50 , 28
1999 , 95.25 , 40.00 , 7.50 , 28
Going to Annealing Temperature
2000 , 93.75 , 40.00 , 7.50 , 28
2001 , 91.75 , 40.00 , 7.50 , 28
2002 , 90.00 , 40.00 , 7.50 , 28
2003 , 87.50 , 40.00 , 7.50 , 28
2004 , 85.25 , 40.00 , 7.50 , 28
2005 , 82.50 , 40.00 , 7.50 , 28
2006 , 80.25 , 40.00 , 7.50 , 28
2007 , 77.75 , 40.00 , 7.50 , 28
2008 , 75.25 , 40.00 , 7.50 , 28
2009 , 73.25 , 40.00 , 7.50 , 28
2010 , 70.75 , 40.00 , 7.50 , 28
2011 , 68.75 , 40.00 , 7.50 , 28
2012 , 67.25 , 40.00 , 7.50 , 28
2013 , 65.75 , 40.00 , 7.50 , 28
2014 , 64.00 , 40.00 , 7.50 , 28
2015 , 62.00 , 40.00 , 7.50 , 28
2016 , 61.00 , 40.00 , 7.50 , 28
2017 , 59.25 , 40.00 , 7.50 , 28
2018 , 58.00 , 40.00 , 7.50 , 28
2019 , 56.25 , 40.00 , 7.50 , 28
2020 , 55.25 , 40.00 , 7.50 , 28
2021 , 54.50 , 40.00 , 7.50 , 28
Annealing DNA Now
2022 , 53.00 , 40.00 , 95.00 , 28
2023 , 52.25 , 40.00 , 125.00 , 28
2024 , 53.75 , 40.00 , 125.00 , 28
2025 , 55.00 , 40.00 , 106.25 , 28
2026 , 56.25 , 40.00 , 71.25 , 28
2027 , 55.75 , 40.00 , 30.00 , 28
2028 , 55.75 , 40.00 , 26.25 , 28
2029 , 55.75 , 40.00 , 12.50 , 28
2030 , 54.75 , 40.00 , 0.00 , 28
2031 , 54.25 , 40.00 , 10.00 , 28
Going to Extension Temperature
2032 , 53.75 , 250.00 , 10.00 , 28
2033 , 56.50 , 250.00 , 10.00 , 28
2034 , 58.75 , 250.00 , 10.00 , 28
2035 , 61.00 , 250.00 , 10.00 , 28
2036 , 63.50 , 250.00 , 10.00 , 28
2037 , 65.50 , 250.00 , 10.00 , 28
2038 , 67.25 , 250.00 , 10.00 , 28
2039 , 69.00 , 250.00 , 10.00 , 28
2040 , 71.00 , 250.00 , 10.00 , 28
Extending DNA Now
2041 , 73.00 , 250.00 , 10.00 , 28
2042 , 74.75 , 225.00 , 10.00 , 28
2043 , 75.25 , 176.25 , 10.00 , 28
2044 , 76.25 , 150.00 , 10.00 , 28
2045 , 77.00 , 108.75 , 10.00 , 28
2046 , 76.50 , 68.75 , 10.00 , 28
2047 , 75.25 , 56.25 , 10.00 , 28
2048 , 74.75 , 65.00 , 10.00 , 28
2049 , 74.25 , 61.25 , 10.00 , 28
2050 , 73.25 , 60.00 , 10.00 , 28
2051 , 72.50 , 73.75 , 10.00 , 28
2052 , 72.25 , 86.25 , 10.00 , 28
2053 , 72.00 , 90.00 , 10.00 , 28
2054 , 72.00 , 95.00 , 10.00 , 28
2055 , 71.75 , 95.00 , 10.00 , 28
2056 , 72.00 , 101.25 , 10.00 , 28
2057 , 71.75 , 96.25 , 10.00 , 28
2058 , 71.75 , 102.50 , 10.00 , 28
2059 , 71.25 , 103.75 , 10.00 , 28
2060 , 71.75 , 117.50 , 10.00 , 28
2061 , 71.75 , 117.50 , 10.00 , 28
Going to Denaturing Temperature
2062 , 72.25 , 250.00 , 10.00 , 29
2063 , 75.75 , 250.00 , 10.00 , 29
2064 , 79.25 , 250.00 , 10.00 , 29
2065 , 82.50 , 250.00 , 10.00 , 29
2066 , 85.50 , 250.00 , 10.00 , 29
2067 , 87.75 , 250.00 , 10.00 , 29
2068 , 90.25 , 250.00 , 10.00 , 29
2069 , 92.75 , 250.00 , 10.00 , 29
Denaturing DNA Now
2070 , 95.25 , 231.25 , 10.00 , 29
2071 , 97.25 , 165.00 , 10.00 , 29
2072 , 97.50 , 98.75 , 10.00 , 29
2073 , 96.75 , 66.25 , 10.00 , 29
2074 , 95.75 , 57.50 , 10.00 , 29
Going to Annealing Temperature
2075 , 94.50 , 57.50 , 10.00 , 29
2076 , 92.00 , 57.50 , 10.00 , 29
2077 , 90.50 , 57.50 , 10.00 , 29
2078 , 88.00 , 57.50 , 10.00 , 29
2079 , 85.75 , 57.50 , 10.00 , 29
2080 , 83.00 , 57.50 , 10.00 , 29
2081 , 80.75 , 57.50 , 10.00 , 29
2082 , 78.25 , 57.50 , 10.00 , 29
2083 , 75.75 , 57.50 , 10.00 , 29
2084 , 73.50 , 57.50 , 10.00 , 29
2085 , 71.50 , 57.50 , 10.00 , 29
2086 , 69.75 , 57.50 , 10.00 , 29
2087 , 67.75 , 57.50 , 10.00 , 29
2088 , 66.00 , 57.50 , 10.00 , 29
2089 , 64.50 , 57.50 , 10.00 , 29
2090 , 62.50 , 57.50 , 10.00 , 29
2091 , 60.75 , 57.50 , 10.00 , 29
2092 , 59.50 , 57.50 , 10.00 , 29
2093 , 58.00 , 57.50 , 10.00 , 29
2094 , 57.00 , 57.50 , 10.00 , 29
2095 , 55.50 , 57.50 , 10.00 , 29
2096 , 54.25 , 57.50 , 10.00 , 29
Annealing DNA Now
2097 , 53.00 , 57.50 , 100.00 , 29
2098 , 52.25 , 57.50 , 125.00 , 29
2099 , 53.50 , 57.50 , 125.00 , 29
2100 , 55.25 , 57.50 , 112.50 , 29
2101 , 56.50 , 57.50 , 66.25 , 29
2102 , 56.25 , 57.50 , 23.75 , 29
2103 , 55.75 , 57.50 , 12.50 , 29
2104 , 55.50 , 57.50 , 8.75 , 29
2105 , 54.75 , 57.50 , 1.25 , 29
2106 , 54.00 , 57.50 , 7.50 , 29
Going to Extension Temperature
2107 , 53.75 , 250.00 , 7.50 , 29
2108 , 56.00 , 250.00 , 7.50 , 29
2109 , 57.25 , 250.00 , 7.50 , 29
2110 , 60.50 , 250.00 , 7.50 , 29
2111 , 63.00 , 250.00 , 7.50 , 29
2112 , 65.00 , 250.00 , 7.50 , 29
2113 , 66.50 , 250.00 , 7.50 , 29
2114 , 68.75 , 250.00 , 7.50 , 29
2115 , 70.50 , 250.00 , 7.50 , 29
Extending DNA Now
2116 , 72.25 , 250.00 , 7.50 , 29
2117 , 74.00 , 243.75 , 7.50 , 29
2118 , 75.00 , 198.75 , 7.50 , 29
2119 , 76.25 , 163.75 , 7.50 , 29
2120 , 76.50 , 117.50 , 7.50 , 29
2121 , 75.50 , 90.00 , 7.50 , 29
2122 , 75.75 , 92.50 , 7.50 , 29
2123 , 75.75 , 68.75 , 7.50 , 29
2124 , 74.75 , 50.00 , 7.50 , 29
2125 , 73.75 , 56.25 , 7.50 , 29
2126 , 73.25 , 67.50 , 7.50 , 29
2127 , 72.75 , 71.25 , 7.50 , 29
2128 , 72.00 , 77.50 , 7.50 , 29
2129 , 71.25 , 92.50 , 7.50 , 29
2130 , 71.50 , 111.25 , 7.50 , 29
2131 , 72.25 , 108.75 , 7.50 , 29
2132 , 72.00 , 92.50 , 7.50 , 29
2133 , 71.75 , 97.50 , 7.50 , 29
2134 , 72.00 , 103.75 , 7.50 , 29
2135 , 70.75 , 98.75 , 7.50 , 29
2136 , 72.00 , 98.75 , 7.50 , 29
Going to Denaturing Temperature
2137 , 71.75 , 250.00 , 7.50 , 30
2138 , 75.00 , 250.00 , 7.50 , 30
2139 , 79.00 , 250.00 , 7.50 , 30
2140 , 82.00 , 250.00 , 7.50 , 30
2141 , 85.00 , 250.00 , 7.50 , 30
2142 , 87.75 , 250.00 , 7.50 , 30
2143 , 90.00 , 250.00 , 7.50 , 30
2144 , 92.00 , 250.00 , 7.50 , 30
Denaturing DNA Now
2145 , 94.25 , 250.00 , 7.50 , 30
2146 , 96.75 , 193.75 , 7.50 , 30
2147 , 97.25 , 120.00 , 7.50 , 30
2148 , 97.75 , 83.75 , 7.50 , 30
2149 , 96.50 , 45.00 , 7.50 , 30
Going to Annealing Temperature
2150 , 94.25 , 45.00 , 7.50 , 30
2151 , 92.25 , 45.00 , 7.50 , 30
2152 , 90.75 , 45.00 , 7.50 , 30
2153 , 88.00 , 45.00 , 7.50 , 30
2154 , 85.50 , 45.00 , 7.50 , 30
2155 , 83.50 , 45.00 , 7.50 , 30
2156 , 80.75 , 45.00 , 7.50 , 30
2157 , 78.25 , 45.00 , 7.50 , 30
2158 , 76.50 , 45.00 , 7.50 , 30
2159 , 73.75 , 45.00 , 7.50 , 30
2160 , 71.75 , 45.00 , 7.50 , 30
2161 , 70.25 , 45.00 , 7.50 , 30
2162 , 68.00 , 45.00 , 7.50 , 30
2163 , 65.75 , 45.00 , 7.50 , 30
2164 , 64.25 , 45.00 , 7.50 , 30
2165 , 62.75 , 45.00 , 7.50 , 30
2166 , 61.50 , 45.00 , 7.50 , 30
2167 , 59.75 , 45.00 , 7.50 , 30
2168 , 58.00 , 45.00 , 7.50 , 30
2169 , 56.75 , 45.00 , 7.50 , 30
2170 , 55.50 , 45.00 , 7.50 , 30
2171 , 54.50 , 45.00 , 7.50 , 30
Annealing DNA Now
2172 , 53.00 , 45.00 , 95.00 , 30
2173 , 52.50 , 45.00 , 125.00 , 30
2174 , 53.75 , 45.00 , 125.00 , 30
2175 , 55.50 , 45.00 , 106.25 , 30
2176 , 56.00 , 45.00 , 58.75 , 30
2177 , 56.50 , 45.00 , 33.75 , 30
2178 , 56.00 , 45.00 , 6.25 , 30
2179 , 55.00 , 45.00 , 1.25 , 30
2180 , 54.75 , 45.00 , 11.25 , 30
2181 , 54.00 , 45.00 , 7.50 , 30
Going to Extension Temperature
2182 , 53.75 , 250.00 , 7.50 , 30
2183 , 55.75 , 250.00 , 7.50 , 30
2184 , 57.75 , 250.00 , 7.50 , 30
2185 , 60.00 , 250.00 , 7.50 , 30
2186 , 62.75 , 250.00 , 7.50 , 30
2187 , 64.75 , 250.00 , 7.50 , 30
2188 , 66.50 , 250.00 , 7.50 , 30
2189 , 68.50 , 250.00 , 7.50 , 30
2190 , 70.25 , 250.00 , 7.50 , 30
2191 , 71.50 , 250.00 , 7.50 , 30
Extending DNA Now
2192 , 73.50 , 250.00 , 7.50 , 30
2193 , 75.00 , 212.50 , 7.50 , 30
2194 , 75.75 , 167.50 , 7.50 , 30
2195 , 76.50 , 133.75 , 7.50 , 30
2196 , 76.25 , 96.25 , 7.50 , 30
2197 , 76.00 , 80.00 , 7.50 , 30
2198 , 75.25 , 65.00 , 7.50 , 30
2199 , 74.25 , 63.75 , 7.50 , 30
2200 , 74.00 , 72.50 , 7.50 , 30
2201 , 73.50 , 67.50 , 7.50 , 30
2202 , 72.25 , 70.00 , 7.50 , 30
2203 , 72.25 , 93.75 , 7.50 , 30
2204 , 72.00 , 92.50 , 7.50 , 30
2205 , 71.75 , 97.50 , 7.50 , 30
2206 , 71.25 , 103.75 , 7.50 , 30
2207 , 71.50 , 117.50 , 7.50 , 30
2208 , 71.75 , 115.00 , 7.50 , 30
2209 , 72.00 , 111.25 , 7.50 , 30
2210 , 71.75 , 106.25 , 7.50 , 30
2211 , 72.00 , 112.50 , 7.50 , 30
2212 , 72.00 , 112.50 , 7.50 , 30
