Please wait for the temperature to reach 95
0 , 27.75 , 200.00 , 0.00 , 0
1 , 27.00 , 200.00 , 0.00 , 0
2 , 27.25 , 200.00 , 0.00 , 0
3 , 28.00 , 200.00 , 0.00 , 0
4 , 29.25 , 200.00 , 0.00 , 0
5 , 52.00 , 200.00 , 0.00 , 0
6 , 60.00 , 200.00 , 0.00 , 0
7 , 64.75 , 200.00 , 0.00 , 0
8 , 67.25 , 200.00 , 0.00 , 0
9 , 69.50 , 200.00 , 0.00 , 0
10 , 71.25 , 200.00 , 0.00 , 0
11 , 51.00 , 200.00 , 0.00 , 0
12 , 45.50 , 200.00 , 0.00 , 0
13 , 43.50 , 200.00 , 0.00 , 0
14 , 41.75 , 200.00 , 0.00 , 0
15 , 41.25 , 200.00 , 0.00 , 0
16 , 40.50 , 200.00 , 0.00 , 0
17 , 40.00 , 200.00 , 0.00 , 0
18 , 39.75 , 200.00 , 0.00 , 0
19 , 39.00 , 200.00 , 0.00 , 0
20 , 38.75 , 200.00 , 0.00 , 0
21 , 38.50 , 200.00 , 0.00 , 0
22 , 38.25 , 200.00 , 0.00 , 0
23 , 37.75 , 200.00 , 0.00 , 0
24 , 37.75 , 200.00 , 0.00 , 0
25 , 37.25 , 200.00 , 0.00 , 0
26 , 36.75 , 200.00 , 0.00 , 0
27 , 36.50 , 200.00 , 0.00 , 0
28 , 36.00 , 200.00 , 0.00 , 0
29 , 35.75 , 200.00 , 0.00 , 0
30 , 35.00 , 200.00 , 0.00 , 0
31 , 35.00 , 200.00 , 0.00 , 0
32 , 34.75 , 200.00 , 0.00 , 0
33 , 34.75 , 200.00 , 0.00 , 0
34 , 34.75 , 200.00 , 0.00 , 0
35 , 33.75 , 200.00 , 0.00 , 0
36 , 34.00 , 200.00 , 0.00 , 0
37 , 33.25 , 200.00 , 0.00 , 0
38 , 33.50 , 200.00 , 0.00 , 0
39 , 33.50 , 200.00 , 0.00 , 0
40 , 33.25 , 200.00 , 0.00 , 0
41 , 32.75 , 200.00 , 0.00 , 0
42 , 32.50 , 200.00 , 0.00 , 0
43 , 32.50 , 200.00 , 0.00 , 0
44 , 32.00 , 200.00 , 0.00 , 0
45 , 32.00 , 200.00 , 0.00 , 0
46 , 31.25 , 200.00 , 0.00 , 0
47 , 52.25 , 200.00 , 0.00 , 0
48 , 63.25 , 200.00 , 0.00 , 0
49 , 68.00 , 200.00 , 0.00 , 0
50 , 72.25 , 200.00 , 0.00 , 0
51 , 72.50 , 200.00 , 0.00 , 0
52 , 72.75 , 200.00 , 0.00 , 0
53 , 75.25 , 200.00 , 0.00 , 0
54 , 77.75 , 200.00 , 0.00 , 0
55 , 80.25 , 200.00 , 0.00 , 0
56 , 82.75 , 200.00 , 0.00 , 0
57 , 85.00 , 200.00 , 0.00 , 0
58 , 87.50 , 200.00 , 0.00 , 0
59 , 68.75 , 200.00 , 0.00 , 0
60 , 65.25 , 200.00 , 0.00 , 0
61 , 63.25 , 200.00 , 0.00 , 0
62 , 62.25 , 200.00 , 0.00 , 0
63 , 60.75 , 200.00 , 0.00 , 0
64 , 59.75 , 200.00 , 0.00 , 0
65 , 58.75 , 200.00 , 0.00 , 0
66 , 58.00 , 200.00 , 0.00 , 0
67 , 57.25 , 200.00 , 0.00 , 0
68 , 55.50 , 200.00 , 0.00 , 0
69 , 54.00 , 200.00 , 0.00 , 0
70 , 52.25 , 200.00 , 0.00 , 0
71 , 50.75 , 200.00 , 0.00 , 0
72 , 49.00 , 200.00 , 0.00 , 0
73 , 47.50 , 200.00 , 0.00 , 0
74 , 46.75 , 200.00 , 0.00 , 0
75 , 46.00 , 200.00 , 0.00 , 0
76 , 45.50 , 200.00 , 0.00 , 0
77 , 43.75 , 200.00 , 0.00 , 0
78 , 44.00 , 200.00 , 0.00 , 0
79 , 43.75 , 200.00 , 0.00 , 0
80 , 42.75 , 200.00 , 0.00 , 0
81 , 42.25 , 200.00 , 0.00 , 0
82 , 42.25 , 200.00 , 0.00 , 0
83 , 41.25 , 200.00 , 0.00 , 0
84 , 41.00 , 200.00 , 0.00 , 0
85 , 40.75 , 200.00 , 0.00 , 0
86 , 40.50 , 200.00 , 0.00 , 0
87 , 40.25 , 200.00 , 0.00 , 0
88 , 39.50 , 200.00 , 0.00 , 0
89 , 39.50 , 200.00 , 0.00 , 0
90 , 39.50 , 200.00 , 0.00 , 0
91 , 39.50 , 200.00 , 0.00 , 0
92 , 39.00 , 200.00 , 0.00 , 0
93 , 38.50 , 200.00 , 0.00 , 0
94 , 38.50 , 200.00 , 0.00 , 0
95 , 38.25 , 200.00 , 0.00 , 0
96 , 38.00 , 200.00 , 0.00 , 0
97 , 37.50 , 200.00 , 0.00 , 0
98 , 37.75 , 200.00 , 0.00 , 0
99 , 37.25 , 200.00 , 0.00 , 0
100 , 37.25 , 200.00 , 0.00 , 0
101 , 36.75 , 200.00 , 0.00 , 0
102 , 36.75 , 200.00 , 0.00 , 0
103 , 35.75 , 200.00 , 0.00 , 0
104 , 35.50 , 200.00 , 0.00 , 0
105 , 35.50 , 200.00 , 0.00 , 0
106 , 36.00 , 200.00 , 0.00 , 0
107 , 36.50 , 200.00 , 0.00 , 0
108 , 41.00 , 200.00 , 0.00 , 0
109 , 42.25 , 200.00 , 0.00 , 0
110 , 44.50 , 200.00 , 0.00 , 0
111 , 47.25 , 200.00 , 0.00 , 0
112 , 49.25 , 200.00 , 0.00 , 0
113 , 51.75 , 200.00 , 0.00 , 0
114 , 53.75 , 200.00 , 0.00 , 0
115 , 55.75 , 200.00 , 0.00 , 0
116 , 57.50 , 200.00 , 0.00 , 0
117 , 59.75 , 200.00 , 0.00 , 0
118 , 61.75 , 200.00 , 0.00 , 0
119 , 63.25 , 200.00 , 0.00 , 0
120 , 65.00 , 200.00 , 0.00 , 0
121 , 67.50 , 200.00 , 0.00 , 0
122 , 69.25 , 200.00 , 0.00 , 0
123 , 70.50 , 200.00 , 0.00 , 0
124 , 72.25 , 200.00 , 0.00 , 0
125 , 74.25 , 200.00 , 0.00 , 0
126 , 76.00 , 200.00 , 0.00 , 0
127 , 77.25 , 200.00 , 0.00 , 0
128 , 78.75 , 200.00 , 0.00 , 0
129 , 79.75 , 200.00 , 0.00 , 0
130 , 82.00 , 200.00 , 0.00 , 0
131 , 82.75 , 200.00 , 0.00 , 0
132 , 84.25 , 200.00 , 0.00 , 0
133 , 86.00 , 200.00 , 0.00 , 0
134 , 87.25 , 200.00 , 0.00 , 0
135 , 88.50 , 200.00 , 0.00 , 0
136 , 90.75 , 200.00 , 0.00 , 0
137 , 91.75 , 200.00 , 0.00 , 0
138 , 93.75 , 200.00 , 0.00 , 0
139 , 95.00 , 200.00 , 0.00 , 0
Temperature has reached 95, please wait 60s for the initial denaturing to complete
140 , 96.25 , 200.00 , 0.00 , 0
Initial Denaturing has completed, Amplification Loop will start now
Going to Denaturing Temperature
Denaturing DNA Now
141 , 98.00 , 191.00 , 0.00 , 1
Going to Annealing Temperature
142 , 99.00 , 191.00 , 0.00 , 1
143 , 98.75 , 191.00 , 0.00 , 1
144 , 95.75 , 191.00 , 0.00 , 1
145 , 92.50 , 191.00 , 0.00 , 1
146 , 88.25 , 191.00 , 0.00 , 1
147 , 84.50 , 191.00 , 0.00 , 1
148 , 80.75 , 191.00 , 0.00 , 1
149 , 77.75 , 191.00 , 0.00 , 1
150 , 74.50 , 191.00 , 0.00 , 1
151 , 71.50 , 191.00 , 0.00 , 1
152 , 69.00 , 191.00 , 0.00 , 1
153 , 66.50 , 191.00 , 0.00 , 1
154 , 64.00 , 191.00 , 0.00 , 1
155 , 61.75 , 191.00 , 0.00 , 1
156 , 59.50 , 191.00 , 0.00 , 1
157 , 57.75 , 191.00 , 0.00 , 1
158 , 55.50 , 191.00 , 0.00 , 1
159 , 54.00 , 191.00 , 0.00 , 1
160 , 52.50 , 191.00 , 0.00 , 1
161 , 50.50 , 191.00 , 0.00 , 1
Annealing DNA Now
162 , 49.50 , 191.00 , 96.50 , 1
163 , 48.75 , 191.00 , 100.00 , 1
164 , 48.50 , 191.00 , 100.00 , 1
165 , 50.00 , 191.00 , 100.00 , 1
166 , 51.25 , 191.00 , 100.00 , 1
167 , 52.00 , 191.00 , 91.00 , 1
168 , 53.00 , 191.00 , 85.35 , 1
169 , 54.00 , 191.00 , 77.75 , 1
170 , 54.75 , 191.00 , 69.95 , 1
171 , 55.50 , 191.00 , 63.75 , 1
Going to Extension Temperature
172 , 56.25 , 200.00 , 63.75 , 1
173 , 57.25 , 200.00 , 63.75 , 1
174 , 59.50 , 200.00 , 63.75 , 1
175 , 62.50 , 196.40 , 63.75 , 1
176 , 66.00 , 177.30 , 63.75 , 1
177 , 68.50 , 154.00 , 63.75 , 1
178 , 70.50 , 137.20 , 63.75 , 1
179 , 72.75 , 123.50 , 63.75 , 1
Extending DNA Now
180 , 73.50 , 107.60 , 63.75 , 1
181 , 74.50 , 102.05 , 63.75 , 1
182 , 75.75 , 94.55 , 63.75 , 1
183 , 75.50 , 85.05 , 63.75 , 1
184 , 76.25 , 86.10 , 63.75 , 1
185 , 76.50 , 80.00 , 63.75 , 1
186 , 76.25 , 77.35 , 63.75 , 1
187 , 75.50 , 78.25 , 63.75 , 1
188 , 76.00 , 82.80 , 63.75 , 1
189 , 75.50 , 78.50 , 63.75 , 1
190 , 75.75 , 81.30 , 63.75 , 1
191 , 75.50 , 78.80 , 63.75 , 1
192 , 75.75 , 79.85 , 63.75 , 1
193 , 75.25 , 77.35 , 63.75 , 1
194 , 75.25 , 80.20 , 63.75 , 1
195 , 76.00 , 79.55 , 63.75 , 1
196 , 75.75 , 73.50 , 63.75 , 1
197 , 75.50 , 74.50 , 63.75 , 1
198 , 75.50 , 75.55 , 63.75 , 1
199 , 75.50 , 74.85 , 63.75 , 1
200 , 75.50 , 74.85 , 63.75 , 1
Going to Denaturing Temperature
201 , 75.50 , 200.00 , 63.75 , 2
202 , 76.25 , 200.00 , 63.75 , 2
203 , 78.00 , 200.00 , 63.75 , 2
204 , 81.50 , 200.00 , 63.75 , 2
205 , 84.25 , 200.00 , 63.75 , 2
206 , 87.25 , 194.40 , 63.75 , 2
207 , 89.75 , 174.95 , 63.75 , 2
208 , 91.75 , 158.50 , 63.75 , 2
209 , 93.75 , 145.15 , 63.75 , 2
210 , 95.25 , 131.40 , 63.75 , 2
Denaturing DNA Now
211 , 96.00 , 120.85 , 63.75 , 2
Going to Annealing Temperature
212 , 96.50 , 120.85 , 63.75 , 2
213 , 95.00 , 120.85 , 63.75 , 2
214 , 93.25 , 120.85 , 63.75 , 2
215 , 89.75 , 120.85 , 63.75 , 2
216 , 85.75 , 120.85 , 63.75 , 2
217 , 82.25 , 120.85 , 63.75 , 2
218 , 78.00 , 120.85 , 63.75 , 2
219 , 75.50 , 120.85 , 63.75 , 2
220 , 72.25 , 120.85 , 63.75 , 2
221 , 69.50 , 120.85 , 63.75 , 2
222 , 67.25 , 120.85 , 63.75 , 2
223 , 64.50 , 120.85 , 63.75 , 2
224 , 61.75 , 120.85 , 63.75 , 2
225 , 60.00 , 120.85 , 63.75 , 2
226 , 58.25 , 120.85 , 63.75 , 2
227 , 55.50 , 120.85 , 63.75 , 2
228 , 54.25 , 120.85 , 63.75 , 2
229 , 53.25 , 120.85 , 63.75 , 2
230 , 51.50 , 120.85 , 63.75 , 2
Annealing DNA Now
231 , 50.00 , 120.85 , 89.50 , 2
232 , 48.75 , 120.85 , 100.00 , 2
233 , 49.50 , 120.85 , 100.00 , 2
234 , 50.25 , 120.85 , 100.00 , 2
235 , 51.75 , 120.85 , 98.20 , 2
236 , 53.50 , 120.85 , 87.35 , 2
237 , 54.75 , 120.85 , 74.40 , 2
238 , 55.25 , 120.85 , 64.70 , 2
239 , 56.50 , 120.85 , 60.15 , 2
240 , 57.00 , 120.85 , 50.10 , 2
Going to Extension Temperature
241 , 56.75 , 200.00 , 50.10 , 2
242 , 58.75 , 200.00 , 50.10 , 2
243 , 61.25 , 197.05 , 50.10 , 2
244 , 64.75 , 181.70 , 50.10 , 2
245 , 68.25 , 158.65 , 50.10 , 2
246 , 71.50 , 134.90 , 50.10 , 2
247 , 72.75 , 112.25 , 50.10 , 2
Extending DNA Now
248 , 74.75 , 103.35 , 50.10 , 2
249 , 76.00 , 88.80 , 50.10 , 2
250 , 76.00 , 79.25 , 50.10 , 2
251 , 76.00 , 78.45 , 50.10 , 2
252 , 76.75 , 77.65 , 50.10 , 2
253 , 77.00 , 71.45 , 50.10 , 2
254 , 77.25 , 68.70 , 50.10 , 2
255 , 77.00 , 65.90 , 50.10 , 2
256 , 76.75 , 66.65 , 50.10 , 2
257 , 76.50 , 67.45 , 50.10 , 2
258 , 76.25 , 68.30 , 50.10 , 2
259 , 76.50 , 69.20 , 50.10 , 2
260 , 76.25 , 66.55 , 50.10 , 2
261 , 76.00 , 67.45 , 50.10 , 2
262 , 76.00 , 68.40 , 50.10 , 2
263 , 75.75 , 67.60 , 50.10 , 2
264 , 74.75 , 68.60 , 50.10 , 2
265 , 75.25 , 75.05 , 50.10 , 2
266 , 75.50 , 70.90 , 50.10 , 2
267 , 75.25 , 68.45 , 50.10 , 2
268 , 75.00 , 68.45 , 50.10 , 2
Going to Denaturing Temperature
269 , 75.00 , 200.00 , 50.10 , 3
270 , 76.00 , 200.00 , 50.10 , 3
271 , 78.75 , 200.00 , 50.10 , 3
272 , 82.00 , 200.00 , 50.10 , 3
273 , 85.00 , 200.00 , 50.10 , 3
274 , 87.50 , 182.60 , 50.10 , 3
275 , 90.25 , 166.60 , 50.10 , 3
276 , 91.50 , 148.30 , 50.10 , 3
277 , 93.50 , 140.25 , 50.10 , 3
278 , 95.00 , 126.55 , 50.10 , 3
Denaturing DNA Now
279 , 95.50 , 116.05 , 50.10 , 3
Going to Annealing Temperature
280 , 96.25 , 116.05 , 50.10 , 3
281 , 95.25 , 116.05 , 50.10 , 3
282 , 92.75 , 116.05 , 50.10 , 3
283 , 89.00 , 116.05 , 50.10 , 3
284 , 85.50 , 116.05 , 50.10 , 3
285 , 81.25 , 116.05 , 50.10 , 3
286 , 77.75 , 116.05 , 50.10 , 3
287 , 74.75 , 116.05 , 50.10 , 3
288 , 71.75 , 116.05 , 50.10 , 3
289 , 68.75 , 116.05 , 50.10 , 3
290 , 66.75 , 116.05 , 50.10 , 3
291 , 64.25 , 116.05 , 50.10 , 3
292 , 61.50 , 116.05 , 50.10 , 3
293 , 60.00 , 116.05 , 50.10 , 3
294 , 57.25 , 116.05 , 50.10 , 3
295 , 55.75 , 116.05 , 50.10 , 3
296 , 54.25 , 116.05 , 50.10 , 3
297 , 52.75 , 116.05 , 50.10 , 3
298 , 51.00 , 116.05 , 50.10 , 3
Annealing DNA Now
299 , 49.25 , 116.05 , 93.00 , 3
300 , 49.00 , 116.05 , 100.00 , 3
301 , 49.25 , 116.05 , 100.00 , 3
302 , 50.50 , 116.05 , 100.00 , 3
303 , 51.50 , 116.05 , 96.40 , 3
304 , 52.75 , 116.05 , 89.10 , 3
305 , 54.75 , 116.05 , 79.80 , 3
306 , 56.00 , 116.05 , 64.85 , 3
307 , 56.00 , 116.05 , 54.90 , 3
308 , 57.25 , 116.05 , 53.70 , 3
Going to Extension Temperature
309 , 57.75 , 200.00 , 53.70 , 3
310 , 59.00 , 200.00 , 53.70 , 3
311 , 61.25 , 195.10 , 53.70 , 3
312 , 64.75 , 181.50 , 53.70 , 3
313 , 67.75 , 158.45 , 53.70 , 3
314 , 71.00 , 138.30 , 53.70 , 3
315 , 72.25 , 115.75 , 53.70 , 3
Extending DNA Now
316 , 74.25 , 106.95 , 53.70 , 3
317 , 75.50 , 92.50 , 53.70 , 3
318 , 75.75 , 83.05 , 53.70 , 3
319 , 76.50 , 80.55 , 53.70 , 3
320 , 76.50 , 74.40 , 53.70 , 3
321 , 76.25 , 73.50 , 53.70 , 3
322 , 76.75 , 74.40 , 53.70 , 3
323 , 76.50 , 69.95 , 53.70 , 3
324 , 76.25 , 70.80 , 53.70 , 3
325 , 75.75 , 71.70 , 53.70 , 3
326 , 75.75 , 74.45 , 53.70 , 3
327 , 75.75 , 73.70 , 53.70 , 3
328 , 75.50 , 72.95 , 53.70 , 3
329 , 75.50 , 74.00 , 53.70 , 3
330 , 75.75 , 73.30 , 53.70 , 3
331 , 75.75 , 70.80 , 53.70 , 3
332 , 75.75 , 70.05 , 53.70 , 3
333 , 75.75 , 69.30 , 53.70 , 3
334 , 75.25 , 68.55 , 53.70 , 3
335 , 75.50 , 71.40 , 53.70 , 3
336 , 75.25 , 71.40 , 53.70 , 3
Going to Denaturing Temperature
337 , 74.75 , 200.00 , 53.70 , 4
338 , 76.50 , 200.00 , 53.70 , 4
339 , 78.50 , 200.00 , 53.70 , 4
340 , 81.25 , 200.00 , 53.70 , 4
341 , 84.50 , 200.00 , 53.70 , 4
342 , 86.50 , 187.50 , 53.70 , 4
343 , 89.00 , 175.20 , 53.70 , 4
344 , 91.25 , 158.90 , 53.70 , 4
345 , 93.00 , 143.90 , 53.70 , 4
346 , 94.25 , 132.05 , 53.70 , 4
347 , 94.75 , 123.45 , 53.70 , 4
348 , 95.25 , 120.00 , 53.70 , 4
Denaturing DNA Now
349 , 96.00 , 116.45 , 53.70 , 4
Going to Annealing Temperature
350 , 95.75 , 116.45 , 53.70 , 4
351 , 95.25 , 116.45 , 53.70 , 4
352 , 93.00 , 116.45 , 53.70 , 4
353 , 89.25 , 116.45 , 53.70 , 4
354 , 85.75 , 116.45 , 53.70 , 4
355 , 82.00 , 116.45 , 53.70 , 4
356 , 78.00 , 116.45 , 53.70 , 4
357 , 75.25 , 116.45 , 53.70 , 4
358 , 72.00 , 116.45 , 53.70 , 4
359 , 69.50 , 116.45 , 53.70 , 4
360 , 66.25 , 116.45 , 53.70 , 4
361 , 63.75 , 116.45 , 53.70 , 4
362 , 62.00 , 116.45 , 53.70 , 4
363 , 59.75 , 116.45 , 53.70 , 4
364 , 57.75 , 116.45 , 53.70 , 4
365 , 55.75 , 116.45 , 53.70 , 4
366 , 54.00 , 116.45 , 53.70 , 4
367 , 52.50 , 116.45 , 53.70 , 4
368 , 51.00 , 116.45 , 53.70 , 4
Annealing DNA Now
369 , 49.50 , 116.45 , 93.00 , 4
370 , 49.00 , 116.45 , 100.00 , 4
371 , 49.50 , 116.45 , 100.00 , 4
372 , 50.50 , 116.45 , 100.00 , 4
373 , 52.00 , 116.45 , 96.40 , 4
374 , 53.50 , 116.45 , 85.50 , 4
375 , 55.00 , 116.45 , 74.30 , 4
376 , 55.50 , 116.45 , 62.80 , 4
377 , 56.75 , 116.45 , 58.20 , 4
378 , 56.75 , 116.45 , 48.10 , 4
Going to Extension Temperature
379 , 57.00 , 200.00 , 48.10 , 4
380 , 59.00 , 200.00 , 48.10 , 4
381 , 61.00 , 195.00 , 48.10 , 4
382 , 64.25 , 183.20 , 48.10 , 4
383 , 68.00 , 162.00 , 48.10 , 4
384 , 70.25 , 136.55 , 48.10 , 4
385 , 72.25 , 121.15 , 48.10 , 4
Extending DNA Now
386 , 74.00 , 107.10 , 48.10 , 4
387 , 75.25 , 94.45 , 48.10 , 4
388 , 76.50 , 85.05 , 48.10 , 4
389 , 76.25 , 75.40 , 48.10 , 4
390 , 77.00 , 76.30 , 48.10 , 4
391 , 77.25 , 70.05 , 48.10 , 4
392 , 77.25 , 67.25 , 48.10 , 4
393 , 77.00 , 66.20 , 48.10 , 4
394 , 76.50 , 66.95 , 48.10 , 4
395 , 76.00 , 69.55 , 48.10 , 4
396 , 76.75 , 72.25 , 48.10 , 4
398 , 76.50 , 66.05 , 48.10 , 4
399 , 76.50 , 66.90 , 48.10 , 4
400 , 76.00 , 66.00 , 48.10 , 4
401 , 75.75 , 68.70 , 48.10 , 4
402 , 76.50 , 69.70 , 48.10 , 4
403 , 76.50 , 63.55 , 48.10 , 4
404 , 76.25 , 62.65 , 48.10 , 4
405 , 76.00 , 63.55 , 48.10 , 4
406 , 76.00 , 63.55 , 48.10 , 4
Going to Denaturing Temperature
407 , 75.25 , 200.00 , 48.10 , 5
408 , 76.50 , 200.00 , 48.10 , 5
409 , 78.75 , 200.00 , 48.10 , 5
410 , 81.75 , 200.00 , 48.10 , 5
411 , 84.50 , 200.00 , 48.10 , 5
412 , 87.25 , 186.25 , 48.10 , 5
413 , 89.25 , 168.55 , 48.10 , 5
414 , 91.25 , 155.70 , 48.10 , 5
415 , 92.75 , 142.45 , 48.10 , 5
416 , 94.00 , 132.40 , 48.10 , 5
417 , 94.50 , 123.85 , 48.10 , 5
418 , 95.25 , 120.45 , 48.10 , 5
Denaturing DNA Now
419 , 95.75 , 115.15 , 48.10 , 5
Going to Annealing Temperature
420 , 95.50 , 115.15 , 48.10 , 5
421 , 95.25 , 115.15 , 48.10 , 5
422 , 92.75 , 115.15 , 48.10 , 5
423 , 88.75 , 115.15 , 48.10 , 5
424 , 85.00 , 115.15 , 48.10 , 5
425 , 81.50 , 115.15 , 48.10 , 5
426 , 78.00 , 115.15 , 48.10 , 5
427 , 74.25 , 115.15 , 48.10 , 5
428 , 71.75 , 115.15 , 48.10 , 5
429 , 69.00 , 115.15 , 48.10 , 5
430 , 66.75 , 115.15 , 48.10 , 5
431 , 63.50 , 115.15 , 48.10 , 5
432 , 61.75 , 115.15 , 48.10 , 5
433 , 59.75 , 115.15 , 48.10 , 5
434 , 57.50 , 115.15 , 48.10 , 5
435 , 55.75 , 115.15 , 48.10 , 5
436 , 54.00 , 115.15 , 48.10 , 5
437 , 52.50 , 115.15 , 48.10 , 5
438 , 50.75 , 115.15 , 48.10 , 5
Annealing DNA Now
439 , 49.50 , 115.15 , 94.75 , 5
440 , 48.25 , 115.15 , 100.00 , 5
441 , 48.75 , 115.15 , 100.00 , 5
442 , 49.75 , 115.15 , 100.00 , 5
443 , 51.00 , 115.15 , 100.00 , 5
444 , 52.50 , 115.15 , 92.80 , 5
445 , 53.75 , 115.15 , 81.80 , 5
446 , 55.00 , 115.15 , 72.30 , 5
447 , 55.25 , 115.15 , 62.55 , 5
448 , 56.25 , 115.15 , 59.75 , 5
Going to Extension Temperature
449 , 56.50 , 200.00 , 59.75 , 5
450 , 58.50 , 200.00 , 59.75 , 5
451 , 60.25 , 199.95 , 59.75 , 5
452 , 63.50 , 190.05 , 59.75 , 5
453 , 66.50 , 169.00 , 59.75 , 5
454 , 68.75 , 149.10 , 59.75 , 5
455 , 71.25 , 134.00 , 59.75 , 5
456 , 73.25 , 116.65 , 59.75 , 5
Extending DNA Now
457 , 74.00 , 102.40 , 59.75 , 5
458 , 75.00 , 96.75 , 59.75 , 5
459 , 75.50 , 89.15 , 59.75 , 5
460 , 75.50 , 84.95 , 59.75 , 5
461 , 76.25 , 84.25 , 59.75 , 5
462 , 76.25 , 78.15 , 59.75 , 5
463 , 76.75 , 77.30 , 59.75 , 5
464 , 76.25 , 72.85 , 59.75 , 5
465 , 75.75 , 75.50 , 59.75 , 5
466 , 76.00 , 78.25 , 59.75 , 5
467 , 75.25 , 75.70 , 59.75 , 5
468 , 75.50 , 80.30 , 59.75 , 5
469 , 75.25 , 77.85 , 59.75 , 5
470 , 75.25 , 78.95 , 59.75 , 5
471 , 75.25 , 78.30 , 59.75 , 5
472 , 75.25 , 77.65 , 59.75 , 5
473 , 75.00 , 77.00 , 59.75 , 5
474 , 74.75 , 78.15 , 59.75 , 5
475 , 74.25 , 79.35 , 59.75 , 5
476 , 74.75 , 82.40 , 59.75 , 5
477 , 74.50 , 82.40 , 59.75 , 5
Going to Denaturing Temperature
478 , 74.50 , 200.00 , 59.75 , 6
479 , 76.00 , 200.00 , 59.75 , 6
480 , 78.00 , 200.00 , 59.75 , 6
481 , 80.00 , 200.00 , 59.75 , 6
482 , 83.25 , 200.00 , 59.75 , 6
483 , 84.50 , 200.00 , 59.75 , 6
484 , 87.75 , 194.50 , 59.75 , 6
485 , 89.50 , 173.20 , 59.75 , 6
486 , 90.75 , 162.05 , 59.75 , 6
487 , 92.50 , 154.15 , 59.75 , 6
488 , 92.75 , 142.40 , 59.75 , 6
489 , 94.25 , 141.10 , 59.75 , 6
490 , 94.25 , 130.75 , 59.75 , 6
491 , 95.25 , 130.90 , 59.75 , 6
Denaturing DNA Now
492 , 95.75 , 123.85 , 59.75 , 6
Going to Annealing Temperature
493 , 96.25 , 123.85 , 59.75 , 6
494 , 95.00 , 123.85 , 59.75 , 6
495 , 92.75 , 123.85 , 59.75 , 6
496 , 89.00 , 123.85 , 59.75 , 6
497 , 84.75 , 123.85 , 59.75 , 6
498 , 81.25 , 123.85 , 59.75 , 6
499 , 77.75 , 123.85 , 59.75 , 6
500 , 74.25 , 123.85 , 59.75 , 6
501 , 71.50 , 123.85 , 59.75 , 6
502 , 68.50 , 123.85 , 59.75 , 6
503 , 66.25 , 123.85 , 59.75 , 6
504 , 63.75 , 123.85 , 59.75 , 6
505 , 61.75 , 123.85 , 59.75 , 6
506 , 59.50 , 123.85 , 59.75 , 6
507 , 57.50 , 123.85 , 59.75 , 6
508 , 55.00 , 123.85 , 59.75 , 6
509 , 53.50 , 123.85 , 59.75 , 6
510 , 52.25 , 123.85 , 59.75 , 6
511 , 50.75 , 123.85 , 59.75 , 6
Annealing DNA Now
512 , 49.25 , 123.85 , 94.75 , 6
513 , 48.25 , 123.85 , 100.00 , 6
514 , 48.75 , 123.85 , 100.00 , 6
515 , 49.50 , 123.85 , 100.00 , 6
516 , 50.75 , 123.85 , 100.00 , 6
517 , 52.50 , 123.85 , 94.60 , 6
518 , 53.50 , 123.85 , 81.85 , 6
519 , 54.75 , 123.85 , 74.15 , 6
520 , 55.25 , 123.85 , 64.45 , 6
521 , 56.00 , 123.85 , 59.90 , 6
Going to Extension Temperature
522 , 56.25 , 200.00 , 59.90 , 6
523 , 57.50 , 200.00 , 59.90 , 6
524 , 59.00 , 200.00 , 59.90 , 6
525 , 61.75 , 199.50 , 59.90 , 6
526 , 65.50 , 182.30 , 59.90 , 6
527 , 67.75 , 157.35 , 59.90 , 6
528 , 70.25 , 142.45 , 59.90 , 6
529 , 71.00 , 125.30 , 59.90 , 6
530 , 73.00 , 120.25 , 59.90 , 6
Extending DNA Now
531 , 74.00 , 106.05 , 59.90 , 6
532 , 74.25 , 98.65 , 59.90 , 6
533 , 74.75 , 96.45 , 59.90 , 6
534 , 75.00 , 92.40 , 59.90 , 6
535 , 75.50 , 90.05 , 59.90 , 6
536 , 75.75 , 85.85 , 59.90 , 6
537 , 75.75 , 83.35 , 59.90 , 6
538 , 75.50 , 82.60 , 59.90 , 6
539 , 75.75 , 83.65 , 59.90 , 6
540 , 75.75 , 81.15 , 59.90 , 6
541 , 75.50 , 80.40 , 59.90 , 6
542 , 74.75 , 81.45 , 59.90 , 6
543 , 75.75 , 86.15 , 59.90 , 6
544 , 75.00 , 78.40 , 59.90 , 6
545 , 75.25 , 83.05 , 59.90 , 6
546 , 75.50 , 80.65 , 59.90 , 6
547 , 75.25 , 78.20 , 59.90 , 6
548 , 75.25 , 79.30 , 59.90 , 6
549 , 75.00 , 78.65 , 59.90 , 6
550 , 75.00 , 79.80 , 59.90 , 6
551 , 75.00 , 79.80 , 59.90 , 6
Going to Denaturing Temperature
552 , 75.50 , 200.00 , 59.90 , 7
553 , 76.50 , 200.00 , 59.90 , 7
554 , 78.00 , 200.00 , 59.90 , 7
555 , 81.25 , 200.00 , 59.90 , 7
556 , 83.50 , 200.00 , 59.90 , 7
557 , 85.50 , 200.00 , 59.90 , 7
558 , 87.25 , 189.25 , 59.90 , 7
559 , 89.75 , 178.55 , 59.90 , 7
560 , 91.25 , 162.10 , 59.90 , 7
561 , 92.00 , 152.35 , 59.90 , 7
562 , 93.00 , 147.70 , 59.90 , 7
563 , 94.00 , 141.10 , 59.90 , 7
564 , 94.50 , 134.30 , 59.90 , 7
565 , 95.50 , 130.90 , 59.90 , 7
Denaturing DNA Now
566 , 95.50 , 123.80 , 59.90 , 7
Going to Annealing Temperature
567 , 96.00 , 123.80 , 59.90 , 7
568 , 94.00 , 123.80 , 59.90 , 7
569 , 92.25 , 123.80 , 59.90 , 7
570 , 88.25 , 123.80 , 59.90 , 7
571 , 84.50 , 123.80 , 59.90 , 7
572 , 80.75 , 123.80 , 59.90 , 7
573 , 77.50 , 123.80 , 59.90 , 7
574 , 74.00 , 123.80 , 59.90 , 7
575 , 71.00 , 123.80 , 59.90 , 7
576 , 68.50 , 123.80 , 59.90 , 7
577 , 65.00 , 123.80 , 59.90 , 7
578 , 63.25 , 123.80 , 59.90 , 7
579 , 60.75 , 123.80 , 59.90 , 7
580 , 59.25 , 123.80 , 59.90 , 7
581 , 57.25 , 123.80 , 59.90 , 7
582 , 55.00 , 123.80 , 59.90 , 7
583 , 53.25 , 123.80 , 59.90 , 7
584 , 51.50 , 123.80 , 59.90 , 7
Annealing DNA Now
585 , 50.25 , 123.80 , 89.50 , 7
586 , 49.25 , 123.80 , 98.20 , 7
587 , 49.50 , 123.80 , 100.00 , 7
588 , 50.00 , 123.80 , 100.00 , 7
589 , 51.75 , 123.80 , 100.00 , 7
590 , 53.00 , 123.80 , 87.40 , 7
591 , 54.00 , 123.80 , 78.05 , 7
592 , 54.50 , 123.80 , 70.25 , 7
593 , 56.25 , 123.80 , 65.85 , 7
594 , 56.50 , 123.80 , 52.35 , 7
Going to Extension Temperature
595 , 56.50 , 200.00 , 52.35 , 7
596 , 58.25 , 200.00 , 52.35 , 7
597 , 60.00 , 200.00 , 52.35 , 7
598 , 62.50 , 191.45 , 52.35 , 7
599 , 65.75 , 175.85 , 52.35 , 7
600 , 68.50 , 154.35 , 52.35 , 7
601 , 70.50 , 135.80 , 52.35 , 7
602 , 72.25 , 122.10 , 52.35 , 7
Extending DNA Now
603 , 73.50 , 109.80 , 52.35 , 7
604 , 74.25 , 100.75 , 52.35 , 7
605 , 75.00 , 95.05 , 52.35 , 7
606 , 75.50 , 89.20 , 52.35 , 7
607 , 75.75 , 85.00 , 52.35 , 7
608 , 76.00 , 82.50 , 52.35 , 7
609 , 76.00 , 79.95 , 52.35 , 7
610 , 76.00 , 79.15 , 52.35 , 7
611 , 76.00 , 78.35 , 52.35 , 7
612 , 76.00 , 77.55 , 52.35 , 7
613 , 75.75 , 76.75 , 52.35 , 7
614 , 75.75 , 77.75 , 52.35 , 7
615 , 75.50 , 77.00 , 52.35 , 7
616 , 75.25 , 78.05 , 52.35 , 7
617 , 74.25 , 79.15 , 52.35 , 7
618 , 74.50 , 85.70 , 52.35 , 7
619 , 74.25 , 83.45 , 52.35 , 7
620 , 74.50 , 84.75 , 52.35 , 7
621 , 74.75 , 82.50 , 52.35 , 7
622 , 74.75 , 80.20 , 52.35 , 7
623 , 74.50 , 80.20 , 52.35 , 7
Going to Denaturing Temperature
624 , 74.50 , 200.00 , 52.35 , 8
625 , 75.50 , 200.00 , 52.35 , 8
626 , 76.25 , 200.00 , 52.35 , 8
627 , 79.50 , 200.00 , 52.35 , 8
628 , 82.00 , 200.00 , 52.35 , 8
629 , 84.00 , 200.00 , 52.35 , 8
630 , 86.00 , 200.00 , 52.35 , 8
631 , 88.25 , 188.00 , 52.35 , 8
632 , 89.50 , 173.60 , 52.35 , 8
633 , 90.50 , 165.95 , 52.35 , 8
634 , 92.00 , 159.85 , 52.35 , 8
635 , 92.75 , 149.95 , 52.35 , 8
636 , 93.75 , 145.15 , 52.35 , 8
637 , 94.25 , 138.40 , 52.35 , 8
638 , 94.75 , 135.05 , 52.35 , 8
639 , 94.75 , 131.60 , 52.35 , 8
640 , 95.25 , 131.65 , 52.35 , 8
Denaturing DNA Now
641 , 95.50 , 128.10 , 52.35 , 8
Going to Annealing Temperature
642 , 95.00 , 128.10 , 52.35 , 8
643 , 94.00 , 128.10 , 52.35 , 8
644 , 91.75 , 128.10 , 52.35 , 8
645 , 87.75 , 128.10 , 52.35 , 8
646 , 83.50 , 128.10 , 52.35 , 8
647 , 80.75 , 128.10 , 52.35 , 8
648 , 76.50 , 128.10 , 52.35 , 8
649 , 73.75 , 128.10 , 52.35 , 8
650 , 70.25 , 128.10 , 52.35 , 8
651 , 68.00 , 128.10 , 52.35 , 8
652 , 65.00 , 128.10 , 52.35 , 8
653 , 63.25 , 128.10 , 52.35 , 8
654 , 61.00 , 128.10 , 52.35 , 8
655 , 58.75 , 128.10 , 52.35 , 8
656 , 56.50 , 128.10 , 52.35 , 8
657 , 55.25 , 128.10 , 52.35 , 8
658 , 53.00 , 128.10 , 52.35 , 8
659 , 51.50 , 128.10 , 52.35 , 8
Annealing DNA Now
660 , 50.50 , 128.10 , 89.50 , 8
661 , 48.75 , 128.10 , 96.40 , 8
662 , 49.50 , 128.10 , 100.00 , 8
663 , 50.25 , 128.10 , 100.00 , 8
664 , 51.50 , 128.10 , 98.20 , 8
665 , 53.25 , 128.10 , 89.15 , 8
666 , 53.75 , 128.10 , 76.25 , 8
667 , 54.50 , 128.10 , 72.00 , 8
668 , 55.50 , 128.10 , 65.85 , 8
669 , 56.00 , 128.10 , 57.75 , 8
Going to Extension Temperature
670 , 56.75 , 200.00 , 57.75 , 8
671 , 57.75 , 200.00 , 57.75 , 8
672 , 59.75 , 200.00 , 57.75 , 8
673 , 62.00 , 193.55 , 57.75 , 8
674 , 65.25 , 179.80 , 57.75 , 8
675 , 68.00 , 158.40 , 57.75 , 8
676 , 70.00 , 139.95 , 57.75 , 8
677 , 71.25 , 126.35 , 57.75 , 8
678 , 73.25 , 117.75 , 57.75 , 8
Extending DNA Now
679 , 74.00 , 103.50 , 57.75 , 8
680 , 74.75 , 97.85 , 57.75 , 8
681 , 74.75 , 92.05 , 57.75 , 8
682 , 75.50 , 91.50 , 57.75 , 8
683 , 75.75 , 85.55 , 57.75 , 8
684 , 75.50 , 83.05 , 57.75 , 8
685 , 75.25 , 84.10 , 57.75 , 8
686 , 75.25 , 85.20 , 57.75 , 8
687 , 75.25 , 84.55 , 57.75 , 8
688 , 75.25 , 83.90 , 57.75 , 8
689 , 75.25 , 83.25 , 57.75 , 8
690 , 75.00 , 82.60 , 57.75 , 8
691 , 74.25 , 83.75 , 57.75 , 8
692 , 75.00 , 88.55 , 57.75 , 8
693 , 74.75 , 82.70 , 57.75 , 8
694 , 74.75 , 83.90 , 57.75 , 8
695 , 74.75 , 83.35 , 57.75 , 8
696 , 74.75 , 82.80 , 57.75 , 8
697 , 74.75 , 82.25 , 57.75 , 8
698 , 74.75 , 81.70 , 57.75 , 8
699 , 75.25 , 81.70 , 57.75 , 8
Going to Denaturing Temperature
700 , 74.75 , 200.00 , 57.75 , 9
701 , 75.25 , 200.00 , 57.75 , 9
702 , 77.00 , 200.00 , 57.75 , 9
703 , 79.50 , 200.00 , 57.75 , 9
704 , 81.75 , 200.00 , 57.75 , 9
705 , 83.25 , 200.00 , 57.75 , 9
706 , 85.75 , 200.00 , 57.75 , 9
707 , 87.25 , 191.20 , 57.75 , 9
708 , 88.50 , 182.25 , 57.75 , 9
709 , 90.25 , 174.80 , 57.75 , 9
710 , 92.00 , 163.50 , 57.75 , 9
711 , 93.25 , 151.85 , 57.75 , 9
712 , 94.00 , 143.45 , 57.75 , 9
713 , 94.00 , 138.40 , 57.75 , 9
714 , 95.00 , 138.60 , 57.75 , 9
Denaturing DNA Now
715 , 95.25 , 131.60 , 57.75 , 9
Going to Annealing Temperature
716 , 95.75 , 131.60 , 57.75 , 9
717 , 95.00 , 131.60 , 57.75 , 9
718 , 92.25 , 131.60 , 57.75 , 9
719 , 88.75 , 131.60 , 57.75 , 9
720 , 84.50 , 131.60 , 57.75 , 9
721 , 80.75 , 131.60 , 57.75 , 9
722 , 77.25 , 131.60 , 57.75 , 9
723 , 74.25 , 131.60 , 57.75 , 9
724 , 71.25 , 131.60 , 57.75 , 9
725 , 69.00 , 131.60 , 57.75 , 9
726 , 65.50 , 131.60 , 57.75 , 9
727 , 63.50 , 131.60 , 57.75 , 9
728 , 61.25 , 131.60 , 57.75 , 9
729 , 59.00 , 131.60 , 57.75 , 9
730 , 57.25 , 131.60 , 57.75 , 9
731 , 55.25 , 131.60 , 57.75 , 9
732 , 53.75 , 131.60 , 57.75 , 9
733 , 52.00 , 131.60 , 57.75 , 9
Annealing DNA Now
734 , 50.75 , 131.60 , 86.00 , 9
735 , 49.50 , 131.60 , 94.60 , 9
736 , 49.50 , 131.60 , 100.00 , 9
737 , 51.00 , 131.60 , 100.00 , 9
738 , 52.00 , 131.60 , 92.80 , 9
739 , 53.25 , 131.60 , 85.40 , 9
740 , 54.25 , 131.60 , 76.00 , 9
741 , 55.00 , 131.60 , 68.15 , 9
742 , 55.25 , 131.60 , 61.90 , 9
743 , 55.75 , 131.60 , 59.10 , 9
Going to Extension Temperature
744 , 56.25 , 200.00 , 59.10 , 9
745 , 57.00 , 200.00 , 59.10 , 9
746 , 59.00 , 200.00 , 59.10 , 9
747 , 61.50 , 198.85 , 59.10 , 9
748 , 64.50 , 183.45 , 59.10 , 9
749 , 66.50 , 163.95 , 59.10 , 9
750 , 68.00 , 151.05 , 59.10 , 9
751 , 70.50 , 141.35 , 59.10 , 9
752 , 71.50 , 124.15 , 59.10 , 9
753 , 72.50 , 117.25 , 59.10 , 9
Extending DNA Now
754 , 73.50 , 110.15 , 59.10 , 9
755 , 74.25 , 102.85 , 59.10 , 9
756 , 74.50 , 97.15 , 59.10 , 9
757 , 74.75 , 94.90 , 59.10 , 9
758 , 75.00 , 92.60 , 59.10 , 9
759 , 75.00 , 90.25 , 59.10 , 9
760 , 74.75 , 89.65 , 59.10 , 9
761 , 74.50 , 90.85 , 59.10 , 9
762 , 75.00 , 92.10 , 59.10 , 9
763 , 75.25 , 88.00 , 59.10 , 9
764 , 75.25 , 85.60 , 59.10 , 9
765 , 75.25 , 84.95 , 59.10 , 9
766 , 74.75 , 84.30 , 59.10 , 9
767 , 75.50 , 87.25 , 59.10 , 9
768 , 75.00 , 81.30 , 59.10 , 9
769 , 74.75 , 84.20 , 59.10 , 9
770 , 74.50 , 85.40 , 59.10 , 9
771 , 74.50 , 86.65 , 59.10 , 9
772 , 75.00 , 86.15 , 59.10 , 9
773 , 75.00 , 82.05 , 59.10 , 9
774 , 74.75 , 82.05 , 59.10 , 9
Going to Denaturing Temperature
775 , 74.75 , 200.00 , 59.10 , 10
776 , 75.75 , 200.00 , 59.10 , 10
777 , 77.75 , 200.00 , 59.10 , 10
778 , 79.50 , 200.00 , 59.10 , 10
779 , 81.75 , 200.00 , 59.10 , 10
780 , 84.25 , 200.00 , 59.10 , 10
781 , 86.25 , 200.00 , 59.10 , 10
782 , 88.00 , 189.35 , 59.10 , 10
783 , 89.25 , 178.50 , 59.10 , 10
784 , 91.25 , 170.90 , 59.10 , 10
785 , 92.50 , 157.65 , 59.10 , 10
786 , 93.00 , 149.40 , 59.10 , 10
787 , 94.25 , 146.30 , 59.10 , 10
788 , 94.75 , 137.70 , 59.10 , 10
789 , 95.00 , 134.25 , 59.10 , 10
Denaturing DNA Now
790 , 95.50 , 132.50 , 59.10 , 10
Going to Annealing Temperature
791 , 95.75 , 132.50 , 59.10 , 10
792 , 94.75 , 132.50 , 59.10 , 10
793 , 92.50 , 132.50 , 59.10 , 10
794 , 88.50 , 132.50 , 59.10 , 10
795 , 84.75 , 132.50 , 59.10 , 10
796 , 81.25 , 132.50 , 59.10 , 10
797 , 77.00 , 132.50 , 59.10 , 10
798 , 74.25 , 132.50 , 59.10 , 10
799 , 71.25 , 132.50 , 59.10 , 10
800 , 68.25 , 132.50 , 59.10 , 10
801 , 65.75 , 132.50 , 59.10 , 10
802 , 63.00 , 132.50 , 59.10 , 10
803 , 61.00 , 132.50 , 59.10 , 10
804 , 58.75 , 132.50 , 59.10 , 10
805 , 57.00 , 132.50 , 59.10 , 10
806 , 55.25 , 132.50 , 59.10 , 10
807 , 53.50 , 132.50 , 59.10 , 10
808 , 51.75 , 132.50 , 59.10 , 10
Annealing DNA Now
809 , 49.50 , 132.50 , 87.75 , 10
810 , 49.25 , 132.50 , 100.00 , 10
811 , 49.75 , 132.50 , 100.00 , 10
812 , 50.25 , 132.50 , 100.00 , 10
813 , 51.50 , 132.50 , 98.20 , 10
814 , 53.00 , 132.50 , 89.15 , 10
815 , 54.00 , 132.50 , 78.05 , 10
816 , 55.00 , 132.50 , 70.25 , 10
817 , 55.75 , 132.50 , 62.25 , 10
818 , 55.50 , 132.50 , 55.85 , 10
Going to Extension Temperature
819 , 56.00 , 200.00 , 55.85 , 10
820 , 57.00 , 200.00 , 55.85 , 10
821 , 59.25 , 200.00 , 55.85 , 10
822 , 62.00 , 197.40 , 55.85 , 10
823 , 64.00 , 180.15 , 55.85 , 10
824 , 67.25 , 167.75 , 55.85 , 10
825 , 69.00 , 145.95 , 55.85 , 10
826 , 70.50 , 134.30 , 55.85 , 10
827 , 72.25 , 124.10 , 55.85 , 10
Extending DNA Now
828 , 73.25 , 111.80 , 55.85 , 10
829 , 74.25 , 104.55 , 55.85 , 10
830 , 74.50 , 97.10 , 55.85 , 10
831 , 75.00 , 94.85 , 55.85 , 10
832 , 75.00 , 90.75 , 55.85 , 10
833 , 74.75 , 90.15 , 55.85 , 10
834 , 75.50 , 91.35 , 55.85 , 10
835 , 75.50 , 85.40 , 55.85 , 10
836 , 75.50 , 84.70 , 55.85 , 10
837 , 75.75 , 84.00 , 55.85 , 10
838 , 75.75 , 81.50 , 55.85 , 10
839 , 75.25 , 80.75 , 55.85 , 10
840 , 75.50 , 83.60 , 55.85 , 10
841 , 75.25 , 81.15 , 55.85 , 10
842 , 74.75 , 82.25 , 55.85 , 10
843 , 74.75 , 85.20 , 55.85 , 10
844 , 74.25 , 84.65 , 55.85 , 10
845 , 74.25 , 87.70 , 55.85 , 10
846 , 74.00 , 87.25 , 55.85 , 10
847 , 74.00 , 88.60 , 55.85 , 10
848 , 73.50 , 88.60 , 55.85 , 10
Going to Denaturing Temperature
849 , 73.75 , 200.00 , 55.85 , 11
850 , 74.75 , 200.00 , 55.85 , 11
851 , 75.25 , 200.00 , 55.85 , 11
852 , 78.00 , 200.00 , 55.85 , 11
853 , 79.50 , 200.00 , 55.85 , 11
854 , 81.50 , 200.00 , 55.85 , 11
856 , 83.25 , 200.00 , 55.85 , 11
857 , 85.00 , 200.00 , 55.85 , 11
858 , 86.25 , 200.00 , 55.85 , 11
859 , 87.75 , 195.70 , 55.85 , 11
860 , 89.00 , 186.65 , 55.85 , 11
861 , 90.75 , 179.10 , 55.85 , 11
862 , 91.50 , 167.70 , 55.85 , 11
863 , 92.75 , 163.15 , 55.85 , 11
864 , 92.50 , 154.85 , 55.85 , 11
865 , 93.50 , 157.10 , 55.85 , 11
866 , 93.50 , 150.40 , 55.85 , 11
867 , 94.00 , 150.70 , 55.85 , 11
868 , 94.25 , 147.40 , 55.85 , 11
869 , 94.25 , 145.80 , 55.85 , 11
870 , 94.75 , 145.95 , 55.85 , 11
871 , 95.00 , 142.50 , 55.85 , 11
Denaturing DNA Now
872 , 95.25 , 140.75 , 55.85 , 11
Going to Annealing Temperature
873 , 95.25 , 140.75 , 55.85 , 11
874 , 93.75 , 140.75 , 55.85 , 11
875 , 91.25 , 140.75 , 55.85 , 11
876 , 88.00 , 140.75 , 55.85 , 11
877 , 84.50 , 140.75 , 55.85 , 11
878 , 80.75 , 140.75 , 55.85 , 11
879 , 77.25 , 140.75 , 55.85 , 11
880 , 73.50 , 140.75 , 55.85 , 11
881 , 71.00 , 140.75 , 55.85 , 11
882 , 67.50 , 140.75 , 55.85 , 11
883 , 65.50 , 140.75 , 55.85 , 11
884 , 63.00 , 140.75 , 55.85 , 11
885 , 61.00 , 140.75 , 55.85 , 11
886 , 59.00 , 140.75 , 55.85 , 11
887 , 57.00 , 140.75 , 55.85 , 11
888 , 55.00 , 140.75 , 55.85 , 11
889 , 53.00 , 140.75 , 55.85 , 11
890 , 51.25 , 140.75 , 55.85 , 11
Annealing DNA Now
891 , 50.00 , 140.75 , 91.25 , 11
892 , 49.25 , 140.75 , 100.00 , 11
893 , 49.25 , 140.75 , 100.00 , 11
894 , 50.00 , 140.75 , 100.00 , 11
895 , 51.25 , 140.75 , 100.00 , 11
896 , 52.50 , 140.75 , 91.00 , 11
897 , 53.25 , 140.75 , 81.75 , 11
898 , 54.00 , 140.75 , 75.85 , 11
899 , 54.50 , 140.75 , 69.80 , 11
900 , 55.00 , 140.75 , 65.40 , 11
Going to Extension Temperature
901 , 55.25 , 200.00 , 65.40 , 11
902 , 56.50 , 200.00 , 65.40 , 11
903 , 58.50 , 200.00 , 65.40 , 11
904 , 60.75 , 200.00 , 65.40 , 11
905 , 63.25 , 190.45 , 65.40 , 11
906 , 65.75 , 174.70 , 65.40 , 11
907 , 67.75 , 158.45 , 65.40 , 11
908 , 69.75 , 145.30 , 65.40 , 11
909 , 70.75 , 131.75 , 65.40 , 11
910 , 71.75 , 125.00 , 65.40 , 11
911 , 72.25 , 118.05 , 65.40 , 11
Extending DNA Now
912 , 73.00 , 114.50 , 65.40 , 11
913 , 73.25 , 109.05 , 65.40 , 11
914 , 73.75 , 107.05 , 65.40 , 11
915 , 74.25 , 103.20 , 65.40 , 11
916 , 74.50 , 99.25 , 65.40 , 11
917 , 74.00 , 97.00 , 65.40 , 11
918 , 75.25 , 100.10 , 65.40 , 11
919 , 74.75 , 90.70 , 65.40 , 11
920 , 74.75 , 93.65 , 65.40 , 11
921 , 75.00 , 93.10 , 65.40 , 11
922 , 75.00 , 90.75 , 65.40 , 11
923 , 74.75 , 90.15 , 65.40 , 11
924 , 74.50 , 91.35 , 65.40 , 11
925 , 74.75 , 92.60 , 65.40 , 11
926 , 75.00 , 90.30 , 65.40 , 11
927 , 75.00 , 87.95 , 65.40 , 11
928 , 75.00 , 87.35 , 65.40 , 11
929 , 75.25 , 86.75 , 65.40 , 11
930 , 75.00 , 84.35 , 65.40 , 11
931 , 75.25 , 85.50 , 65.40 , 11
932 , 74.75 , 85.50 , 65.40 , 11
Going to Denaturing Temperature
933 , 74.50 , 200.00 , 65.40 , 12
934 , 75.50 , 200.00 , 65.40 , 12
935 , 76.50 , 200.00 , 65.40 , 12
936 , 78.50 , 200.00 , 65.40 , 12
937 , 80.25 , 200.00 , 65.40 , 12
938 , 81.50 , 200.00 , 65.40 , 12
939 , 83.75 , 200.00 , 65.40 , 12
940 , 85.25 , 200.00 , 65.40 , 12
941 , 87.25 , 200.00 , 65.40 , 12
942 , 87.75 , 191.20 , 65.40 , 12
943 , 89.50 , 189.15 , 65.40 , 12
944 , 91.00 , 178.00 , 65.40 , 12
945 , 91.75 , 168.30 , 65.40 , 12
946 , 92.50 , 163.70 , 65.40 , 12
947 , 93.75 , 158.95 , 65.40 , 12
948 , 94.00 , 150.45 , 65.40 , 12
949 , 94.00 , 148.90 , 65.40 , 12
950 , 94.25 , 149.10 , 65.40 , 12
951 , 94.50 , 147.50 , 65.40 , 12
952 , 94.75 , 145.85 , 65.40 , 12
953 , 95.00 , 144.15 , 65.40 , 12
Denaturing DNA Now
954 , 95.00 , 142.40 , 65.40 , 12
Going to Annealing Temperature
955 , 95.00 , 142.40 , 65.40 , 12
956 , 94.25 , 142.40 , 65.40 , 12
957 , 91.75 , 142.40 , 65.40 , 12
958 , 87.50 , 142.40 , 65.40 , 12
959 , 84.00 , 142.40 , 65.40 , 12
960 , 80.25 , 142.40 , 65.40 , 12
961 , 77.00 , 142.40 , 65.40 , 12
962 , 73.50 , 142.40 , 65.40 , 12
963 , 70.50 , 142.40 , 65.40 , 12
964 , 67.50 , 142.40 , 65.40 , 12
965 , 65.50 , 142.40 , 65.40 , 12
966 , 63.50 , 142.40 , 65.40 , 12
967 , 61.00 , 142.40 , 65.40 , 12
968 , 58.50 , 142.40 , 65.40 , 12
969 , 57.00 , 142.40 , 65.40 , 12
970 , 55.00 , 142.40 , 65.40 , 12
971 , 53.00 , 142.40 , 65.40 , 12
972 , 52.00 , 142.40 , 65.40 , 12
Annealing DNA Now
973 , 50.25 , 142.40 , 86.00 , 12
974 , 49.25 , 142.40 , 98.20 , 12
975 , 49.50 , 142.40 , 100.00 , 12
976 , 50.50 , 142.40 , 100.00 , 12
977 , 51.25 , 142.40 , 96.40 , 12
978 , 52.00 , 142.40 , 90.90 , 12
979 , 53.50 , 142.40 , 85.25 , 12
980 , 54.00 , 142.40 , 74.05 , 12
981 , 54.50 , 142.40 , 69.75 , 12
982 , 55.00 , 142.40 , 65.35 , 12
Going to Extension Temperature
983 , 55.50 , 200.00 , 65.35 , 12
984 , 56.50 , 200.00 , 65.35 , 12
985 , 58.00 , 200.00 , 65.35 , 12
986 , 60.25 , 200.00 , 65.35 , 12
987 , 62.25 , 194.05 , 65.35 , 12
988 , 65.00 , 182.00 , 65.35 , 12
989 , 67.00 , 164.15 , 65.35 , 12
990 , 69.25 , 151.15 , 65.35 , 12
991 , 70.00 , 135.95 , 65.35 , 12
992 , 71.50 , 131.10 , 65.35 , 12
993 , 72.50 , 120.70 , 65.35 , 12
Extending DNA Now
994 , 72.75 , 113.60 , 65.35 , 12
995 , 73.50 , 111.70 , 65.35 , 12
996 , 73.50 , 106.15 , 65.35 , 12
997 , 74.00 , 105.85 , 65.35 , 12
998 , 74.00 , 101.95 , 65.35 , 12
999 , 74.50 , 101.55 , 65.35 , 12
1000 , 74.75 , 97.55 , 65.35 , 12
1001 , 74.50 , 95.25 , 65.35 , 12
1002 , 74.75 , 96.50 , 65.35 , 12
1003 , 74.75 , 94.20 , 65.35 , 12
1004 , 74.50 , 93.65 , 65.35 , 12
1005 , 74.75 , 94.90 , 65.35 , 12
1006 , 74.75 , 92.60 , 65.35 , 12
1007 , 75.00 , 92.05 , 65.35 , 12
1008 , 74.00 , 89.70 , 65.35 , 12
1009 , 74.50 , 96.30 , 65.35 , 12
1010 , 74.25 , 92.30 , 65.35 , 12
1011 , 74.75 , 93.60 , 65.35 , 12
1012 , 74.50 , 89.55 , 65.35 , 12
1013 , 73.75 , 90.80 , 65.35 , 12
1014 , 74.00 , 90.80 , 65.35 , 12
Going to Denaturing Temperature
1015 , 74.00 , 200.00 , 65.35 , 13
1016 , 75.00 , 200.00 , 65.35 , 13
1017 , 76.00 , 200.00 , 65.35 , 13
1018 , 77.25 , 200.00 , 65.35 , 13
1019 , 79.75 , 200.00 , 65.35 , 13
1020 , 81.00 , 200.00 , 65.35 , 13
1021 , 82.75 , 200.00 , 65.35 , 13
1022 , 84.00 , 200.00 , 65.35 , 13
1023 , 85.25 , 200.00 , 65.35 , 13
1024 , 86.75 , 200.00 , 65.35 , 13
1025 , 88.25 , 199.90 , 65.35 , 13
1026 , 89.50 , 190.75 , 65.35 , 13
1027 , 90.25 , 183.10 , 65.35 , 13
1028 , 91.00 , 178.80 , 65.35 , 13
1029 , 91.25 , 174.35 , 65.35 , 13
1030 , 93.00 , 173.35 , 65.35 , 13
1031 , 93.50 , 161.50 , 65.35 , 13
1032 , 93.50 , 158.30 , 65.35 , 13
1033 , 94.50 , 158.60 , 65.35 , 13
1034 , 94.50 , 151.70 , 65.35 , 13
1035 , 95.00 , 151.80 , 65.35 , 13
Denaturing DNA Now
1036 , 95.00 , 148.30 , 65.35 , 13
Going to Annealing Temperature
1037 , 95.00 , 148.30 , 65.35 , 13
1038 , 93.50 , 148.30 , 65.35 , 13
1039 , 91.75 , 148.30 , 65.35 , 13
1040 , 88.00 , 148.30 , 65.35 , 13
1041 , 84.50 , 148.30 , 65.35 , 13
1042 , 80.50 , 148.30 , 65.35 , 13
1043 , 77.00 , 148.30 , 65.35 , 13
1044 , 73.75 , 148.30 , 65.35 , 13
1045 , 70.50 , 148.30 , 65.35 , 13
1046 , 68.00 , 148.30 , 65.35 , 13
1047 , 65.50 , 148.30 , 65.35 , 13
1048 , 63.25 , 148.30 , 65.35 , 13
1049 , 61.00 , 148.30 , 65.35 , 13
1050 , 59.00 , 148.30 , 65.35 , 13
1051 , 56.50 , 148.30 , 65.35 , 13
1052 , 55.00 , 148.30 , 65.35 , 13
1053 , 53.50 , 148.30 , 65.35 , 13
1054 , 51.50 , 148.30 , 65.35 , 13
Annealing DNA Now
1055 , 50.25 , 148.30 , 89.50 , 13
1056 , 49.25 , 148.30 , 98.20 , 13
1057 , 49.00 , 148.30 , 100.00 , 13
1058 , 50.00 , 148.30 , 100.00 , 13
1059 , 50.75 , 148.30 , 100.00 , 13
1060 , 52.25 , 148.30 , 94.60 , 13
1061 , 53.25 , 148.30 , 83.65 , 13
1062 , 54.00 , 148.30 , 76.00 , 13
1063 , 54.50 , 148.30 , 69.95 , 13
1064 , 54.75 , 148.30 , 65.55 , 13
Going to Extension Temperature
1065 , 55.00 , 200.00 , 65.55 , 13
1066 , 56.25 , 200.00 , 65.55 , 13
1067 , 57.75 , 200.00 , 65.55 , 13
1068 , 59.75 , 200.00 , 65.55 , 13
1069 , 62.25 , 198.10 , 65.55 , 13
1070 , 64.25 , 182.55 , 65.55 , 13
1071 , 66.25 , 170.10 , 65.55 , 13
1072 , 68.00 , 157.25 , 65.55 , 13
1073 , 69.50 , 145.80 , 65.55 , 13
1074 , 70.50 , 135.80 , 65.55 , 13
1075 , 71.50 , 129.10 , 65.55 , 13
1076 , 72.00 , 122.20 , 65.55 , 13
Extending DNA Now
1077 , 73.00 , 118.70 , 65.55 , 13
1078 , 72.75 , 111.50 , 65.55 , 13
1079 , 73.25 , 113.10 , 65.55 , 13
1080 , 73.25 , 109.35 , 65.55 , 13
1081 , 74.00 , 109.10 , 65.55 , 13
1082 , 73.50 , 103.45 , 65.55 , 13
1083 , 74.25 , 106.65 , 65.55 , 13
1084 , 73.25 , 100.95 , 65.55 , 13
1085 , 74.50 , 107.70 , 65.55 , 13
1086 , 74.50 , 98.45 , 65.55 , 13
1087 , 74.50 , 97.95 , 65.55 , 13
1088 , 74.25 , 97.45 , 65.55 , 13
1089 , 74.25 , 98.75 , 65.55 , 13
1090 , 74.00 , 98.30 , 65.55 , 13
1091 , 74.50 , 99.65 , 65.55 , 13
1092 , 74.00 , 95.65 , 65.55 , 13
1093 , 74.25 , 98.75 , 65.55 , 13
1094 , 74.00 , 96.55 , 65.55 , 13
1095 , 74.00 , 97.90 , 65.55 , 13
1096 , 74.00 , 97.50 , 65.55 , 13
1097 , 74.25 , 97.50 , 65.55 , 13
Going to Denaturing Temperature
1098 , 74.00 , 200.00 , 65.55 , 14
1099 , 74.75 , 200.00 , 65.55 , 14
1100 , 75.75 , 200.00 , 65.55 , 14
1101 , 77.00 , 200.00 , 65.55 , 14
1102 , 79.25 , 200.00 , 65.55 , 14
1103 , 80.00 , 200.00 , 65.55 , 14
1104 , 81.50 , 200.00 , 65.55 , 14
1105 , 83.00 , 200.00 , 65.55 , 14
1106 , 84.50 , 200.00 , 65.55 , 14
1107 , 86.00 , 200.00 , 65.55 , 14
1108 , 86.50 , 200.00 , 65.55 , 14
1109 , 88.00 , 200.00 , 65.55 , 14
1110 , 89.25 , 198.60 , 65.55 , 14
1111 , 90.50 , 191.00 , 65.55 , 14
1112 , 91.25 , 183.15 , 65.55 , 14
1113 , 91.75 , 178.65 , 65.55 , 14
1114 , 92.75 , 175.80 , 65.55 , 14
1115 , 93.25 , 169.25 , 65.55 , 14
1116 , 94.00 , 166.10 , 65.55 , 14
1117 , 94.00 , 161.05 , 65.55 , 14
1118 , 94.25 , 161.25 , 65.55 , 14
1119 , 95.00 , 159.65 , 65.55 , 14
Denaturing DNA Now
1120 , 95.00 , 154.40 , 65.55 , 14
Going to Annealing Temperature
1121 , 95.25 , 154.40 , 65.55 , 14
1122 , 94.00 , 154.40 , 65.55 , 14
1123 , 91.50 , 154.40 , 65.55 , 14
1124 , 87.50 , 154.40 , 65.55 , 14
1125 , 84.00 , 154.40 , 65.55 , 14
1126 , 80.50 , 154.40 , 65.55 , 14
1127 , 77.00 , 154.40 , 65.55 , 14
1128 , 73.75 , 154.40 , 65.55 , 14
1129 , 70.75 , 154.40 , 65.55 , 14
1130 , 67.75 , 154.40 , 65.55 , 14
1131 , 65.50 , 154.40 , 65.55 , 14
1132 , 62.50 , 154.40 , 65.55 , 14
1133 , 60.75 , 154.40 , 65.55 , 14
1134 , 58.75 , 154.40 , 65.55 , 14
1135 , 56.00 , 154.40 , 65.55 , 14
1136 , 55.00 , 154.40 , 65.55 , 14
1137 , 53.25 , 154.40 , 65.55 , 14
1138 , 51.50 , 154.40 , 65.55 , 14
Annealing DNA Now
1139 , 49.50 , 154.40 , 89.50 , 14
1140 , 48.75 , 154.40 , 100.00 , 14
1141 , 49.00 , 154.40 , 100.00 , 14
1142 , 49.75 , 154.40 , 100.00 , 14
1143 , 51.00 , 154.40 , 100.00 , 14
1144 , 51.50 , 154.40 , 92.80 , 14
1145 , 52.75 , 154.40 , 89.00 , 14
1146 , 53.50 , 154.40 , 79.70 , 14
1147 , 54.25 , 154.40 , 73.75 , 14
1148 , 54.00 , 154.40 , 67.65 , 14
Going to Extension Temperature
1149 , 54.75 , 200.00 , 67.65 , 14
1150 , 55.75 , 200.00 , 67.65 , 14
1151 , 57.50 , 200.00 , 67.65 , 14
1152 , 58.75 , 200.00 , 67.65 , 14
1153 , 61.75 , 200.00 , 67.65 , 14
1154 , 63.75 , 187.05 , 67.65 , 14
1155 , 65.50 , 174.70 , 67.65 , 14
1156 , 66.75 , 163.75 , 67.65 , 14
1157 , 68.75 , 156.05 , 67.65 , 14
1158 , 70.00 , 142.70 , 67.65 , 14
1159 , 70.75 , 134.35 , 67.65 , 14
1160 , 71.50 , 129.35 , 67.65 , 14
1161 , 72.00 , 124.20 , 67.65 , 14
Extending DNA Now
1162 , 72.75 , 120.70 , 67.65 , 14
1163 , 73.00 , 115.30 , 67.65 , 14
1164 , 73.00 , 113.35 , 67.65 , 14
1165 , 72.75 , 113.15 , 67.65 , 14
1166 , 73.25 , 114.75 , 67.65 , 14
1167 , 73.50 , 111.00 , 67.65 , 14
1168 , 73.50 , 108.95 , 67.65 , 14
1169 , 73.50 , 108.65 , 67.65 , 14
1170 , 73.75 , 108.35 , 67.65 , 14
1171 , 73.50 , 106.25 , 67.65 , 14
1172 , 74.25 , 107.70 , 67.65 , 14
1173 , 73.50 , 102.00 , 67.65 , 14
1174 , 74.25 , 106.95 , 67.65 , 14
1175 , 74.75 , 101.25 , 67.65 , 14
1176 , 74.00 , 97.20 , 67.65 , 14
1177 , 74.50 , 102.05 , 67.65 , 14
1178 , 74.25 , 98.05 , 67.65 , 14
1179 , 74.25 , 99.35 , 67.65 , 14
1180 , 74.00 , 98.90 , 67.65 , 14
1181 , 73.75 , 100.25 , 67.65 , 14
1182 , 74.00 , 100.25 , 67.65 , 14
Going to Denaturing Temperature
1183 , 74.00 , 200.00 , 67.65 , 15
1184 , 74.75 , 200.00 , 67.65 , 15
1185 , 75.50 , 200.00 , 67.65 , 15
1186 , 77.25 , 200.00 , 67.65 , 15
1187 , 79.00 , 200.00 , 67.65 , 15
1188 , 80.00 , 200.00 , 67.65 , 15
1189 , 81.75 , 200.00 , 67.65 , 15
1190 , 82.25 , 200.00 , 67.65 , 15
1191 , 84.00 , 200.00 , 67.65 , 15
1192 , 85.00 , 200.00 , 67.65 , 15
1193 , 86.25 , 200.00 , 67.65 , 15
1194 , 87.50 , 200.00 , 67.65 , 15
1195 , 88.75 , 200.00 , 67.65 , 15
1196 , 89.50 , 198.00 , 67.65 , 15
1197 , 91.00 , 193.85 , 67.65 , 15
1198 , 91.50 , 184.15 , 67.65 , 15
1199 , 93.00 , 181.35 , 67.65 , 15
1200 , 94.25 , 171.25 , 67.65 , 15
1201 , 94.50 , 162.65 , 67.65 , 15
1202 , 95.25 , 161.00 , 67.65 , 15
Denaturing DNA Now
1203 , 95.00 , 155.70 , 67.65 , 15
Going to Annealing Temperature
1204 , 95.75 , 155.70 , 67.65 , 15
1205 , 94.75 , 155.70 , 67.65 , 15
1206 , 91.50 , 155.70 , 67.65 , 15
1207 , 88.25 , 155.70 , 67.65 , 15
1208 , 84.25 , 155.70 , 67.65 , 15
1209 , 80.75 , 155.70 , 67.65 , 15
1210 , 76.75 , 155.70 , 67.65 , 15
1211 , 73.50 , 155.70 , 67.65 , 15
1212 , 70.00 , 155.70 , 67.65 , 15
1213 , 67.75 , 155.70 , 67.65 , 15
1214 , 65.50 , 155.70 , 67.65 , 15
1215 , 63.25 , 155.70 , 67.65 , 15
1216 , 61.00 , 155.70 , 67.65 , 15
1217 , 58.75 , 155.70 , 67.65 , 15
1218 , 56.75 , 155.70 , 67.65 , 15
1219 , 55.25 , 155.70 , 67.65 , 15
1220 , 53.00 , 155.70 , 67.65 , 15
1221 , 52.00 , 155.70 , 67.65 , 15
Annealing DNA Now
1222 , 50.75 , 155.70 , 86.00 , 15
1223 , 49.25 , 155.70 , 94.60 , 15
1224 , 48.75 , 155.70 , 100.00 , 15
1225 , 50.00 , 155.70 , 100.00 , 15
1226 , 50.75 , 155.70 , 100.00 , 15
1227 , 52.00 , 155.70 , 94.60 , 15
1228 , 52.50 , 155.70 , 85.45 , 15
1229 , 53.25 , 155.70 , 81.45 , 15
1230 , 53.75 , 155.70 , 75.55 , 15
1231 , 54.75 , 155.70 , 71.30 , 15
Going to Extension Temperature
1232 , 55.00 , 200.00 , 71.30 , 15
1233 , 56.50 , 200.00 , 71.30 , 15
1234 , 57.50 , 200.00 , 71.30 , 15
1235 , 59.50 , 200.00 , 71.30 , 15
1236 , 61.50 , 200.00 , 71.30 , 15
1237 , 63.75 , 188.50 , 71.30 , 15
1238 , 65.50 , 174.40 , 71.30 , 15
1239 , 67.50 , 163.45 , 71.30 , 15
1240 , 68.75 , 150.35 , 71.30 , 15
1241 , 69.75 , 142.25 , 71.30 , 15
1242 , 70.25 , 135.70 , 71.30 , 15
1243 , 71.00 , 132.55 , 71.30 , 15
1244 , 71.75 , 127.50 , 71.30 , 15
1245 , 72.00 , 122.30 , 71.30 , 15
Extending DNA Now
1246 , 73.00 , 120.55 , 71.30 , 15
1247 , 73.00 , 113.35 , 71.30 , 15
1248 , 73.00 , 113.15 , 71.30 , 15
1249 , 73.50 , 112.95 , 71.30 , 15
1250 , 73.75 , 109.15 , 71.30 , 15
1251 , 73.75 , 107.05 , 71.30 , 15
1252 , 73.75 , 106.70 , 71.30 , 15
1253 , 73.75 , 106.35 , 71.30 , 15
1254 , 73.50 , 106.00 , 71.30 , 15
1255 , 73.75 , 107.45 , 71.30 , 15
1256 , 74.25 , 105.35 , 71.30 , 15
1257 , 74.00 , 101.40 , 71.30 , 15
1258 , 74.00 , 102.75 , 71.30 , 15
1259 , 73.75 , 102.35 , 71.30 , 15
1260 , 74.00 , 103.75 , 71.30 , 15
1261 , 74.00 , 101.60 , 71.30 , 15
1262 , 74.00 , 101.20 , 71.30 , 15
1263 , 74.00 , 100.80 , 71.30 , 15
1264 , 73.25 , 100.40 , 71.30 , 15
1265 , 74.00 , 105.40 , 71.30 , 15
1266 , 73.75 , 105.40 , 71.30 , 15
Going to Denaturing Temperature
1267 , 73.50 , 200.00 , 71.30 , 16
1268 , 73.75 , 200.00 , 71.30 , 16
1269 , 75.50 , 200.00 , 71.30 , 16
1270 , 76.50 , 200.00 , 71.30 , 16
1271 , 77.25 , 200.00 , 71.30 , 16
1272 , 79.50 , 200.00 , 71.30 , 16
1273 , 80.25 , 200.00 , 71.30 , 16
1274 , 82.00 , 200.00 , 71.30 , 16
1275 , 82.25 , 200.00 , 71.30 , 16
1276 , 83.75 , 200.00 , 71.30 , 16
1277 , 85.25 , 200.00 , 71.30 , 16
1278 , 85.50 , 200.00 , 71.30 , 16
1279 , 87.50 , 200.00 , 71.30 , 16
1280 , 88.25 , 200.00 , 71.30 , 16
1281 , 89.00 , 200.00 , 71.30 , 16
1282 , 90.00 , 200.00 , 71.30 , 16
1283 , 90.75 , 195.45 , 71.30 , 16
1284 , 91.50 , 191.05 , 71.30 , 16
1285 , 92.25 , 186.50 , 71.30 , 16
1286 , 92.75 , 181.80 , 71.30 , 16
1287 , 93.25 , 178.75 , 71.30 , 16
1288 , 93.75 , 175.60 , 71.30 , 16
1289 , 93.50 , 172.35 , 71.30 , 16
1290 , 94.25 , 174.40 , 71.30 , 16
1291 , 94.50 , 169.30 , 71.30 , 16
1292 , 94.50 , 167.65 , 71.30 , 16
1294 , 95.00 , 167.75 , 71.30 , 16
Denaturing DNA Now
1295 , 95.50 , 164.25 , 71.30 , 16
Going to Annealing Temperature
1296 , 95.00 , 164.25 , 71.30 , 16
1297 , 94.50 , 164.25 , 71.30 , 16
1298 , 92.00 , 164.25 , 71.30 , 16
1299 , 87.75 , 164.25 , 71.30 , 16
1300 , 84.50 , 164.25 , 71.30 , 16
1301 , 80.75 , 164.25 , 71.30 , 16
1302 , 77.50 , 164.25 , 71.30 , 16
1303 , 74.00 , 164.25 , 71.30 , 16
1304 , 71.25 , 164.25 , 71.30 , 16
1305 , 68.50 , 164.25 , 71.30 , 16
1306 , 65.75 , 164.25 , 71.30 , 16
1307 , 63.00 , 164.25 , 71.30 , 16
1308 , 61.00 , 164.25 , 71.30 , 16
1309 , 58.50 , 164.25 , 71.30 , 16
1310 , 57.00 , 164.25 , 71.30 , 16
1311 , 55.00 , 164.25 , 71.30 , 16
1312 , 53.00 , 164.25 , 71.30 , 16
1313 , 52.00 , 164.25 , 71.30 , 16
Annealing DNA Now
1314 , 49.75 , 164.25 , 86.00 , 16
1315 , 49.00 , 164.25 , 100.00 , 16
1316 , 49.25 , 164.25 , 100.00 , 16
1317 , 50.25 , 164.25 , 100.00 , 16
1318 , 51.25 , 164.25 , 98.20 , 16
1319 , 51.75 , 164.25 , 90.95 , 16
1320 , 52.50 , 164.25 , 87.10 , 16
1321 , 53.50 , 164.25 , 81.35 , 16
1322 , 54.25 , 164.25 , 73.65 , 16
1323 , 54.00 , 164.25 , 67.55 , 16
Going to Extension Temperature
1324 , 54.50 , 200.00 , 67.55 , 16
1325 , 55.75 , 200.00 , 67.55 , 16
1326 , 56.50 , 200.00 , 67.55 , 16
1327 , 58.75 , 200.00 , 67.55 , 16
1328 , 60.75 , 200.00 , 67.55 , 16
1329 , 62.75 , 194.40 , 67.55 , 16
1330 , 64.50 , 182.25 , 67.55 , 16
1331 , 66.25 , 171.50 , 67.55 , 16
1332 , 68.00 , 160.40 , 67.55 , 16
1333 , 69.00 , 148.95 , 67.55 , 16
1334 , 69.50 , 142.55 , 67.55 , 16
1335 , 71.00 , 139.55 , 67.55 , 16
1336 , 71.25 , 129.25 , 67.55 , 16
1337 , 71.50 , 127.65 , 67.55 , 16
1338 , 71.75 , 126.00 , 67.55 , 16
1339 , 72.50 , 124.30 , 67.55 , 16
Extending DNA Now
1340 , 73.25 , 118.95 , 67.55 , 16
1341 , 73.00 , 113.45 , 67.55 , 16
1342 , 73.50 , 115.00 , 67.55 , 16
1343 , 73.25 , 111.20 , 67.55 , 16
1344 , 73.25 , 112.70 , 67.55 , 16
1345 , 74.00 , 112.45 , 67.55 , 16
1346 , 74.00 , 106.80 , 67.55 , 16
1347 , 74.00 , 106.40 , 67.55 , 16
1348 , 73.50 , 106.00 , 67.55 , 16
1349 , 74.00 , 109.20 , 67.55 , 16
1350 , 74.00 , 105.30 , 67.55 , 16
1351 , 73.50 , 104.90 , 67.55 , 16
1352 , 73.75 , 108.10 , 67.55 , 16
1353 , 74.25 , 106.00 , 67.55 , 16
1354 , 74.00 , 102.05 , 67.55 , 16
1355 , 73.50 , 103.40 , 67.55 , 16
1356 , 74.00 , 106.60 , 67.55 , 16
1357 , 73.75 , 102.70 , 67.55 , 16
1358 , 73.75 , 104.10 , 67.55 , 16
1359 , 73.25 , 103.75 , 67.55 , 16
1360 , 73.75 , 103.75 , 67.55 , 16
Going to Denaturing Temperature
1361 , 73.75 , 200.00 , 67.55 , 17
1362 , 74.25 , 200.00 , 67.55 , 17
1363 , 75.25 , 200.00 , 67.55 , 17
1364 , 75.75 , 200.00 , 67.55 , 17
1365 , 77.25 , 200.00 , 67.55 , 17
1366 , 78.75 , 200.00 , 67.55 , 17
1367 , 80.00 , 200.00 , 67.55 , 17
1368 , 80.75 , 200.00 , 67.55 , 17
1369 , 82.50 , 200.00 , 67.55 , 17
1370 , 83.25 , 200.00 , 67.55 , 17
1371 , 83.75 , 200.00 , 67.55 , 17
1372 , 85.00 , 200.00 , 67.55 , 17
1373 , 85.25 , 200.00 , 67.55 , 17
1374 , 87.00 , 200.00 , 67.55 , 17
1375 , 87.50 , 200.00 , 67.55 , 17
1376 , 88.75 , 200.00 , 67.55 , 17
1377 , 89.25 , 200.00 , 67.55 , 17
1378 , 90.25 , 200.00 , 67.55 , 17
1379 , 90.75 , 199.85 , 67.55 , 17
1380 , 91.50 , 197.20 , 67.55 , 17
1381 , 91.75 , 192.65 , 67.55 , 17
1382 , 92.25 , 191.55 , 67.55 , 17
1383 , 92.75 , 188.60 , 67.55 , 17
1384 , 93.25 , 185.55 , 67.55 , 17
1385 , 93.25 , 182.40 , 67.55 , 17
1386 , 94.00 , 182.75 , 67.55 , 17
1387 , 94.25 , 177.70 , 67.55 , 17
1388 , 94.25 , 176.10 , 67.55 , 17
1389 , 94.50 , 176.25 , 67.55 , 17
1390 , 94.25 , 174.60 , 67.55 , 17
1391 , 95.25 , 176.50 , 67.55 , 17
Denaturing DNA Now
1392 , 95.25 , 169.45 , 67.55 , 17
Going to Annealing Temperature
1393 , 95.25 , 169.45 , 67.55 , 17
1394 , 94.25 , 169.45 , 67.55 , 17
1395 , 92.00 , 169.45 , 67.55 , 17
1396 , 87.75 , 169.45 , 67.55 , 17
1397 , 84.50 , 169.45 , 67.55 , 17
1398 , 80.75 , 169.45 , 67.55 , 17
1399 , 77.00 , 169.45 , 67.55 , 17
1400 , 74.00 , 169.45 , 67.55 , 17
1401 , 71.00 , 169.45 , 67.55 , 17
1402 , 68.25 , 169.45 , 67.55 , 17
1403 , 65.75 , 169.45 , 67.55 , 17
1404 , 63.50 , 169.45 , 67.55 , 17
1405 , 60.50 , 169.45 , 67.55 , 17
1406 , 58.25 , 169.45 , 67.55 , 17
1407 , 57.00 , 169.45 , 67.55 , 17
1408 , 55.25 , 169.45 , 67.55 , 17
1409 , 53.00 , 169.45 , 67.55 , 17
1410 , 52.00 , 169.45 , 67.55 , 17
Annealing DNA Now
1411 , 50.50 , 169.45 , 86.00 , 17
1412 , 49.25 , 169.45 , 96.40 , 17
1413 , 49.25 , 169.45 , 100.00 , 17
1414 , 50.00 , 169.45 , 100.00 , 17
1415 , 50.75 , 169.45 , 100.00 , 17
1416 , 51.75 , 169.45 , 94.60 , 17
1417 , 52.75 , 169.45 , 87.25 , 17
1418 , 53.00 , 169.45 , 79.70 , 17
1419 , 53.25 , 169.45 , 77.35 , 17
1420 , 53.75 , 169.45 , 74.95 , 17
Going to Extension Temperature
1421 , 54.25 , 200.00 , 74.95 , 17
1422 , 54.50 , 200.00 , 74.95 , 17
1423 , 56.50 , 200.00 , 74.95 , 17
1424 , 58.25 , 200.00 , 74.95 , 17
1425 , 59.75 , 200.00 , 74.95 , 17
1426 , 61.00 , 200.00 , 74.95 , 17
1427 , 63.00 , 195.90 , 74.95 , 17
1428 , 65.00 , 183.70 , 74.95 , 17
1429 , 66.25 , 171.10 , 74.95 , 17
1430 , 67.75 , 163.50 , 74.95 , 17
1431 , 68.75 , 153.85 , 74.95 , 17
1432 , 69.75 , 147.50 , 74.95 , 17
1433 , 70.25 , 140.95 , 74.95 , 17
1434 , 71.00 , 137.80 , 74.95 , 17
1435 , 71.00 , 132.75 , 74.95 , 17
1436 , 71.50 , 132.95 , 74.95 , 17
1437 , 71.75 , 129.55 , 74.95 , 17
1438 , 72.25 , 127.85 , 74.95 , 17
Extending DNA Now
1439 , 72.50 , 124.30 , 74.95 , 17
1440 , 73.00 , 122.45 , 74.95 , 17
1441 , 73.50 , 118.75 , 74.95 , 17
1442 , 73.00 , 114.95 , 74.95 , 17
1443 , 73.25 , 118.25 , 74.95 , 17
1444 , 72.25 , 116.25 , 74.95 , 17
1445 , 72.75 , 123.20 , 74.95 , 17
1446 , 73.25 , 119.55 , 74.95 , 17
1447 , 73.50 , 115.80 , 74.95 , 17
1448 , 73.75 , 113.75 , 74.95 , 17
1449 , 73.00 , 111.65 , 74.95 , 17
1450 , 73.50 , 116.70 , 74.95 , 17
1451 , 73.50 , 112.90 , 74.95 , 17
1452 , 73.00 , 112.60 , 74.95 , 17
1453 , 73.75 , 115.90 , 74.95 , 17
1454 , 73.25 , 110.30 , 74.95 , 17
1455 , 73.75 , 113.55 , 74.95 , 17
1456 , 73.50 , 109.70 , 74.95 , 17
1457 , 73.50 , 111.15 , 74.95 , 17
1458 , 73.75 , 110.85 , 74.95 , 17
1459 , 74.00 , 110.85 , 74.95 , 17
Going to Denaturing Temperature
1460 , 73.75 , 200.00 , 74.95 , 18
1461 , 75.00 , 200.00 , 74.95 , 18
1462 , 75.50 , 200.00 , 74.95 , 18
1463 , 76.75 , 200.00 , 74.95 , 18
1464 , 77.75 , 200.00 , 74.95 , 18
1465 , 78.75 , 200.00 , 74.95 , 18
1466 , 80.00 , 200.00 , 74.95 , 18
1467 , 81.25 , 200.00 , 74.95 , 18
1468 , 81.75 , 200.00 , 74.95 , 18
1469 , 83.25 , 200.00 , 74.95 , 18
1470 , 83.50 , 200.00 , 74.95 , 18
1471 , 84.75 , 200.00 , 74.95 , 18
1472 , 85.75 , 200.00 , 74.95 , 18
1473 , 86.50 , 200.00 , 74.95 , 18
1474 , 87.25 , 200.00 , 74.95 , 18
1475 , 88.25 , 200.00 , 74.95 , 18
1476 , 88.75 , 200.00 , 74.95 , 18
1477 , 89.50 , 200.00 , 74.95 , 18
1478 , 90.50 , 200.00 , 74.95 , 18
1479 , 90.50 , 200.00 , 74.95 , 18
1480 , 91.50 , 200.00 , 74.95 , 18
1481 , 92.00 , 198.95 , 74.95 , 18
1482 , 92.50 , 196.05 , 74.95 , 18
1483 , 92.50 , 193.05 , 74.95 , 18
1484 , 93.50 , 193.55 , 74.95 , 18
1485 , 93.75 , 186.85 , 74.95 , 18
1486 , 93.75 , 185.35 , 74.95 , 18
1487 , 94.50 , 185.60 , 74.95 , 18
1488 , 94.50 , 180.45 , 74.95 , 18
1489 , 94.25 , 180.55 , 74.95 , 18
1490 , 94.25 , 182.45 , 74.95 , 18
1491 , 94.50 , 182.60 , 74.95 , 18
1492 , 94.25 , 180.95 , 74.95 , 18
1493 , 94.75 , 182.85 , 74.95 , 18
1494 , 95.25 , 179.40 , 74.95 , 18
Denaturing DNA Now
1495 , 95.00 , 175.85 , 74.95 , 18
Going to Annealing Temperature
1496 , 94.75 , 175.85 , 74.95 , 18
1497 , 93.50 , 175.85 , 74.95 , 18
1498 , 91.25 , 175.85 , 74.95 , 18
1499 , 87.50 , 175.85 , 74.95 , 18
1500 , 83.75 , 175.85 , 74.95 , 18
1501 , 80.25 , 175.85 , 74.95 , 18
1502 , 76.75 , 175.85 , 74.95 , 18
1503 , 73.75 , 175.85 , 74.95 , 18
1504 , 70.75 , 175.85 , 74.95 , 18
1505 , 67.75 , 175.85 , 74.95 , 18
1506 , 65.25 , 175.85 , 74.95 , 18
1507 , 62.75 , 175.85 , 74.95 , 18
1508 , 60.75 , 175.85 , 74.95 , 18
1509 , 58.75 , 175.85 , 74.95 , 18
1510 , 56.75 , 175.85 , 74.95 , 18
1511 , 54.75 , 175.85 , 74.95 , 18
1512 , 53.25 , 175.85 , 74.95 , 18
1513 , 52.00 , 175.85 , 74.95 , 18
Annealing DNA Now
1514 , 50.25 , 175.85 , 86.00 , 18
1515 , 49.75 , 175.85 , 98.20 , 18
1516 , 49.00 , 175.85 , 100.00 , 18
1517 , 49.50 , 175.85 , 100.00 , 18
1518 , 50.75 , 175.85 , 100.00 , 18
1519 , 50.75 , 175.85 , 94.60 , 18
1520 , 52.00 , 175.85 , 94.45 , 18
1521 , 52.25 , 175.85 , 85.30 , 18
1522 , 52.75 , 175.85 , 83.10 , 18
1523 , 53.75 , 175.85 , 79.05 , 18
Going to Extension Temperature
1524 , 54.00 , 200.00 , 79.05 , 18
1525 , 54.75 , 200.00 , 79.05 , 18
1526 , 55.75 , 200.00 , 79.05 , 18
1527 , 57.75 , 200.00 , 79.05 , 18
1528 , 58.75 , 200.00 , 79.05 , 18
1529 , 60.75 , 200.00 , 79.05 , 18
1530 , 62.25 , 198.75 , 79.05 , 18
1531 , 64.50 , 190.20 , 79.05 , 18
1532 , 66.00 , 175.95 , 79.05 , 18
1533 , 67.00 , 166.65 , 79.05 , 18
1534 , 67.50 , 160.65 , 79.05 , 18
1535 , 68.25 , 158.05 , 79.05 , 18
1536 , 69.00 , 153.55 , 79.05 , 18
1537 , 69.75 , 148.90 , 79.05 , 18
1538 , 70.50 , 144.10 , 79.05 , 18
1539 , 70.75 , 139.15 , 79.05 , 18
1540 , 71.50 , 137.65 , 79.05 , 18
1541 , 71.75 , 132.50 , 79.05 , 18
1542 , 71.25 , 130.80 , 79.05 , 18
1543 , 71.75 , 134.45 , 79.05 , 18
1544 , 72.25 , 131.00 , 79.05 , 18
Extending DNA Now
1545 , 72.00 , 127.45 , 79.05 , 18
1546 , 72.50 , 129.20 , 79.05 , 18
1547 , 73.00 , 125.60 , 79.05 , 18
1548 , 73.50 , 121.90 , 79.05 , 18
1549 , 72.75 , 118.10 , 79.05 , 18
1550 , 73.25 , 123.20 , 79.05 , 18
1551 , 73.00 , 119.45 , 79.05 , 18
1552 , 73.50 , 121.00 , 79.05 , 18
1553 , 73.25 , 117.20 , 79.05 , 18
1554 , 73.75 , 118.70 , 79.05 , 18
1555 , 73.50 , 114.85 , 79.05 , 18
1556 , 73.50 , 116.30 , 79.05 , 18
1557 , 73.00 , 116.00 , 79.05 , 18
1558 , 73.50 , 119.30 , 79.05 , 18
1559 , 73.25 , 115.50 , 79.05 , 18
1560 , 73.00 , 117.00 , 79.05 , 18
1561 , 73.50 , 118.55 , 79.05 , 18
1562 , 73.75 , 114.75 , 79.05 , 18
1563 , 73.75 , 112.65 , 79.05 , 18
1564 , 74.25 , 112.30 , 79.05 , 18
1565 , 74.25 , 112.30 , 79.05 , 18
Going to Denaturing Temperature
1566 , 74.25 , 200.00 , 79.05 , 19
1567 , 75.25 , 200.00 , 79.05 , 19
1568 , 76.25 , 200.00 , 79.05 , 19
1569 , 76.75 , 200.00 , 79.05 , 19
1570 , 77.75 , 200.00 , 79.05 , 19
1571 , 79.25 , 200.00 , 79.05 , 19
1572 , 80.50 , 200.00 , 79.05 , 19
1573 , 81.25 , 200.00 , 79.05 , 19
1574 , 82.50 , 200.00 , 79.05 , 19
1575 , 83.50 , 200.00 , 79.05 , 19
1576 , 84.00 , 200.00 , 79.05 , 19
1577 , 84.75 , 200.00 , 79.05 , 19
1578 , 85.25 , 200.00 , 79.05 , 19
1579 , 86.25 , 200.00 , 79.05 , 19
1580 , 86.75 , 200.00 , 79.05 , 19
1581 , 87.50 , 200.00 , 79.05 , 19
1582 , 87.50 , 200.00 , 79.05 , 19
1583 , 88.25 , 200.00 , 79.05 , 19
1584 , 89.00 , 200.00 , 79.05 , 19
1585 , 90.00 , 200.00 , 79.05 , 19
1586 , 90.50 , 200.00 , 79.05 , 19
1587 , 91.25 , 200.00 , 79.05 , 19
1588 , 91.25 , 200.00 , 79.05 , 19
1589 , 92.25 , 200.00 , 79.05 , 19
1590 , 92.50 , 199.60 , 79.05 , 19
1591 , 93.50 , 198.35 , 79.05 , 19
1592 , 93.50 , 191.65 , 79.05 , 19
1593 , 93.75 , 191.95 , 79.05 , 19
1594 , 93.75 , 190.45 , 79.05 , 19
1595 , 93.75 , 190.70 , 79.05 , 19
1596 , 93.75 , 190.95 , 79.05 , 19
1597 , 94.25 , 191.20 , 79.05 , 19
1598 , 94.25 , 187.85 , 79.05 , 19
1599 , 94.50 , 188.00 , 79.05 , 19
1600 , 94.50 , 186.35 , 79.05 , 19
1601 , 94.50 , 186.45 , 79.05 , 19
1602 , 94.75 , 186.55 , 79.05 , 19
1603 , 94.75 , 184.85 , 79.05 , 19
1604 , 94.50 , 184.90 , 79.05 , 19
1605 , 95.00 , 186.75 , 79.05 , 19
Denaturing DNA Now
1606 , 95.75 , 183.25 , 79.05 , 19
Going to Annealing Temperature
1607 , 96.00 , 183.25 , 79.05 , 19
1608 , 94.25 , 183.25 , 79.05 , 19
1609 , 91.75 , 183.25 , 79.05 , 19
1610 , 88.50 , 183.25 , 79.05 , 19
1611 , 84.75 , 183.25 , 79.05 , 19
1612 , 81.25 , 183.25 , 79.05 , 19
1613 , 77.50 , 183.25 , 79.05 , 19
1614 , 74.75 , 183.25 , 79.05 , 19
1615 , 71.75 , 183.25 , 79.05 , 19
1616 , 69.00 , 183.25 , 79.05 , 19
1617 , 66.25 , 183.25 , 79.05 , 19
1618 , 64.00 , 183.25 , 79.05 , 19
1619 , 61.75 , 183.25 , 79.05 , 19
1620 , 59.25 , 183.25 , 79.05 , 19
1621 , 57.75 , 183.25 , 79.05 , 19
1622 , 56.00 , 183.25 , 79.05 , 19
1623 , 54.25 , 183.25 , 79.05 , 19
1624 , 52.25 , 183.25 , 79.05 , 19
1625 , 51.25 , 183.25 , 79.05 , 19
Annealing DNA Now
1626 , 49.00 , 183.25 , 91.25 , 19
1627 , 48.50 , 183.25 , 100.00 , 19
1628 , 48.50 , 183.25 , 100.00 , 19
1629 , 49.00 , 183.25 , 100.00 , 19
1630 , 49.25 , 183.25 , 100.00 , 19
1631 , 50.25 , 183.25 , 100.00 , 19
1632 , 51.25 , 183.25 , 98.20 , 19
1633 , 51.50 , 183.25 , 90.95 , 19
1634 , 52.75 , 183.25 , 88.90 , 19
1635 , 52.75 , 183.25 , 79.60 , 19
Going to Extension Temperature
1636 , 53.25 , 200.00 , 79.60 , 19
1637 , 54.00 , 200.00 , 79.60 , 19
1638 , 55.75 , 200.00 , 79.60 , 19
1639 , 56.25 , 200.00 , 79.60 , 19
1640 , 58.00 , 200.00 , 79.60 , 19
1641 , 59.75 , 200.00 , 79.60 , 19
1642 , 60.75 , 200.00 , 79.60 , 19
1643 , 62.75 , 200.00 , 79.60 , 19
1644 , 64.00 , 190.55 , 79.60 , 19
1645 , 65.25 , 183.40 , 79.60 , 19
1646 , 66.25 , 176.00 , 79.60 , 19
1647 , 67.25 , 170.15 , 79.60 , 19
1648 , 68.00 , 164.10 , 79.60 , 19
1649 , 68.25 , 159.65 , 79.60 , 19
1650 , 69.25 , 158.65 , 79.60 , 19
1651 , 69.25 , 152.20 , 79.60 , 19
1652 , 70.50 , 152.75 , 79.60 , 19
1653 , 70.25 , 144.30 , 79.60 , 19
1654 , 70.75 , 146.40 , 79.60 , 19
1655 , 71.25 , 143.15 , 79.60 , 19
1656 , 71.75 , 139.80 , 79.60 , 19
1657 , 71.50 , 136.35 , 79.60 , 19
1658 , 72.00 , 138.20 , 79.60 , 19
Extending DNA Now
1659 , 72.75 , 134.70 , 79.60 , 19
1660 , 72.25 , 129.30 , 79.60 , 19
1661 , 72.75 , 132.75 , 79.60 , 19
1662 , 72.25 , 129.10 , 79.60 , 19
1663 , 72.75 , 132.55 , 79.60 , 19
1664 , 72.25 , 128.90 , 79.60 , 19
1665 , 72.75 , 132.35 , 79.60 , 19
1666 , 73.25 , 128.70 , 79.60 , 19
1667 , 73.25 , 124.95 , 79.60 , 19
1668 , 73.00 , 124.70 , 79.60 , 19
1669 , 73.00 , 126.25 , 79.60 , 19
1670 , 72.75 , 126.05 , 79.60 , 19
1671 , 73.25 , 127.65 , 79.60 , 19
1672 , 73.25 , 123.90 , 79.60 , 19
1673 , 73.50 , 123.65 , 79.60 , 19
1674 , 73.00 , 121.60 , 79.60 , 19
1675 , 73.00 , 124.90 , 79.60 , 19
1676 , 73.00 , 124.70 , 79.60 , 19
1677 , 73.00 , 124.50 , 79.60 , 19
1678 , 73.50 , 124.30 , 79.60 , 19
1679 , 73.50 , 124.30 , 79.60 , 19
