Please wait for the temperature to reach 95
0 , 34.25 , 200.00 , 0.00 , 0
1 , 33.50 , 200.00 , 0.00 , 0
2 , 33.25 , 200.00 , 0.00 , 0
3 , 34.50 , 200.00 , 0.00 , 0
4 , 37.75 , 200.00 , 0.00 , 0
5 , 37.50 , 200.00 , 0.00 , 0
6 , 37.25 , 200.00 , 0.00 , 0
7 , 38.25 , 200.00 , 0.00 , 0
8 , 39.00 , 200.00 , 0.00 , 0
9 , 39.50 , 200.00 , 0.00 , 0
10 , 41.75 , 200.00 , 0.00 , 0
11 , 43.50 , 200.00 , 0.00 , 0
12 , 46.25 , 200.00 , 0.00 , 0
13 , 49.75 , 200.00 , 0.00 , 0
14 , 53.50 , 200.00 , 0.00 , 0
15 , 57.50 , 200.00 , 0.00 , 0
16 , 62.25 , 200.00 , 0.00 , 0
17 , 66.25 , 200.00 , 0.00 , 0
18 , 70.50 , 200.00 , 0.00 , 0
19 , 74.00 , 200.00 , 0.00 , 0
20 , 77.25 , 200.00 , 0.00 , 0
21 , 80.75 , 200.00 , 0.00 , 0
22 , 83.75 , 200.00 , 0.00 , 0
23 , 87.00 , 200.00 , 0.00 , 0
24 , 90.00 , 200.00 , 0.00 , 0
25 , 92.75 , 200.00 , 0.00 , 0
Temperature has reached 95, please wait 60s for the initial denaturing to complete
26 , 95.00 , 194.60 , 0.00 , 0
Initial Denaturing has completed, Amplification Loop will start now
Going to Denaturing Temperature
Denaturing DNA Now
27 , 97.50 , 178.25 , 0.00 , 1
Going to Annealing Temperature
28 , 100.00 , 178.25 , 0.00 , 1
29 , 98.75 , 178.25 , 0.00 , 1
30 , 95.75 , 178.25 , 0.00 , 1
31 , 91.00 , 178.25 , 0.00 , 1
32 , 87.25 , 178.25 , 0.00 , 1
33 , 83.25 , 178.25 , 0.00 , 1
34 , 79.00 , 178.25 , 0.00 , 1
35 , 75.25 , 178.25 , 0.00 , 1
36 , 72.00 , 178.25 , 0.00 , 1
37 , 68.50 , 178.25 , 0.00 , 1
38 , 65.75 , 178.25 , 0.00 , 1
39 , 63.50 , 178.25 , 0.00 , 1
40 , 61.00 , 178.25 , 0.00 , 1
41 , 58.25 , 178.25 , 0.00 , 1
42 , 56.50 , 178.25 , 0.00 , 1
43 , 54.50 , 178.25 , 0.00 , 1
44 , 52.75 , 178.25 , 0.00 , 1
45 , 51.25 , 178.25 , 0.00 , 1
46 , 49.00 , 178.25 , 0.00 , 1
Annealing DNA Now
47 , 48.00 , 178.25 , 93.00 , 1
48 , 46.75 , 178.25 , 100.00 , 1
49 , 47.50 , 178.25 , 100.00 , 1
50 , 48.75 , 178.25 , 100.00 , 1
51 , 51.00 , 178.25 , 94.60 , 1
52 , 52.75 , 178.25 , 78.25 , 1
53 , 54.50 , 178.25 , 65.05 , 1
54 , 56.00 , 178.25 , 51.50 , 1
55 , 55.75 , 178.25 , 39.40 , 1
56 , 56.00 , 178.25 , 39.60 , 1
Going to Extension Temperature
57 , 56.75 , 187.45 , 39.60 , 1
58 , 58.25 , 184.65 , 39.60 , 1
59 , 60.25 , 176.30 , 39.60 , 1
60 , 64.00 , 164.05 , 39.60 , 1
61 , 67.25 , 138.80 , 39.60 , 1
62 , 70.50 , 116.40 , 39.60 , 1
Extending DNA Now
63 , 72.50 , 93.35 , 39.60 , 1
64 , 73.75 , 78.65 , 39.60 , 1
65 , 75.00 , 68.95 , 39.60 , 1
66 , 75.25 , 59.00 , 39.60 , 1
67 , 74.75 , 56.00 , 39.60 , 1
68 , 74.75 , 58.35 , 39.60 , 1
69 , 74.50 , 57.20 , 39.60 , 1
70 , 73.75 , 57.85 , 39.60 , 1
71 , 74.25 , 62.15 , 39.60 , 1
72 , 74.25 , 57.60 , 39.60 , 1
73 , 73.50 , 56.55 , 39.60 , 1
74 , 73.75 , 60.90 , 39.60 , 1
75 , 73.75 , 58.20 , 39.60 , 1
76 , 73.00 , 57.25 , 39.60 , 1
77 , 73.25 , 61.70 , 39.60 , 1
78 , 73.00 , 59.10 , 39.60 , 1
79 , 73.25 , 60.05 , 39.60 , 1
80 , 73.75 , 57.45 , 39.60 , 1
81 , 73.00 , 53.00 , 39.60 , 1
82 , 73.50 , 57.45 , 39.60 , 1
83 , 73.25 , 57.45 , 39.60 , 1
Going to Denaturing Temperature
84 , 73.25 , 200.00 , 39.60 , 2
85 , 74.50 , 200.00 , 39.60 , 2
86 , 77.50 , 200.00 , 39.60 , 2
87 , 81.50 , 200.00 , 39.60 , 2
88 , 84.75 , 174.95 , 39.60 , 2
89 , 88.50 , 153.65 , 39.60 , 2
90 , 90.75 , 128.10 , 39.60 , 2
91 , 91.75 , 112.60 , 39.60 , 2
92 , 93.50 , 105.65 , 39.60 , 2
Denaturing DNA Now
93 , 93.50 , 93.10 , 39.60 , 2
Going to Annealing Temperature
94 , 94.25 , 93.10 , 39.60 , 2
95 , 93.25 , 93.10 , 39.60 , 2
96 , 89.75 , 93.10 , 39.60 , 2
97 , 85.25 , 93.10 , 39.60 , 2
98 , 81.75 , 93.10 , 39.60 , 2
99 , 78.00 , 93.10 , 39.60 , 2
100 , 74.50 , 93.10 , 39.60 , 2
101 , 70.75 , 93.10 , 39.60 , 2
102 , 68.25 , 93.10 , 39.60 , 2
103 , 65.00 , 93.10 , 39.60 , 2
104 , 62.75 , 93.10 , 39.60 , 2
105 , 60.00 , 93.10 , 39.60 , 2
106 , 58.00 , 93.10 , 39.60 , 2
107 , 55.75 , 93.10 , 39.60 , 2
108 , 53.50 , 93.10 , 39.60 , 2
109 , 51.75 , 93.10 , 39.60 , 2
110 , 50.25 , 93.10 , 39.60 , 2
111 , 49.25 , 93.10 , 39.60 , 2
Annealing DNA Now
112 , 47.25 , 93.10 , 91.25 , 2
113 , 46.00 , 93.10 , 100.00 , 2
114 , 46.75 , 93.10 , 100.00 , 2
115 , 49.00 , 93.10 , 100.00 , 2
116 , 51.00 , 93.10 , 92.80 , 2
117 , 52.75 , 93.10 , 78.20 , 2
118 , 54.00 , 93.10 , 65.00 , 2
119 , 54.75 , 93.10 , 55.05 , 2
120 , 55.50 , 93.10 , 48.45 , 2
121 , 55.75 , 93.10 , 41.70 , 2
Going to Extension Temperature
122 , 56.25 , 189.60 , 41.70 , 2
123 , 57.75 , 188.65 , 41.70 , 2
124 , 60.25 , 180.40 , 41.70 , 2
125 , 63.75 , 164.65 , 41.70 , 2
126 , 67.25 , 141.20 , 41.70 , 2
127 , 69.75 , 117.05 , 41.70 , 2
Extending DNA Now
128 , 71.75 , 99.40 , 41.70 , 2
129 , 73.00 , 84.85 , 41.70 , 2
130 , 73.50 , 75.30 , 41.70 , 2
131 , 73.75 , 70.90 , 41.70 , 2
132 , 74.00 , 68.20 , 41.70 , 2
133 , 73.75 , 65.45 , 41.70 , 2
134 , 74.25 , 66.25 , 41.70 , 2
135 , 73.75 , 61.70 , 41.70 , 2
136 , 73.75 , 64.25 , 41.70 , 2
137 , 74.00 , 63.30 , 41.70 , 2
138 , 73.50 , 60.55 , 41.70 , 2
139 , 74.00 , 63.15 , 41.70 , 2
140 , 73.25 , 58.65 , 41.70 , 2
141 , 73.50 , 63.05 , 41.70 , 2
142 , 73.00 , 60.40 , 41.70 , 2
143 , 72.75 , 63.10 , 41.70 , 2
144 , 73.00 , 64.10 , 41.70 , 2
145 , 72.75 , 61.55 , 41.70 , 2
146 , 72.75 , 62.55 , 41.70 , 2
147 , 72.00 , 61.80 , 41.70 , 2
148 , 72.50 , 61.80 , 41.70 , 2
Going to Denaturing Temperature
149 , 72.25 , 200.00 , 41.70 , 3
150 , 73.50 , 200.00 , 41.70 , 3
151 , 75.50 , 200.00 , 41.70 , 3
152 , 79.00 , 200.00 , 41.70 , 3
153 , 82.50 , 196.50 , 41.70 , 3
154 , 85.25 , 173.90 , 41.70 , 3
155 , 87.50 , 156.00 , 41.70 , 3
156 , 89.75 , 141.15 , 41.70 , 3
157 , 90.25 , 125.85 , 41.70 , 3
158 , 91.25 , 122.70 , 41.70 , 3
159 , 92.50 , 115.85 , 41.70 , 3
Denaturing DNA Now
160 , 93.00 , 107.00 , 41.70 , 3
Going to Annealing Temperature
161 , 93.50 , 107.00 , 41.70 , 3
162 , 92.00 , 107.00 , 41.70 , 3
163 , 89.50 , 107.00 , 41.70 , 3
164 , 85.25 , 107.00 , 41.70 , 3
165 , 81.75 , 107.00 , 41.70 , 3
166 , 77.75 , 107.00 , 41.70 , 3
167 , 74.25 , 107.00 , 41.70 , 3
168 , 71.00 , 107.00 , 41.70 , 3
169 , 67.50 , 107.00 , 41.70 , 3
170 , 65.25 , 107.00 , 41.70 , 3
171 , 62.75 , 107.00 , 41.70 , 3
172 , 60.25 , 107.00 , 41.70 , 3
173 , 57.75 , 107.00 , 41.70 , 3
174 , 55.75 , 107.00 , 41.70 , 3
175 , 54.00 , 107.00 , 41.70 , 3
176 , 52.25 , 107.00 , 41.70 , 3
177 , 50.25 , 107.00 , 41.70 , 3
178 , 49.00 , 107.00 , 41.70 , 3
Annealing DNA Now
179 , 47.75 , 107.00 , 93.00 , 3
180 , 46.50 , 107.00 , 100.00 , 3
181 , 47.00 , 107.00 , 100.00 , 3
182 , 48.75 , 107.00 , 100.00 , 3
183 , 49.50 , 107.00 , 94.60 , 3
184 , 52.00 , 107.00 , 89.05 , 3
185 , 52.75 , 107.00 , 70.75 , 3
186 , 54.75 , 107.00 , 64.55 , 3
187 , 55.25 , 107.00 , 49.20 , 3
188 , 55.50 , 107.00 , 44.25 , 3
Going to Extension Temperature
189 , 56.00 , 192.20 , 44.25 , 3
190 , 57.00 , 191.30 , 44.25 , 3
191 , 59.75 , 186.70 , 44.25 , 3
192 , 63.25 , 169.30 , 44.25 , 3
193 , 66.00 , 145.95 , 44.25 , 3
194 , 69.00 , 127.30 , 44.25 , 3
Extending DNA Now
195 , 71.00 , 106.30 , 44.25 , 3
196 , 72.50 , 91.90 , 44.25 , 3
197 , 73.50 , 80.70 , 44.25 , 3
198 , 73.75 , 72.80 , 44.25 , 3
199 , 74.25 , 70.10 , 44.25 , 3
200 , 74.25 , 65.55 , 44.25 , 3
201 , 74.00 , 64.50 , 44.25 , 3
202 , 74.25 , 65.25 , 44.25 , 3
203 , 73.50 , 62.45 , 44.25 , 3
204 , 74.00 , 66.80 , 44.25 , 3
205 , 73.50 , 62.30 , 44.25 , 3
206 , 74.00 , 64.90 , 44.25 , 3
207 , 73.75 , 60.40 , 44.25 , 3
208 , 73.75 , 61.20 , 44.25 , 3
209 , 73.50 , 60.25 , 44.25 , 3
210 , 73.25 , 61.10 , 44.25 , 3
211 , 73.75 , 62.00 , 44.25 , 3
212 , 73.50 , 57.55 , 44.25 , 3
213 , 73.50 , 58.40 , 44.25 , 3
214 , 73.25 , 57.50 , 44.25 , 3
215 , 73.25 , 57.50 , 44.25 , 3
Going to Denaturing Temperature
216 , 73.25 , 200.00 , 44.25 , 4
217 , 74.50 , 200.00 , 44.25 , 4
218 , 77.25 , 200.00 , 44.25 , 4
219 , 80.25 , 200.00 , 44.25 , 4
220 , 83.50 , 187.55 , 44.25 , 4
221 , 86.00 , 166.50 , 44.25 , 4
222 , 88.25 , 150.20 , 44.25 , 4
223 , 90.25 , 135.20 , 44.25 , 4
224 , 91.25 , 121.55 , 44.25 , 4
225 , 92.25 , 114.70 , 44.25 , 4
Denaturing DNA Now
226 , 93.75 , 107.65 , 44.25 , 4
Going to Annealing Temperature
227 , 93.25 , 107.65 , 44.25 , 4
228 , 92.25 , 107.65 , 44.25 , 4
229 , 89.75 , 107.65 , 44.25 , 4
230 , 85.00 , 107.65 , 44.25 , 4
231 , 82.00 , 107.65 , 44.25 , 4
232 , 78.00 , 107.65 , 44.25 , 4
233 , 74.00 , 107.65 , 44.25 , 4
234 , 71.25 , 107.65 , 44.25 , 4
235 , 68.00 , 107.65 , 44.25 , 4
236 , 65.25 , 107.65 , 44.25 , 4
237 , 62.75 , 107.65 , 44.25 , 4
238 , 60.50 , 107.65 , 44.25 , 4
239 , 58.25 , 107.65 , 44.25 , 4
240 , 56.00 , 107.65 , 44.25 , 4
241 , 54.25 , 107.65 , 44.25 , 4
242 , 52.50 , 107.65 , 44.25 , 4
243 , 51.00 , 107.65 , 44.25 , 4
244 , 48.75 , 107.65 , 44.25 , 4
Annealing DNA Now
245 , 47.50 , 107.65 , 94.75 , 4
246 , 47.00 , 107.65 , 100.00 , 4
247 , 47.75 , 107.65 , 100.00 , 4
248 , 49.00 , 107.65 , 100.00 , 4
249 , 50.75 , 107.65 , 92.80 , 4
250 , 52.25 , 107.65 , 80.00 , 4
251 , 53.50 , 107.65 , 68.65 , 4
252 , 53.75 , 107.65 , 58.80 , 4
253 , 55.00 , 107.65 , 55.90 , 4
254 , 55.25 , 107.65 , 45.75 , 4
Going to Extension Temperature
255 , 55.75 , 193.75 , 45.75 , 4
256 , 57.50 , 192.90 , 45.75 , 4
257 , 59.75 , 182.95 , 45.75 , 4
258 , 62.50 , 169.05 , 45.75 , 4
259 , 65.50 , 151.10 , 45.75 , 4
260 , 67.75 , 130.80 , 45.75 , 4
Extending DNA Now
261 , 70.00 , 115.30 , 45.75 , 4
262 , 71.00 , 99.35 , 45.75 , 4
263 , 71.75 , 91.95 , 45.75 , 4
264 , 72.75 , 86.15 , 45.75 , 4
265 , 73.00 , 78.40 , 45.75 , 4
266 , 73.25 , 75.85 , 45.75 , 4
267 , 72.75 , 73.25 , 45.75 , 4
268 , 72.25 , 76.00 , 45.75 , 4
269 , 73.00 , 78.85 , 45.75 , 4
270 , 73.00 , 72.80 , 45.75 , 4
271 , 72.75 , 72.00 , 45.75 , 4
272 , 72.25 , 73.00 , 45.75 , 4
273 , 73.00 , 75.85 , 45.75 , 4
274 , 73.25 , 69.80 , 45.75 , 4
275 , 72.75 , 67.20 , 45.75 , 4
276 , 72.25 , 69.95 , 45.75 , 4
277 , 72.50 , 72.80 , 45.75 , 4
278 , 72.75 , 70.35 , 45.75 , 4
279 , 72.75 , 67.85 , 45.75 , 4
280 , 73.00 , 67.10 , 45.75 , 4
281 , 73.00 , 67.10 , 45.75 , 4
Going to Denaturing Temperature
282 , 72.75 , 200.00 , 45.75 , 5
283 , 73.75 , 200.00 , 45.75 , 5
284 , 76.25 , 200.00 , 45.75 , 5
285 , 79.00 , 200.00 , 45.75 , 5
286 , 82.25 , 200.00 , 45.75 , 5
287 , 85.00 , 180.60 , 45.75 , 5
288 , 87.25 , 162.75 , 45.75 , 5
289 , 89.50 , 147.95 , 45.75 , 5
290 , 90.75 , 132.70 , 45.75 , 5
291 , 91.75 , 124.20 , 45.75 , 5
292 , 92.75 , 117.25 , 45.75 , 5
Denaturing DNA Now
293 , 93.00 , 110.10 , 45.75 , 5
Going to Annealing Temperature
294 , 93.00 , 110.10 , 45.75 , 5
295 , 92.00 , 110.10 , 45.75 , 5
296 , 89.25 , 110.10 , 45.75 , 5
297 , 85.00 , 110.10 , 45.75 , 5
298 , 81.25 , 110.10 , 45.75 , 5
299 , 77.25 , 110.10 , 45.75 , 5
300 , 74.00 , 110.10 , 45.75 , 5
301 , 70.75 , 110.10 , 45.75 , 5
302 , 67.75 , 110.10 , 45.75 , 5
303 , 64.00 , 110.10 , 45.75 , 5
304 , 62.50 , 110.10 , 45.75 , 5
305 , 60.00 , 110.10 , 45.75 , 5
306 , 57.50 , 110.10 , 45.75 , 5
307 , 55.50 , 110.10 , 45.75 , 5
308 , 53.75 , 110.10 , 45.75 , 5
309 , 52.00 , 110.10 , 45.75 , 5
310 , 50.00 , 110.10 , 45.75 , 5
Annealing DNA Now
311 , 48.50 , 110.10 , 86.00 , 5
312 , 48.00 , 110.10 , 96.40 , 5
313 , 48.25 , 110.10 , 99.90 , 5
314 , 49.75 , 110.10 , 98.10 , 5
315 , 51.00 , 110.10 , 87.25 , 5
316 , 52.75 , 110.10 , 77.90 , 5
317 , 53.25 , 110.10 , 64.70 , 5
318 , 54.25 , 110.10 , 60.15 , 5
319 , 55.00 , 110.10 , 51.90 , 5
320 , 54.75 , 110.10 , 45.25 , 5
Going to Extension Temperature
321 , 55.00 , 196.85 , 45.25 , 5
322 , 56.75 , 197.90 , 45.25 , 5
323 , 58.50 , 188.10 , 45.25 , 5
324 , 61.75 , 177.95 , 45.25 , 5
325 , 64.75 , 156.65 , 45.25 , 5
326 , 67.25 , 136.50 , 45.25 , 5
327 , 69.25 , 119.35 , 45.25 , 5
Extending DNA Now
328 , 70.00 , 105.30 , 45.25 , 5
329 , 71.75 , 99.85 , 45.25 , 5
330 , 72.25 , 87.05 , 45.25 , 5
331 , 72.75 , 82.90 , 45.25 , 5
332 , 72.50 , 78.65 , 45.25 , 5
333 , 73.00 , 79.70 , 45.25 , 5
334 , 73.00 , 75.40 , 45.25 , 5
335 , 72.75 , 74.60 , 45.25 , 5
336 , 73.00 , 75.60 , 45.25 , 5
337 , 72.25 , 73.05 , 45.25 , 5
338 , 72.50 , 77.65 , 45.25 , 5
339 , 72.75 , 75.20 , 45.25 , 5
340 , 72.75 , 72.70 , 45.25 , 5
341 , 72.75 , 71.95 , 45.25 , 5
342 , 72.75 , 71.20 , 45.25 , 5
343 , 72.50 , 70.45 , 45.25 , 5
344 , 72.25 , 71.50 , 45.25 , 5
345 , 72.00 , 72.60 , 45.25 , 5
346 , 72.25 , 73.75 , 45.25 , 5
347 , 72.00 , 71.35 , 45.25 , 5
348 , 71.50 , 71.35 , 45.25 , 5
Going to Denaturing Temperature
349 , 72.00 , 200.00 , 45.25 , 6
350 , 73.00 , 200.00 , 45.25 , 6
351 , 74.75 , 200.00 , 45.25 , 6
352 , 77.75 , 200.00 , 45.25 , 6
353 , 81.50 , 200.00 , 45.25 , 6
354 , 84.00 , 187.90 , 45.25 , 6
355 , 85.75 , 172.00 , 45.25 , 6
356 , 87.75 , 161.00 , 45.25 , 6
357 , 89.50 , 147.85 , 45.25 , 6
358 , 91.00 , 136.10 , 45.25 , 6
359 , 91.75 , 125.80 , 45.25 , 6
360 , 92.00 , 120.60 , 45.25 , 6
Denaturing DNA Now
361 , 92.75 , 118.85 , 45.25 , 6
Going to Annealing Temperature
362 , 93.00 , 118.85 , 45.25 , 6
363 , 92.00 , 118.85 , 45.25 , 6
364 , 88.75 , 118.85 , 45.25 , 6
365 , 85.50 , 118.85 , 45.25 , 6
366 , 81.25 , 118.85 , 45.25 , 6
367 , 77.75 , 118.85 , 45.25 , 6
368 , 74.25 , 118.85 , 45.25 , 6
369 , 71.00 , 118.85 , 45.25 , 6
370 , 67.50 , 118.85 , 45.25 , 6
371 , 65.25 , 118.85 , 45.25 , 6
372 , 62.50 , 118.85 , 45.25 , 6
373 , 60.25 , 118.85 , 45.25 , 6
374 , 57.50 , 118.85 , 45.25 , 6
375 , 55.25 , 118.85 , 45.25 , 6
376 , 54.00 , 118.85 , 45.25 , 6
377 , 52.25 , 118.85 , 45.25 , 6
378 , 50.50 , 118.85 , 45.25 , 6
379 , 48.75 , 118.85 , 45.25 , 6
Annealing DNA Now
380 , 47.75 , 118.85 , 94.75 , 6
381 , 46.50 , 118.85 , 100.00 , 6
382 , 46.75 , 118.85 , 100.00 , 6
383 , 48.75 , 118.85 , 100.00 , 6
384 , 49.75 , 118.85 , 94.60 , 6
385 , 51.25 , 118.85 , 87.25 , 6
386 , 52.50 , 118.85 , 76.10 , 6
387 , 53.75 , 118.85 , 66.45 , 6
388 , 54.00 , 118.85 , 56.55 , 6
389 , 54.75 , 118.85 , 53.60 , 6
Going to Extension Temperature
390 , 54.50 , 198.20 , 53.60 , 6
391 , 56.00 , 200.00 , 53.60 , 6
392 , 58.00 , 194.95 , 53.60 , 6
393 , 61.50 , 183.15 , 53.60 , 6
395 , 64.75 , 160.15 , 53.60 , 6
396 , 67.25 , 138.25 , 53.60 , 6
397 , 68.75 , 121.10 , 53.60 , 6
Extending DNA Now
398 , 71.00 , 110.65 , 53.60 , 6
399 , 71.50 , 94.50 , 53.60 , 6
400 , 72.25 , 90.50 , 53.60 , 6
401 , 72.75 , 84.60 , 53.60 , 6
402 , 73.25 , 80.35 , 53.60 , 6
403 , 73.25 , 76.00 , 53.60 , 6
404 , 73.25 , 75.15 , 53.60 , 6
405 , 73.25 , 74.30 , 53.60 , 6
406 , 73.00 , 73.45 , 53.60 , 6
407 , 72.75 , 74.40 , 53.60 , 6
408 , 72.75 , 75.40 , 53.60 , 6
409 , 72.50 , 74.65 , 53.60 , 6
410 , 72.50 , 75.70 , 53.60 , 6
411 , 72.50 , 75.00 , 53.60 , 6
412 , 72.25 , 74.30 , 53.60 , 6
413 , 72.25 , 75.40 , 53.60 , 6
414 , 72.50 , 74.75 , 53.60 , 6
415 , 72.25 , 72.30 , 53.60 , 6
416 , 72.75 , 73.40 , 53.60 , 6
417 , 72.25 , 69.15 , 53.60 , 6
418 , 72.75 , 69.15 , 53.60 , 6
Going to Denaturing Temperature
419 , 72.75 , 200.00 , 53.60 , 7
420 , 73.25 , 200.00 , 53.60 , 7
421 , 75.25 , 200.00 , 53.60 , 7
422 , 78.25 , 200.00 , 53.60 , 7
423 , 81.00 , 200.00 , 53.60 , 7
424 , 83.50 , 192.15 , 53.60 , 7
425 , 85.50 , 176.35 , 53.60 , 7
426 , 87.75 , 163.65 , 53.60 , 7
427 , 88.75 , 148.75 , 53.60 , 7
428 , 90.25 , 142.40 , 53.60 , 7
429 , 90.75 , 132.25 , 53.60 , 7
430 , 91.50 , 129.00 , 53.60 , 7
431 , 92.00 , 123.85 , 53.60 , 7
Denaturing DNA Now
432 , 92.25 , 120.35 , 53.60 , 7
Going to Annealing Temperature
433 , 93.00 , 120.35 , 53.60 , 7
434 , 92.00 , 120.35 , 53.60 , 7
435 , 88.50 , 120.35 , 53.60 , 7
436 , 85.00 , 120.35 , 53.60 , 7
437 , 81.25 , 120.35 , 53.60 , 7
438 , 77.25 , 120.35 , 53.60 , 7
439 , 73.75 , 120.35 , 53.60 , 7
440 , 70.75 , 120.35 , 53.60 , 7
441 , 67.50 , 120.35 , 53.60 , 7
442 , 64.50 , 120.35 , 53.60 , 7
443 , 62.50 , 120.35 , 53.60 , 7
444 , 59.75 , 120.35 , 53.60 , 7
445 , 57.00 , 120.35 , 53.60 , 7
446 , 55.50 , 120.35 , 53.60 , 7
447 , 53.50 , 120.35 , 53.60 , 7
448 , 52.25 , 120.35 , 53.60 , 7
449 , 50.75 , 120.35 , 53.60 , 7
450 , 48.75 , 120.35 , 53.60 , 7
Annealing DNA Now
451 , 47.75 , 120.35 , 94.75 , 7
452 , 46.50 , 120.35 , 100.00 , 7
453 , 47.00 , 120.35 , 100.00 , 7
454 , 48.50 , 120.35 , 100.00 , 7
455 , 49.50 , 120.35 , 96.40 , 7
456 , 51.25 , 120.35 , 89.10 , 7
457 , 52.50 , 120.35 , 76.20 , 7
458 , 53.25 , 120.35 , 66.55 , 7
459 , 54.25 , 120.35 , 60.25 , 7
460 , 54.75 , 120.35 , 52.00 , 7
Going to Extension Temperature
461 , 54.75 , 198.35 , 52.00 , 7
462 , 56.50 , 200.00 , 52.00 , 7
463 , 58.50 , 191.45 , 52.00 , 7
464 , 60.75 , 179.55 , 52.00 , 7
465 , 64.00 , 165.45 , 52.00 , 7
466 , 66.25 , 143.70 , 52.00 , 7
467 , 68.25 , 128.50 , 52.00 , 7
Extending DNA Now
468 , 70.00 , 114.65 , 52.00 , 7
469 , 70.75 , 102.20 , 52.00 , 7
470 , 71.50 , 96.60 , 52.00 , 7
471 , 72.00 , 90.85 , 52.00 , 7
472 , 72.25 , 86.75 , 52.00 , 7
473 , 72.75 , 84.35 , 52.00 , 7
474 , 72.50 , 80.10 , 52.00 , 7
475 , 72.25 , 81.15 , 52.00 , 7
476 , 72.50 , 82.25 , 52.00 , 7
477 , 72.75 , 79.80 , 52.00 , 7
478 , 73.00 , 77.30 , 52.00 , 7
479 , 73.25 , 74.75 , 52.00 , 7
480 , 72.75 , 72.15 , 52.00 , 7
481 , 73.00 , 74.90 , 52.00 , 7
482 , 73.25 , 72.35 , 52.00 , 7
483 , 73.00 , 69.75 , 52.00 , 7
484 , 73.25 , 70.70 , 52.00 , 7
485 , 73.25 , 68.10 , 52.00 , 7
486 , 72.75 , 67.25 , 52.00 , 7
487 , 72.25 , 70.00 , 52.00 , 7
488 , 72.25 , 70.00 , 52.00 , 7
Going to Denaturing Temperature
489 , 72.25 , 200.00 , 52.00 , 8
490 , 73.25 , 200.00 , 52.00 , 8
491 , 75.25 , 200.00 , 52.00 , 8
492 , 78.00 , 200.00 , 52.00 , 8
493 , 81.00 , 200.00 , 52.00 , 8
494 , 83.25 , 193.25 , 52.00 , 8
495 , 85.50 , 179.25 , 52.00 , 8
496 , 87.00 , 164.80 , 52.00 , 8
497 , 89.00 , 155.30 , 52.00 , 8
498 , 90.00 , 141.90 , 52.00 , 8
499 , 90.75 , 135.30 , 52.00 , 8
500 , 91.25 , 130.30 , 52.00 , 8
501 , 91.75 , 126.95 , 52.00 , 8
502 , 92.00 , 123.50 , 52.00 , 8
Denaturing DNA Now
503 , 92.50 , 121.75 , 52.00 , 8
Going to Annealing Temperature
504 , 92.25 , 121.75 , 52.00 , 8
505 , 91.00 , 121.75 , 52.00 , 8
506 , 88.00 , 121.75 , 52.00 , 8
507 , 84.50 , 121.75 , 52.00 , 8
508 , 80.50 , 121.75 , 52.00 , 8
509 , 77.00 , 121.75 , 52.00 , 8
510 , 73.75 , 121.75 , 52.00 , 8
511 , 70.50 , 121.75 , 52.00 , 8
512 , 66.75 , 121.75 , 52.00 , 8
513 , 64.25 , 121.75 , 52.00 , 8
514 , 62.00 , 121.75 , 52.00 , 8
515 , 59.75 , 121.75 , 52.00 , 8
516 , 57.25 , 121.75 , 52.00 , 8
517 , 55.75 , 121.75 , 52.00 , 8
518 , 53.75 , 121.75 , 52.00 , 8
519 , 51.50 , 121.75 , 52.00 , 8
520 , 50.25 , 121.75 , 52.00 , 8
521 , 48.25 , 121.75 , 52.00 , 8
Annealing DNA Now
522 , 46.50 , 121.75 , 98.25 , 8
523 , 46.50 , 121.75 , 100.00 , 8
524 , 47.00 , 121.75 , 100.00 , 8
525 , 48.25 , 121.75 , 100.00 , 8
526 , 49.75 , 121.75 , 98.20 , 8
527 , 51.00 , 121.75 , 87.35 , 8
528 , 52.00 , 121.75 , 78.00 , 8
529 , 52.75 , 121.75 , 70.20 , 8
530 , 53.75 , 121.75 , 64.00 , 8
531 , 54.50 , 121.75 , 55.85 , 8
Going to Extension Temperature
532 , 54.75 , 200.00 , 55.85 , 8
533 , 56.00 , 200.00 , 55.85 , 8
534 , 58.25 , 195.45 , 55.85 , 8
535 , 61.00 , 181.85 , 55.85 , 8
536 , 64.00 , 164.20 , 55.85 , 8
537 , 66.25 , 144.20 , 55.85 , 8
538 , 68.25 , 129.00 , 55.85 , 8
Extending DNA Now
539 , 69.75 , 115.15 , 55.85 , 8
540 , 71.50 , 104.50 , 55.85 , 8
541 , 72.50 , 91.75 , 55.85 , 8
542 , 73.00 , 84.05 , 55.85 , 8
543 , 73.25 , 79.75 , 55.85 , 8
544 , 73.25 , 77.15 , 55.85 , 8
545 , 73.25 , 76.30 , 55.85 , 8
546 , 73.00 , 75.45 , 55.85 , 8
547 , 73.25 , 76.40 , 55.85 , 8
548 , 73.00 , 73.80 , 55.85 , 8
549 , 72.75 , 74.75 , 55.85 , 8
550 , 72.25 , 75.75 , 55.85 , 8
551 , 73.00 , 78.60 , 55.85 , 8
552 , 72.75 , 72.55 , 55.85 , 8
553 , 73.00 , 73.55 , 55.85 , 8
554 , 72.50 , 71.00 , 55.85 , 8
555 , 72.00 , 73.80 , 55.85 , 8
556 , 72.50 , 76.70 , 55.85 , 8
557 , 72.25 , 72.50 , 55.85 , 8
558 , 71.25 , 73.60 , 55.85 , 8
559 , 71.75 , 73.60 , 55.85 , 8
Going to Denaturing Temperature
560 , 72.00 , 200.00 , 55.85 , 9
561 , 72.75 , 200.00 , 55.85 , 9
562 , 75.00 , 200.00 , 55.85 , 9
563 , 77.50 , 200.00 , 55.85 , 9
564 , 80.00 , 200.00 , 55.85 , 9
565 , 82.50 , 200.00 , 55.85 , 9
566 , 84.50 , 185.35 , 55.85 , 9
567 , 86.50 , 172.85 , 55.85 , 9
568 , 88.25 , 159.95 , 55.85 , 9
569 , 89.50 , 148.45 , 55.85 , 9
570 , 90.25 , 140.20 , 55.85 , 9
571 , 91.50 , 135.30 , 55.85 , 9
572 , 92.00 , 126.65 , 55.85 , 9
Denaturing DNA Now
573 , 92.25 , 123.15 , 55.85 , 9
Going to Annealing Temperature
574 , 92.25 , 123.15 , 55.85 , 9
575 , 90.75 , 123.15 , 55.85 , 9
576 , 88.25 , 123.15 , 55.85 , 9
577 , 84.75 , 123.15 , 55.85 , 9
578 , 81.00 , 123.15 , 55.85 , 9
579 , 76.75 , 123.15 , 55.85 , 9
580 , 73.25 , 123.15 , 55.85 , 9
581 , 70.25 , 123.15 , 55.85 , 9
582 , 66.75 , 123.15 , 55.85 , 9
583 , 64.00 , 123.15 , 55.85 , 9
584 , 61.75 , 123.15 , 55.85 , 9
585 , 59.75 , 123.15 , 55.85 , 9
586 , 57.00 , 123.15 , 55.85 , 9
587 , 55.00 , 123.15 , 55.85 , 9
588 , 53.25 , 123.15 , 55.85 , 9
589 , 51.50 , 123.15 , 55.85 , 9
590 , 50.25 , 123.15 , 55.85 , 9
591 , 49.00 , 123.15 , 55.85 , 9
Annealing DNA Now
592 , 47.25 , 123.15 , 93.00 , 9
593 , 46.25 , 123.15 , 100.00 , 9
594 , 46.75 , 123.15 , 100.00 , 9
595 , 48.25 , 123.15 , 100.00 , 9
596 , 49.75 , 123.15 , 98.20 , 9
597 , 50.75 , 123.15 , 87.35 , 9
598 , 52.25 , 123.15 , 79.80 , 9
599 , 52.50 , 123.15 , 68.45 , 9
600 , 53.25 , 123.15 , 65.80 , 9
601 , 53.75 , 123.15 , 59.50 , 9
Going to Extension Temperature
602 , 54.25 , 200.00 , 59.50 , 9
603 , 55.75 , 200.00 , 59.50 , 9
604 , 58.00 , 197.65 , 59.50 , 9
605 , 60.50 , 184.10 , 59.50 , 9
606 , 63.75 , 168.30 , 59.50 , 9
607 , 65.50 , 146.60 , 59.50 , 9
608 , 68.00 , 135.05 , 59.50 , 9
Extending DNA Now
609 , 69.75 , 117.75 , 59.50 , 9
610 , 70.25 , 105.35 , 59.50 , 9
611 , 70.50 , 101.60 , 59.50 , 9
612 , 71.50 , 99.55 , 59.50 , 9
613 , 72.50 , 92.05 , 59.50 , 9
614 , 73.00 , 84.35 , 59.50 , 9
615 , 73.25 , 80.05 , 59.50 , 9
616 , 73.50 , 77.45 , 59.50 , 9
617 , 73.50 , 74.80 , 59.50 , 9
618 , 73.25 , 73.90 , 59.50 , 9
619 , 73.25 , 74.80 , 59.50 , 9
620 , 73.00 , 73.95 , 59.50 , 9
621 , 72.75 , 74.90 , 59.50 , 9
622 , 72.50 , 75.90 , 59.50 , 9
623 , 73.00 , 76.95 , 59.50 , 9
624 , 72.50 , 72.65 , 59.50 , 9
625 , 72.25 , 75.45 , 59.50 , 9
626 , 72.25 , 76.55 , 59.50 , 9
627 , 72.25 , 75.90 , 59.50 , 9
628 , 72.50 , 75.25 , 59.50 , 9
629 , 72.25 , 75.25 , 59.50 , 9
Going to Denaturing Temperature
630 , 72.25 , 200.00 , 59.50 , 10
631 , 72.75 , 200.00 , 59.50 , 10
632 , 75.00 , 200.00 , 59.50 , 10
633 , 77.00 , 200.00 , 59.50 , 10
634 , 79.75 , 200.00 , 59.50 , 10
635 , 82.00 , 200.00 , 59.50 , 10
636 , 84.00 , 190.60 , 59.50 , 10
637 , 85.75 , 178.20 , 59.50 , 10
638 , 87.75 , 167.20 , 59.50 , 10
639 , 89.00 , 154.05 , 59.50 , 10
640 , 90.25 , 145.90 , 59.50 , 10
641 , 91.00 , 137.50 , 59.50 , 10
642 , 92.00 , 132.45 , 59.50 , 10
Denaturing DNA Now
643 , 92.25 , 125.45 , 59.50 , 10
Going to Annealing Temperature
644 , 92.50 , 125.45 , 59.50 , 10
645 , 91.50 , 125.45 , 59.50 , 10
646 , 88.00 , 125.45 , 59.50 , 10
647 , 84.25 , 125.45 , 59.50 , 10
648 , 80.50 , 125.45 , 59.50 , 10
649 , 77.00 , 125.45 , 59.50 , 10
650 , 73.00 , 125.45 , 59.50 , 10
651 , 70.25 , 125.45 , 59.50 , 10
652 , 67.25 , 125.45 , 59.50 , 10
653 , 64.75 , 125.45 , 59.50 , 10
654 , 62.00 , 125.45 , 59.50 , 10
655 , 59.50 , 125.45 , 59.50 , 10
656 , 57.75 , 125.45 , 59.50 , 10
657 , 55.25 , 125.45 , 59.50 , 10
658 , 53.00 , 125.45 , 59.50 , 10
659 , 51.25 , 125.45 , 59.50 , 10
660 , 50.00 , 125.45 , 59.50 , 10
Annealing DNA Now
661 , 48.75 , 125.45 , 86.00 , 10
662 , 47.75 , 125.45 , 94.60 , 10
663 , 47.75 , 125.45 , 100.00 , 10
664 , 48.50 , 125.45 , 100.00 , 10
665 , 50.50 , 125.45 , 96.35 , 10
666 , 51.75 , 125.45 , 81.85 , 10
667 , 52.75 , 125.45 , 72.35 , 10
668 , 53.50 , 125.45 , 64.40 , 10
669 , 54.00 , 125.45 , 58.05 , 10
670 , 54.00 , 125.45 , 53.35 , 10
Going to Extension Temperature
671 , 54.75 , 200.00 , 53.35 , 10
672 , 56.00 , 200.00 , 53.35 , 10
673 , 57.75 , 194.80 , 53.35 , 10
674 , 60.50 , 184.80 , 53.35 , 10
675 , 63.00 , 167.25 , 53.35 , 10
676 , 65.50 , 150.95 , 53.35 , 10
677 , 68.00 , 134.15 , 53.35 , 10
Extending DNA Now
678 , 68.75 , 116.85 , 53.35 , 10
679 , 70.00 , 111.65 , 53.35 , 10
680 , 71.00 , 102.70 , 53.35 , 10
681 , 71.75 , 95.30 , 53.35 , 10
682 , 72.25 , 89.50 , 53.35 , 10
683 , 72.50 , 85.35 , 53.35 , 10
684 , 72.50 , 82.90 , 53.35 , 10
685 , 73.00 , 82.20 , 53.35 , 10
686 , 72.75 , 77.90 , 53.35 , 10
687 , 73.25 , 78.90 , 53.35 , 10
688 , 73.00 , 74.55 , 53.35 , 10
689 , 72.50 , 75.50 , 53.35 , 10
690 , 72.50 , 78.30 , 53.35 , 10
691 , 71.75 , 77.60 , 53.35 , 10
692 , 72.50 , 82.30 , 53.35 , 10
693 , 72.25 , 76.35 , 53.35 , 10
694 , 71.75 , 77.45 , 53.35 , 10
695 , 72.50 , 80.40 , 53.35 , 10
696 , 72.75 , 74.45 , 53.35 , 10
697 , 72.50 , 71.95 , 53.35 , 10
698 , 72.50 , 71.95 , 53.35 , 10
Going to Denaturing Temperature
699 , 72.25 , 200.00 , 53.35 , 11
700 , 73.25 , 200.00 , 53.35 , 11
701 , 75.25 , 200.00 , 53.35 , 11
702 , 77.75 , 200.00 , 53.35 , 11
703 , 79.75 , 200.00 , 53.35 , 11
704 , 82.00 , 200.00 , 53.35 , 11
705 , 84.25 , 190.45 , 53.35 , 11
706 , 86.00 , 176.25 , 53.35 , 11
707 , 87.50 , 165.20 , 53.35 , 11
708 , 88.50 , 155.60 , 53.35 , 11
709 , 89.50 , 149.30 , 53.35 , 11
710 , 90.25 , 142.80 , 53.35 , 11
711 , 91.00 , 137.90 , 53.35 , 11
712 , 91.75 , 132.85 , 53.35 , 11
713 , 92.00 , 127.65 , 53.35 , 11
Denaturing DNA Now
714 , 92.00 , 125.90 , 53.35 , 11
Going to Annealing Temperature
715 , 92.00 , 125.90 , 53.35 , 11
716 , 90.75 , 125.90 , 53.35 , 11
717 , 88.00 , 125.90 , 53.35 , 11
718 , 84.25 , 125.90 , 53.35 , 11
719 , 81.00 , 125.90 , 53.35 , 11
720 , 77.00 , 125.90 , 53.35 , 11
721 , 73.25 , 125.90 , 53.35 , 11
722 , 70.25 , 125.90 , 53.35 , 11
723 , 67.50 , 125.90 , 53.35 , 11
724 , 64.25 , 125.90 , 53.35 , 11
725 , 62.25 , 125.90 , 53.35 , 11
726 , 59.75 , 125.90 , 53.35 , 11
727 , 57.75 , 125.90 , 53.35 , 11
728 , 55.25 , 125.90 , 53.35 , 11
729 , 53.50 , 125.90 , 53.35 , 11
730 , 52.25 , 125.90 , 53.35 , 11
731 , 50.00 , 125.90 , 53.35 , 11
Annealing DNA Now
732 , 48.75 , 125.90 , 86.00 , 11
733 , 47.75 , 125.90 , 94.60 , 11
734 , 48.00 , 125.90 , 100.00 , 11
735 , 49.25 , 125.90 , 99.90 , 11
736 , 50.50 , 125.90 , 90.90 , 11
737 , 51.75 , 125.90 , 81.65 , 11
738 , 52.25 , 125.90 , 72.15 , 11
739 , 53.50 , 125.90 , 67.80 , 11
740 , 54.25 , 125.90 , 57.95 , 11
741 , 54.25 , 125.90 , 51.45 , 11
Going to Extension Temperature
742 , 54.25 , 200.00 , 51.45 , 11
743 , 55.75 , 200.00 , 51.45 , 11
744 , 57.50 , 196.50 , 51.45 , 11
745 , 60.25 , 186.55 , 51.45 , 11
746 , 63.75 , 169.05 , 51.45 , 11
747 , 66.00 , 145.60 , 51.45 , 11
748 , 67.50 , 130.45 , 51.45 , 11
Extending DNA Now
749 , 69.00 , 120.25 , 51.45 , 11
750 , 70.50 , 109.75 , 51.45 , 11
751 , 70.50 , 98.95 , 51.45 , 11
752 , 71.75 , 98.65 , 51.45 , 11
753 , 72.00 , 89.35 , 51.45 , 11
754 , 72.50 , 87.00 , 51.45 , 11
755 , 72.75 , 82.80 , 51.45 , 11
756 , 72.75 , 80.30 , 51.45 , 11
757 , 72.25 , 79.55 , 51.45 , 11
758 , 72.75 , 82.40 , 51.45 , 11
759 , 72.75 , 78.15 , 51.45 , 11
760 , 72.75 , 77.40 , 51.45 , 11
761 , 72.75 , 76.65 , 51.45 , 11
762 , 72.25 , 75.90 , 51.45 , 11
763 , 71.75 , 78.75 , 51.45 , 11
764 , 72.00 , 81.70 , 51.45 , 11
765 , 71.75 , 79.35 , 51.45 , 11
766 , 72.25 , 80.55 , 51.45 , 11
767 , 72.00 , 76.40 , 51.45 , 11
768 , 72.75 , 77.55 , 51.45 , 11
769 , 72.25 , 77.55 , 51.45 , 11
Going to Denaturing Temperature
770 , 72.25 , 200.00 , 51.45 , 12
771 , 73.00 , 200.00 , 51.45 , 12
772 , 74.50 , 200.00 , 51.45 , 12
773 , 77.25 , 200.00 , 51.45 , 12
774 , 79.75 , 200.00 , 51.45 , 12
775 , 82.00 , 200.00 , 51.45 , 12
776 , 84.00 , 191.15 , 51.45 , 12
777 , 85.50 , 178.75 , 51.45 , 12
778 , 87.50 , 169.55 , 51.45 , 12
779 , 89.00 , 156.45 , 51.45 , 12
780 , 89.75 , 146.55 , 51.45 , 12
781 , 90.00 , 141.75 , 51.45 , 12
782 , 91.00 , 140.40 , 51.45 , 12
783 , 92.00 , 133.60 , 51.45 , 12
Denaturing DNA Now
784 , 92.00 , 126.60 , 51.45 , 12
Going to Annealing Temperature
785 , 92.75 , 126.60 , 51.45 , 12
786 , 91.50 , 126.60 , 51.45 , 12
787 , 88.25 , 126.60 , 51.45 , 12
788 , 85.00 , 126.60 , 51.45 , 12
789 , 80.75 , 126.60 , 51.45 , 12
790 , 77.50 , 126.60 , 51.45 , 12
791 , 73.75 , 126.60 , 51.45 , 12
792 , 70.75 , 126.60 , 51.45 , 12
793 , 67.25 , 126.60 , 51.45 , 12
794 , 64.50 , 126.60 , 51.45 , 12
795 , 62.25 , 126.60 , 51.45 , 12
796 , 60.00 , 126.60 , 51.45 , 12
797 , 57.75 , 126.60 , 51.45 , 12
798 , 55.75 , 126.60 , 51.45 , 12
799 , 53.75 , 126.60 , 51.45 , 12
800 , 52.00 , 126.60 , 51.45 , 12
801 , 50.00 , 126.60 , 51.45 , 12
Annealing DNA Now
802 , 49.00 , 126.60 , 86.00 , 12
803 , 47.25 , 126.60 , 92.80 , 12
804 , 48.00 , 126.60 , 100.00 , 12
805 , 49.00 , 126.60 , 99.95 , 12
806 , 50.75 , 126.60 , 92.75 , 12
807 , 52.00 , 126.60 , 79.95 , 12
808 , 52.75 , 126.60 , 70.40 , 12
809 , 53.50 , 126.60 , 64.20 , 12
810 , 53.50 , 126.60 , 57.85 , 12
811 , 53.50 , 126.60 , 56.75 , 12
Going to Extension Temperature
812 , 54.50 , 200.00 , 56.75 , 12
813 , 55.50 , 200.00 , 56.75 , 12
814 , 57.75 , 198.45 , 56.75 , 12
815 , 60.50 , 184.95 , 56.75 , 12
816 , 62.75 , 167.40 , 56.75 , 12
817 , 65.25 , 152.90 , 56.75 , 12
818 , 66.50 , 136.15 , 56.75 , 12
819 , 68.25 , 127.90 , 56.75 , 12
Extending DNA Now
820 , 69.50 , 115.80 , 56.75 , 12
821 , 70.25 , 106.95 , 56.75 , 12
822 , 70.75 , 101.45 , 56.75 , 12
823 , 71.75 , 97.60 , 56.75 , 12
824 , 71.75 , 90.05 , 56.75 , 12
825 , 72.25 , 89.50 , 56.75 , 12
826 , 71.75 , 85.35 , 56.75 , 12
827 , 72.00 , 88.30 , 56.75 , 12
828 , 72.00 , 85.95 , 56.75 , 12
829 , 72.75 , 85.35 , 56.75 , 12
830 , 72.25 , 79.35 , 56.75 , 12
831 , 72.50 , 82.20 , 56.75 , 12
832 , 72.25 , 79.75 , 56.75 , 12
833 , 72.25 , 80.85 , 56.75 , 12
834 , 72.25 , 80.20 , 56.75 , 12
835 , 72.00 , 79.55 , 56.75 , 12
836 , 72.25 , 80.70 , 56.75 , 12
837 , 72.00 , 78.30 , 56.75 , 12
838 , 71.75 , 79.45 , 56.75 , 12
839 , 71.50 , 80.65 , 56.75 , 12
840 , 72.00 , 80.65 , 56.75 , 12
Going to Denaturing Temperature
841 , 71.50 , 200.00 , 56.75 , 13
842 , 72.50 , 200.00 , 56.75 , 13
843 , 74.00 , 200.00 , 56.75 , 13
844 , 76.50 , 200.00 , 56.75 , 13
845 , 78.25 , 200.00 , 56.75 , 13
846 , 81.00 , 200.00 , 56.75 , 13
847 , 82.00 , 200.00 , 56.75 , 13
849 , 84.00 , 195.55 , 56.75 , 13
850 , 85.50 , 183.15 , 56.75 , 13
851 , 87.00 , 173.95 , 56.75 , 13
852 , 87.75 , 164.45 , 56.75 , 13
853 , 88.75 , 160.05 , 56.75 , 13
854 , 89.75 , 153.70 , 56.75 , 13
855 , 90.50 , 147.15 , 56.75 , 13
856 , 90.75 , 142.20 , 56.75 , 13
857 , 91.25 , 140.70 , 56.75 , 13
858 , 91.75 , 137.35 , 56.75 , 13
859 , 92.50 , 133.90 , 56.75 , 13
Denaturing DNA Now
860 , 92.25 , 128.55 , 56.75 , 13
Going to Annealing Temperature
861 , 92.75 , 128.55 , 56.75 , 13
862 , 91.50 , 128.55 , 56.75 , 13
863 , 88.75 , 128.55 , 56.75 , 13
864 , 85.00 , 128.55 , 56.75 , 13
865 , 81.25 , 128.55 , 56.75 , 13
866 , 77.00 , 128.55 , 56.75 , 13
867 , 74.25 , 128.55 , 56.75 , 13
868 , 70.25 , 128.55 , 56.75 , 13
869 , 67.00 , 128.55 , 56.75 , 13
870 , 64.50 , 128.55 , 56.75 , 13
871 , 62.50 , 128.55 , 56.75 , 13
872 , 60.00 , 128.55 , 56.75 , 13
873 , 58.00 , 128.55 , 56.75 , 13
874 , 55.75 , 128.55 , 56.75 , 13
875 , 53.50 , 128.55 , 56.75 , 13
876 , 52.25 , 128.55 , 56.75 , 13
877 , 50.50 , 128.55 , 56.75 , 13
878 , 49.00 , 128.55 , 56.75 , 13
Annealing DNA Now
879 , 47.50 , 128.55 , 93.00 , 13
880 , 46.25 , 128.55 , 100.00 , 13
881 , 47.00 , 128.55 , 100.00 , 13
882 , 48.00 , 128.55 , 100.00 , 13
883 , 49.25 , 128.55 , 100.00 , 13
884 , 50.75 , 128.55 , 91.00 , 13
885 , 51.25 , 128.55 , 79.95 , 13
886 , 52.25 , 128.55 , 75.80 , 13
887 , 53.25 , 128.55 , 67.95 , 13
888 , 53.50 , 128.55 , 59.90 , 13
Going to Extension Temperature
889 , 53.50 , 200.00 , 59.90 , 13
890 , 55.25 , 200.00 , 59.90 , 13
891 , 57.25 , 200.00 , 59.90 , 13
892 , 59.50 , 190.20 , 59.90 , 13
893 , 62.25 , 176.35 , 59.90 , 13
894 , 64.25 , 158.45 , 59.90 , 13
895 , 66.25 , 145.40 , 59.90 , 13
896 , 67.75 , 131.95 , 59.90 , 13
Extending DNA Now
897 , 69.25 , 121.70 , 59.90 , 13
898 , 69.75 , 111.15 , 59.90 , 13
899 , 70.75 , 107.50 , 59.90 , 13
900 , 71.25 , 100.15 , 59.90 , 13
901 , 71.00 , 96.20 , 59.90 , 13
902 , 71.50 , 97.55 , 59.90 , 13
903 , 71.75 , 93.55 , 59.90 , 13
904 , 71.75 , 91.25 , 59.90 , 13
905 , 72.25 , 90.70 , 59.90 , 13
906 , 72.25 , 86.55 , 59.90 , 13
907 , 72.50 , 85.90 , 59.90 , 13
908 , 72.25 , 83.45 , 59.90 , 13
909 , 72.25 , 84.55 , 59.90 , 13
910 , 72.00 , 83.90 , 59.90 , 13
911 , 72.25 , 85.05 , 59.90 , 13
912 , 72.25 , 82.65 , 59.90 , 13
913 , 72.25 , 82.00 , 59.90 , 13
914 , 72.50 , 81.35 , 59.90 , 13
915 , 72.25 , 78.90 , 59.90 , 13
916 , 71.75 , 80.00 , 59.90 , 13
917 , 71.75 , 80.00 , 59.90 , 13
Going to Denaturing Temperature
918 , 71.75 , 200.00 , 59.90 , 14
919 , 73.00 , 200.00 , 59.90 , 14
920 , 74.50 , 200.00 , 59.90 , 14
921 , 76.50 , 200.00 , 59.90 , 14
922 , 78.75 , 200.00 , 59.90 , 14
923 , 80.25 , 200.00 , 59.90 , 14
924 , 82.50 , 200.00 , 59.90 , 14
925 , 83.75 , 194.65 , 59.90 , 14
926 , 85.50 , 187.55 , 59.90 , 14
927 , 86.50 , 176.60 , 59.90 , 14
928 , 88.50 , 170.70 , 59.90 , 14
929 , 89.50 , 157.40 , 59.90 , 14
930 , 90.50 , 150.90 , 59.90 , 14
931 , 91.25 , 144.20 , 59.90 , 14
932 , 91.25 , 139.10 , 59.90 , 14
933 , 91.25 , 139.25 , 59.90 , 14
934 , 91.75 , 139.40 , 59.90 , 14
935 , 92.25 , 135.95 , 59.90 , 14
Denaturing DNA Now
936 , 92.50 , 132.40 , 59.90 , 14
Going to Annealing Temperature
937 , 93.00 , 132.40 , 59.90 , 14
938 , 91.50 , 132.40 , 59.90 , 14
939 , 88.25 , 132.40 , 59.90 , 14
940 , 85.00 , 132.40 , 59.90 , 14
941 , 81.25 , 132.40 , 59.90 , 14
942 , 77.50 , 132.40 , 59.90 , 14
943 , 73.50 , 132.40 , 59.90 , 14
944 , 70.50 , 132.40 , 59.90 , 14
945 , 67.25 , 132.40 , 59.90 , 14
946 , 64.75 , 132.40 , 59.90 , 14
947 , 62.00 , 132.40 , 59.90 , 14
948 , 59.75 , 132.40 , 59.90 , 14
949 , 57.25 , 132.40 , 59.90 , 14
950 , 56.00 , 132.40 , 59.90 , 14
951 , 54.00 , 132.40 , 59.90 , 14
952 , 52.00 , 132.40 , 59.90 , 14
953 , 50.50 , 132.40 , 59.90 , 14
954 , 49.00 , 132.40 , 59.90 , 14
Annealing DNA Now
955 , 47.75 , 132.40 , 93.00 , 14
956 , 46.25 , 132.40 , 100.00 , 14
957 , 46.50 , 132.40 , 100.00 , 14
958 , 48.00 , 132.40 , 100.00 , 14
959 , 49.25 , 132.40 , 100.00 , 14
960 , 50.25 , 132.40 , 91.00 , 14
961 , 51.50 , 132.40 , 83.55 , 14
962 , 52.50 , 132.40 , 74.10 , 14
963 , 53.00 , 132.40 , 66.20 , 14
964 , 53.50 , 132.40 , 61.70 , 14
Going to Extension Temperature
965 , 53.25 , 200.00 , 61.70 , 14
966 , 55.00 , 200.00 , 61.70 , 14
967 , 56.25 , 200.00 , 61.70 , 14
968 , 59.25 , 197.55 , 61.70 , 14
969 , 61.25 , 178.50 , 61.70 , 14
970 , 64.00 , 166.05 , 61.70 , 14
971 , 65.75 , 147.80 , 61.70 , 14
972 , 67.00 , 136.20 , 61.70 , 14
973 , 68.50 , 127.85 , 61.70 , 14
Extending DNA Now
974 , 69.50 , 117.45 , 61.70 , 14
975 , 70.00 , 110.35 , 61.70 , 14
976 , 70.25 , 106.65 , 61.70 , 14
977 , 71.25 , 104.65 , 61.70 , 14
978 , 71.75 , 97.20 , 61.70 , 14
979 , 72.25 , 93.15 , 61.70 , 14
980 , 71.75 , 89.00 , 61.70 , 14
981 , 71.25 , 91.95 , 61.70 , 14
982 , 70.50 , 95.00 , 61.70 , 14
983 , 70.50 , 99.95 , 61.70 , 14
984 , 71.00 , 99.65 , 61.70 , 14
985 , 71.00 , 95.75 , 61.70 , 14
986 , 70.50 , 95.35 , 61.70 , 14
987 , 71.25 , 98.55 , 61.70 , 14
988 , 71.00 , 92.85 , 61.70 , 14
989 , 71.00 , 94.20 , 61.70 , 14
990 , 71.75 , 93.80 , 61.70 , 14
991 , 71.50 , 88.00 , 61.70 , 14
992 , 71.75 , 89.25 , 61.70 , 14
993 , 72.00 , 86.95 , 61.70 , 14
994 , 72.00 , 86.95 , 61.70 , 14
Going to Denaturing Temperature
995 , 72.50 , 200.00 , 61.70 , 15
996 , 73.50 , 200.00 , 61.70 , 15
997 , 75.25 , 200.00 , 61.70 , 15
998 , 77.00 , 200.00 , 61.70 , 15
999 , 78.50 , 200.00 , 61.70 , 15
1000 , 80.25 , 200.00 , 61.70 , 15
1001 , 81.75 , 200.00 , 61.70 , 15
1002 , 84.00 , 200.00 , 61.70 , 15
1003 , 85.50 , 188.85 , 61.70 , 15
1004 , 87.00 , 179.65 , 61.70 , 15
1005 , 88.25 , 170.15 , 61.70 , 15
1006 , 89.50 , 162.15 , 61.70 , 15
1007 , 90.50 , 153.90 , 61.70 , 15
1008 , 91.50 , 147.20 , 61.70 , 15
1009 , 92.25 , 140.30 , 61.70 , 15
Denaturing DNA Now
1010 , 91.50 , 135.00 , 61.70 , 15
Going to Annealing Temperature
1011 , 92.00 , 135.00 , 61.70 , 15
1012 , 91.25 , 135.00 , 61.70 , 15
1013 , 88.25 , 135.00 , 61.70 , 15
1014 , 84.75 , 135.00 , 61.70 , 15
1015 , 80.25 , 135.00 , 61.70 , 15
1016 , 77.00 , 135.00 , 61.70 , 15
1017 , 73.25 , 135.00 , 61.70 , 15
1018 , 70.25 , 135.00 , 61.70 , 15
1019 , 67.50 , 135.00 , 61.70 , 15
1020 , 64.50 , 135.00 , 61.70 , 15
1021 , 61.75 , 135.00 , 61.70 , 15
1022 , 59.75 , 135.00 , 61.70 , 15
1023 , 57.50 , 135.00 , 61.70 , 15
1024 , 55.00 , 135.00 , 61.70 , 15
1025 , 53.50 , 135.00 , 61.70 , 15
1026 , 51.50 , 135.00 , 61.70 , 15
1027 , 50.25 , 135.00 , 61.70 , 15
1028 , 48.75 , 135.00 , 61.70 , 15
Annealing DNA Now
1029 , 47.25 , 135.00 , 94.75 , 15
1030 , 46.50 , 135.00 , 100.00 , 15
1031 , 46.50 , 135.00 , 100.00 , 15
1032 , 47.75 , 135.00 , 100.00 , 15
1033 , 49.00 , 135.00 , 100.00 , 15
1034 , 50.25 , 135.00 , 92.80 , 15
1035 , 51.50 , 135.00 , 83.60 , 15
1036 , 52.50 , 135.00 , 74.15 , 15
1037 , 53.25 , 135.00 , 66.25 , 15
1038 , 53.00 , 135.00 , 59.95 , 15
Going to Extension Temperature
1039 , 53.25 , 200.00 , 59.95 , 15
1040 , 54.75 , 200.00 , 59.95 , 15
1041 , 57.00 , 200.00 , 59.95 , 15
1042 , 59.00 , 192.30 , 59.95 , 15
1043 , 61.25 , 180.30 , 59.95 , 15
1044 , 63.25 , 166.10 , 59.95 , 15
1045 , 65.25 , 153.25 , 59.95 , 15
1046 , 67.00 , 140.00 , 59.95 , 15
1047 , 67.75 , 128.15 , 59.95 , 15
Extending DNA Now
1048 , 68.75 , 123.15 , 59.95 , 15
1049 , 69.25 , 116.20 , 59.95 , 15
1050 , 70.00 , 112.65 , 59.95 , 15
1051 , 70.25 , 107.20 , 59.95 , 15
1052 , 71.00 , 105.20 , 59.95 , 15
1053 , 71.00 , 99.55 , 59.95 , 15
1054 , 71.50 , 99.15 , 59.95 , 15
1055 , 71.25 , 95.15 , 59.95 , 15
1056 , 71.50 , 96.45 , 59.95 , 15
1057 , 71.75 , 94.20 , 59.95 , 15
1058 , 71.75 , 91.90 , 59.95 , 15
1059 , 71.25 , 91.35 , 59.95 , 15
1060 , 71.50 , 94.40 , 59.95 , 15
1061 , 71.75 , 92.15 , 59.95 , 15
1062 , 71.75 , 89.85 , 59.95 , 15
1063 , 72.00 , 89.30 , 59.95 , 15
1064 , 71.75 , 86.95 , 59.95 , 15
1065 , 71.75 , 88.15 , 59.95 , 15
1066 , 71.50 , 87.60 , 59.95 , 15
1067 , 71.00 , 88.85 , 59.95 , 15
1068 , 71.00 , 88.85 , 59.95 , 15
Going to Denaturing Temperature
1069 , 71.50 , 200.00 , 59.95 , 16
1070 , 72.50 , 200.00 , 59.95 , 16
1071 , 74.00 , 200.00 , 59.95 , 16
1072 , 75.75 , 200.00 , 59.95 , 16
1073 , 77.00 , 200.00 , 59.95 , 16
1074 , 78.50 , 200.00 , 59.95 , 16
1075 , 80.75 , 200.00 , 59.95 , 16
1076 , 82.00 , 200.00 , 59.95 , 16
1077 , 83.75 , 200.00 , 59.95 , 16
1078 , 85.25 , 194.75 , 59.95 , 16
1079 , 86.25 , 185.60 , 59.95 , 16
1080 , 87.75 , 179.75 , 59.95 , 16
1081 , 89.25 , 170.10 , 59.95 , 16
1082 , 90.25 , 160.15 , 59.95 , 16
1083 , 91.00 , 153.50 , 59.95 , 16
1084 , 91.50 , 148.45 , 59.95 , 16
1085 , 91.75 , 145.05 , 59.95 , 16
1086 , 92.00 , 143.35 , 59.95 , 16
Denaturing DNA Now
1087 , 93.00 , 141.60 , 59.95 , 16
Going to Annealing Temperature
1088 , 93.00 , 141.60 , 59.95 , 16
1089 , 92.00 , 141.60 , 59.95 , 16
1090 , 88.75 , 141.60 , 59.95 , 16
1091 , 84.75 , 141.60 , 59.95 , 16
1092 , 81.75 , 141.60 , 59.95 , 16
1093 , 77.75 , 141.60 , 59.95 , 16
1094 , 73.75 , 141.60 , 59.95 , 16
1095 , 71.00 , 141.60 , 59.95 , 16
1096 , 67.75 , 141.60 , 59.95 , 16
1097 , 64.75 , 141.60 , 59.95 , 16
1098 , 62.50 , 141.60 , 59.95 , 16
1099 , 60.25 , 141.60 , 59.95 , 16
1100 , 57.25 , 141.60 , 59.95 , 16
1101 , 55.50 , 141.60 , 59.95 , 16
1102 , 53.75 , 141.60 , 59.95 , 16
1103 , 52.25 , 141.60 , 59.95 , 16
1104 , 50.25 , 141.60 , 59.95 , 16
1105 , 49.00 , 141.60 , 59.95 , 16
Annealing DNA Now
1106 , 47.25 , 141.60 , 93.00 , 16
1107 , 46.75 , 141.60 , 100.00 , 16
1108 , 46.50 , 141.60 , 100.00 , 16
1109 , 47.75 , 141.60 , 100.00 , 16
1110 , 49.25 , 141.60 , 100.00 , 16
1111 , 50.25 , 141.60 , 91.00 , 16
1112 , 52.00 , 141.60 , 83.55 , 16
1113 , 52.75 , 141.60 , 70.50 , 16
1114 , 53.25 , 141.60 , 64.30 , 16
1115 , 53.25 , 141.60 , 59.75 , 16
Going to Extension Temperature
1116 , 53.75 , 200.00 , 59.75 , 16
1117 , 55.25 , 200.00 , 59.75 , 16
1118 , 57.00 , 200.00 , 59.75 , 16
1119 , 59.25 , 191.85 , 59.75 , 16
1120 , 61.50 , 178.05 , 59.75 , 16
1121 , 63.50 , 163.80 , 59.75 , 16
1122 , 65.50 , 150.90 , 59.75 , 16
1123 , 66.50 , 137.60 , 59.75 , 16
1124 , 68.00 , 131.10 , 59.75 , 16
Extending DNA Now
1125 , 68.75 , 120.80 , 59.75 , 16
1126 , 69.75 , 115.60 , 59.75 , 16
1127 , 70.25 , 108.45 , 59.75 , 16
1128 , 70.50 , 104.70 , 59.75 , 16
1129 , 71.25 , 102.65 , 59.75 , 16
1130 , 71.25 , 96.95 , 59.75 , 16
1131 , 71.50 , 96.50 , 59.75 , 16
1132 , 72.25 , 94.25 , 59.75 , 16
1133 , 72.50 , 88.35 , 59.75 , 16
1134 , 72.25 , 85.90 , 59.75 , 16
1135 , 72.25 , 87.00 , 59.75 , 16
1136 , 72.50 , 86.35 , 59.75 , 16
1137 , 72.25 , 83.90 , 59.75 , 16
1138 , 72.75 , 85.00 , 59.75 , 16
1139 , 72.50 , 80.75 , 59.75 , 16
1140 , 72.75 , 81.80 , 59.75 , 16
1141 , 72.25 , 79.30 , 59.75 , 16
1142 , 72.25 , 82.15 , 59.75 , 16
1143 , 72.50 , 81.50 , 59.75 , 16
1144 , 72.50 , 79.05 , 59.75 , 16
1145 , 72.50 , 79.05 , 59.75 , 16
Going to Denaturing Temperature
1146 , 72.75 , 200.00 , 59.75 , 17
1147 , 73.50 , 200.00 , 59.75 , 17
1148 , 74.75 , 200.00 , 59.75 , 17
1149 , 77.00 , 200.00 , 59.75 , 17
1150 , 78.50 , 200.00 , 59.75 , 17
1151 , 80.25 , 200.00 , 59.75 , 17
1152 , 81.75 , 200.00 , 59.75 , 17
1153 , 83.50 , 200.00 , 59.75 , 17
1154 , 84.75 , 189.75 , 59.75 , 17
1155 , 85.75 , 182.45 , 59.75 , 17
1156 , 87.75 , 176.70 , 59.75 , 17
1157 , 88.75 , 163.55 , 59.75 , 17
1158 , 89.25 , 157.20 , 59.75 , 17
1159 , 90.50 , 154.25 , 59.75 , 17
1160 , 90.50 , 145.80 , 59.75 , 17
1161 , 91.25 , 146.10 , 59.75 , 17
1162 , 91.50 , 141.00 , 59.75 , 17
1163 , 92.00 , 139.35 , 59.75 , 17
Denaturing DNA Now
1164 , 91.75 , 135.85 , 59.75 , 17
Going to Annealing Temperature
1165 , 92.25 , 135.85 , 59.75 , 17
1166 , 91.00 , 135.85 , 59.75 , 17
1167 , 87.75 , 135.85 , 59.75 , 17
1168 , 84.25 , 135.85 , 59.75 , 17
1169 , 80.75 , 135.85 , 59.75 , 17
1170 , 76.75 , 135.85 , 59.75 , 17
1171 , 72.75 , 135.85 , 59.75 , 17
1172 , 70.25 , 135.85 , 59.75 , 17
1173 , 67.00 , 135.85 , 59.75 , 17
1174 , 64.25 , 135.85 , 59.75 , 17
1175 , 61.75 , 135.85 , 59.75 , 17
1176 , 59.25 , 135.85 , 59.75 , 17
1177 , 57.50 , 135.85 , 59.75 , 17
1178 , 55.50 , 135.85 , 59.75 , 17
1179 , 53.25 , 135.85 , 59.75 , 17
1180 , 51.75 , 135.85 , 59.75 , 17
1181 , 50.25 , 135.85 , 59.75 , 17
1182 , 48.50 , 135.85 , 59.75 , 17
Annealing DNA Now
1183 , 47.25 , 135.85 , 96.50 , 17
1184 , 46.50 , 135.85 , 100.00 , 17
1185 , 46.75 , 135.85 , 100.00 , 17
1186 , 47.75 , 135.85 , 100.00 , 17
1187 , 48.75 , 135.85 , 100.00 , 17
1188 , 49.75 , 135.85 , 94.60 , 17
1189 , 51.00 , 135.85 , 87.25 , 17
1190 , 52.00 , 135.85 , 77.90 , 17
1191 , 52.50 , 135.85 , 70.10 , 17
1192 , 53.00 , 135.85 , 65.70 , 17
Going to Extension Temperature
1193 , 53.50 , 200.00 , 65.70 , 17
1194 , 54.25 , 200.00 , 65.70 , 17
1195 , 56.25 , 200.00 , 65.70 , 17
1196 , 58.75 , 198.25 , 65.70 , 17
1197 , 60.75 , 182.80 , 65.70 , 17
1198 , 62.75 , 170.45 , 65.70 , 17
1199 , 64.25 , 157.70 , 65.70 , 17
1200 , 65.75 , 148.15 , 65.70 , 17
1201 , 67.25 , 138.30 , 65.70 , 17
1202 , 68.25 , 128.15 , 65.70 , 17
Extending DNA Now
1203 , 68.75 , 121.30 , 65.70 , 17
1204 , 69.25 , 117.85 , 65.70 , 17
1205 , 69.75 , 114.30 , 65.70 , 17
1206 , 70.25 , 110.65 , 65.70 , 17
1207 , 70.75 , 106.90 , 65.70 , 17
1208 , 71.50 , 103.05 , 65.70 , 17
1209 , 71.25 , 97.30 , 65.70 , 17
1210 , 71.25 , 98.60 , 65.70 , 17
1211 , 71.75 , 98.15 , 65.70 , 17
1212 , 71.25 , 94.10 , 65.70 , 17
1213 , 71.75 , 97.15 , 65.70 , 17
1214 , 71.50 , 93.10 , 65.70 , 17
1215 , 71.50 , 94.35 , 65.70 , 17
1216 , 71.50 , 93.85 , 65.70 , 17
1217 , 71.25 , 93.35 , 65.70 , 17
1218 , 71.25 , 94.65 , 65.70 , 17
1219 , 71.50 , 94.20 , 65.70 , 17
1220 , 71.25 , 91.95 , 65.70 , 17
1221 , 71.50 , 93.25 , 65.70 , 17
1222 , 71.50 , 91.00 , 65.70 , 17
1223 , 71.50 , 91.00 , 65.70 , 17
Going to Denaturing Temperature
1224 , 71.75 , 200.00 , 65.70 , 18
1225 , 72.25 , 200.00 , 65.70 , 18
1226 , 73.75 , 200.00 , 65.70 , 18
1227 , 75.50 , 200.00 , 65.70 , 18
1228 , 77.25 , 200.00 , 65.70 , 18
1229 , 79.25 , 200.00 , 65.70 , 18
1230 , 80.75 , 200.00 , 65.70 , 18
1231 , 81.75 , 200.00 , 65.70 , 18
1232 , 83.50 , 200.00 , 65.70 , 18
1233 , 84.25 , 198.55 , 65.70 , 18
1234 , 85.25 , 194.85 , 65.70 , 18
1235 , 86.50 , 189.20 , 65.70 , 18
1236 , 87.25 , 181.55 , 65.70 , 18
1237 , 88.25 , 177.25 , 65.70 , 18
1238 , 88.75 , 171.00 , 65.70 , 18
1239 , 89.50 , 168.15 , 65.70 , 18
1240 , 90.25 , 163.40 , 65.70 , 18
1241 , 90.75 , 158.50 , 65.70 , 18
1242 , 91.00 , 155.25 , 65.70 , 18
1243 , 90.75 , 153.70 , 65.70 , 18
1244 , 91.50 , 155.70 , 65.70 , 18
1245 , 91.50 , 150.55 , 65.70 , 18
1246 , 92.00 , 150.65 , 65.70 , 18
Denaturing DNA Now
1247 , 92.25 , 147.15 , 65.70 , 18
Going to Annealing Temperature
1248 , 92.50 , 147.15 , 65.70 , 18
1249 , 90.75 , 147.15 , 65.70 , 18
1250 , 87.75 , 147.15 , 65.70 , 18
1251 , 84.50 , 147.15 , 65.70 , 18
1252 , 80.75 , 147.15 , 65.70 , 18
1253 , 77.00 , 147.15 , 65.70 , 18
1254 , 73.25 , 147.15 , 65.70 , 18
1255 , 70.25 , 147.15 , 65.70 , 18
1256 , 67.25 , 147.15 , 65.70 , 18
1257 , 64.75 , 147.15 , 65.70 , 18
1258 , 61.75 , 147.15 , 65.70 , 18
1259 , 59.75 , 147.15 , 65.70 , 18
1260 , 57.50 , 147.15 , 65.70 , 18
1261 , 55.75 , 147.15 , 65.70 , 18
1262 , 53.75 , 147.15 , 65.70 , 18
1263 , 51.75 , 147.15 , 65.70 , 18
1264 , 50.25 , 147.15 , 65.70 , 18
1265 , 48.75 , 147.15 , 65.70 , 18
Annealing DNA Now
1266 , 47.50 , 147.15 , 94.75 , 18
1267 , 46.75 , 147.15 , 100.00 , 18
1268 , 46.50 , 147.15 , 100.00 , 18
1269 , 47.25 , 147.15 , 100.00 , 18
1270 , 49.00 , 147.15 , 100.00 , 18
1271 , 50.25 , 147.15 , 92.80 , 18
1272 , 51.00 , 147.15 , 83.60 , 18
1273 , 52.25 , 147.15 , 77.75 , 18
1274 , 52.25 , 147.15 , 68.15 , 18
1275 , 52.75 , 147.15 , 67.30 , 18
Going to Extension Temperature
1276 , 52.75 , 200.00 , 67.30 , 18
1277 , 54.75 , 200.00 , 67.30 , 18
1278 , 55.75 , 200.00 , 67.30 , 18
1279 , 57.75 , 200.00 , 67.30 , 18
1280 , 60.00 , 190.05 , 67.30 , 18
1281 , 62.00 , 176.10 , 67.30 , 18
1282 , 63.00 , 163.50 , 67.30 , 18
1283 , 65.00 , 157.70 , 67.30 , 18
1284 , 66.50 , 144.50 , 67.30 , 18
1285 , 67.00 , 134.50 , 67.30 , 18
1286 , 68.00 , 131.40 , 67.30 , 18
Extending DNA Now
1288 , 68.50 , 124.60 , 67.30 , 18
1289 , 69.25 , 121.20 , 67.30 , 18
1290 , 69.75 , 115.90 , 67.30 , 18
1291 , 70.00 , 112.25 , 67.30 , 18
1292 , 70.25 , 110.30 , 67.30 , 18
1293 , 70.25 , 108.30 , 67.30 , 18
1294 , 70.50 , 108.05 , 67.30 , 18
1295 , 70.50 , 106.00 , 67.30 , 18
1296 , 70.75 , 105.70 , 67.30 , 18
1297 , 71.25 , 103.60 , 67.30 , 18
1298 , 71.25 , 99.65 , 67.30 , 18
1299 , 71.75 , 99.20 , 67.30 , 18
1300 , 72.00 , 95.15 , 67.30 , 18
1301 , 72.25 , 92.80 , 67.30 , 18
1302 , 71.75 , 90.40 , 67.30 , 18
1303 , 71.25 , 93.35 , 67.30 , 18
1304 , 71.75 , 96.40 , 67.30 , 18
1305 , 71.50 , 92.35 , 67.30 , 18
1306 , 71.25 , 93.60 , 67.30 , 18
1307 , 71.50 , 94.90 , 67.30 , 18
1308 , 72.00 , 94.90 , 67.30 , 18
Going to Denaturing Temperature
1309 , 71.50 , 200.00 , 67.30 , 19
1310 , 72.25 , 200.00 , 67.30 , 19
1311 , 73.75 , 200.00 , 67.30 , 19
1312 , 75.25 , 200.00 , 67.30 , 19
1313 , 76.50 , 200.00 , 67.30 , 19
1314 , 77.50 , 200.00 , 67.30 , 19
1315 , 79.00 , 200.00 , 67.30 , 19
1316 , 80.25 , 200.00 , 67.30 , 19
1317 , 81.50 , 200.00 , 67.30 , 19
1318 , 83.00 , 200.00 , 67.30 , 19
1319 , 84.25 , 200.00 , 67.30 , 19
1320 , 85.00 , 200.00 , 67.30 , 19
1321 , 86.50 , 196.50 , 67.30 , 19
1322 , 87.25 , 187.10 , 67.30 , 19
1323 , 87.75 , 182.80 , 67.30 , 19
1324 , 88.75 , 180.15 , 67.30 , 19
1325 , 89.50 , 173.80 , 67.30 , 19
1326 , 90.00 , 169.05 , 67.30 , 19
1327 , 90.50 , 165.95 , 67.30 , 19
1328 , 90.25 , 162.75 , 67.30 , 19
1329 , 91.00 , 164.85 , 67.30 , 19
1330 , 91.75 , 159.80 , 67.30 , 19
1331 , 91.75 , 154.60 , 67.30 , 19
1332 , 91.75 , 154.65 , 67.30 , 19
1333 , 92.25 , 154.70 , 67.30 , 19
Denaturing DNA Now
1334 , 92.50 , 151.15 , 67.30 , 19
Going to Annealing Temperature
1335 , 93.00 , 151.15 , 67.30 , 19
1336 , 91.25 , 151.15 , 67.30 , 19
1337 , 88.00 , 151.15 , 67.30 , 19
1338 , 85.00 , 151.15 , 67.30 , 19
1339 , 80.75 , 151.15 , 67.30 , 19
1340 , 77.00 , 151.15 , 67.30 , 19
1341 , 74.00 , 151.15 , 67.30 , 19
1342 , 70.75 , 151.15 , 67.30 , 19
1343 , 68.00 , 151.15 , 67.30 , 19
1344 , 65.00 , 151.15 , 67.30 , 19
1345 , 62.50 , 151.15 , 67.30 , 19
1346 , 59.50 , 151.15 , 67.30 , 19
1347 , 58.00 , 151.15 , 67.30 , 19
1348 , 55.25 , 151.15 , 67.30 , 19
1349 , 53.50 , 151.15 , 67.30 , 19
1350 , 52.25 , 151.15 , 67.30 , 19
1351 , 50.50 , 151.15 , 67.30 , 19
1352 , 48.75 , 151.15 , 67.30 , 19
Annealing DNA Now
1353 , 47.25 , 151.15 , 94.75 , 19
1354 , 46.75 , 151.15 , 100.00 , 19
1355 , 46.75 , 151.15 , 100.00 , 19
1356 , 48.00 , 151.15 , 100.00 , 19
1357 , 48.75 , 151.15 , 100.00 , 19
1358 , 50.00 , 151.15 , 94.60 , 19
1359 , 50.75 , 151.15 , 85.45 , 19
1360 , 52.00 , 151.15 , 79.65 , 19
1361 , 52.00 , 151.15 , 70.10 , 19
1362 , 52.50 , 151.15 , 69.30 , 19
Going to Extension Temperature
1363 , 52.50 , 200.00 , 69.30 , 19
1364 , 53.75 , 200.00 , 69.30 , 19
1365 , 55.50 , 200.00 , 69.30 , 19
1366 , 57.25 , 200.00 , 69.30 , 19
1367 , 59.25 , 194.25 , 69.30 , 19
1368 , 61.00 , 182.20 , 69.30 , 19
1369 , 62.75 , 171.55 , 69.30 , 19
1370 , 64.25 , 160.55 , 69.30 , 19
1371 , 65.50 , 151.00 , 69.30 , 19
1372 , 66.25 , 142.95 , 69.30 , 19
1373 , 67.50 , 138.25 , 69.30 , 19
Extending DNA Now
1374 , 68.25 , 129.80 , 69.30 , 19
1375 , 69.25 , 124.70 , 69.30 , 19
1376 , 69.25 , 117.65 , 69.30 , 19
1377 , 69.50 , 117.60 , 69.30 , 19
1378 , 70.25 , 115.75 , 69.30 , 19
1379 , 70.00 , 110.25 , 69.30 , 19
1380 , 70.50 , 111.80 , 69.30 , 19
1381 , 70.75 , 108.00 , 69.30 , 19
1382 , 71.00 , 105.90 , 69.30 , 19
1383 , 71.00 , 103.75 , 69.30 , 19
1384 , 71.25 , 103.35 , 69.30 , 19
1385 , 70.75 , 101.15 , 69.30 , 19
1386 , 71.50 , 104.30 , 69.30 , 19
1387 , 71.25 , 98.55 , 69.30 , 19
1388 , 71.25 , 99.85 , 69.30 , 19
1389 , 71.00 , 99.40 , 69.30 , 19
1390 , 71.00 , 100.75 , 69.30 , 19
1391 , 71.00 , 100.35 , 69.30 , 19
1392 , 71.00 , 99.95 , 69.30 , 19
1393 , 71.25 , 99.55 , 69.30 , 19
1394 , 71.25 , 99.55 , 69.30 , 19
Going to Denaturing Temperature
1395 , 71.25 , 200.00 , 69.30 , 20
1396 , 71.75 , 200.00 , 69.30 , 20
1397 , 73.25 , 200.00 , 69.30 , 20
1398 , 74.50 , 200.00 , 69.30 , 20
1399 , 75.75 , 200.00 , 69.30 , 20
1400 , 77.25 , 200.00 , 69.30 , 20
1401 , 78.50 , 200.00 , 69.30 , 20
1402 , 79.50 , 200.00 , 69.30 , 20
1403 , 80.50 , 200.00 , 69.30 , 20
1404 , 81.75 , 200.00 , 69.30 , 20
1405 , 82.25 , 200.00 , 69.30 , 20
1406 , 83.50 , 200.00 , 69.30 , 20
1407 , 84.75 , 200.00 , 69.30 , 20
1408 , 85.50 , 200.00 , 69.30 , 20
1409 , 86.50 , 200.00 , 69.30 , 20
1410 , 87.75 , 194.90 , 69.30 , 20
1411 , 88.75 , 187.00 , 69.30 , 20
1412 , 89.75 , 180.65 , 69.30 , 20
1413 , 90.00 , 174.10 , 69.30 , 20
1414 , 90.50 , 172.75 , 69.30 , 20
1415 , 91.00 , 169.55 , 69.30 , 20
1416 , 91.00 , 166.25 , 69.30 , 20
1417 , 91.75 , 166.45 , 69.30 , 20
1418 , 92.00 , 161.25 , 69.30 , 20
Denaturing DNA Now
1419 , 91.50 , 159.50 , 69.30 , 20
Going to Annealing Temperature
1420 , 92.25 , 159.50 , 69.30 , 20
1421 , 90.75 , 159.50 , 69.30 , 20
1422 , 87.25 , 159.50 , 69.30 , 20
1423 , 84.50 , 159.50 , 69.30 , 20
1424 , 80.75 , 159.50 , 69.30 , 20
1425 , 76.75 , 159.50 , 69.30 , 20
1426 , 73.00 , 159.50 , 69.30 , 20
1427 , 70.00 , 159.50 , 69.30 , 20
1428 , 67.00 , 159.50 , 69.30 , 20
1429 , 64.75 , 159.50 , 69.30 , 20
1430 , 62.25 , 159.50 , 69.30 , 20
1431 , 60.00 , 159.50 , 69.30 , 20
1432 , 57.75 , 159.50 , 69.30 , 20
1433 , 55.50 , 159.50 , 69.30 , 20
1434 , 53.50 , 159.50 , 69.30 , 20
1435 , 51.75 , 159.50 , 69.30 , 20
1436 , 50.25 , 159.50 , 69.30 , 20
1437 , 48.25 , 159.50 , 69.30 , 20
Annealing DNA Now
1438 , 47.25 , 159.50 , 98.25 , 20
1439 , 46.50 , 159.50 , 100.00 , 20
1440 , 46.75 , 159.50 , 100.00 , 20
1441 , 47.50 , 159.50 , 100.00 , 20
1442 , 48.00 , 159.50 , 100.00 , 20
1443 , 49.25 , 159.50 , 100.00 , 20
1444 , 50.00 , 159.50 , 91.00 , 20
1445 , 51.25 , 159.50 , 85.35 , 20
1446 , 51.50 , 159.50 , 75.95 , 20
1447 , 52.25 , 159.50 , 73.50 , 20
Going to Extension Temperature
1448 , 52.00 , 200.00 , 73.50 , 20
1449 , 53.75 , 200.00 , 73.50 , 20
1450 , 55.00 , 200.00 , 73.50 , 20
1451 , 56.75 , 200.00 , 73.50 , 20
1452 , 58.25 , 198.80 , 73.50 , 20
1453 , 60.00 , 190.45 , 73.50 , 20
1454 , 61.25 , 180.00 , 73.50 , 20
1455 , 63.00 , 172.80 , 73.50 , 20
1456 , 64.50 , 161.75 , 73.50 , 20
1457 , 65.25 , 152.15 , 73.50 , 20
1458 , 66.50 , 147.65 , 73.50 , 20
1459 , 66.75 , 139.40 , 73.50 , 20
1460 , 68.00 , 138.10 , 73.50 , 20
Extending DNA Now
1461 , 68.50 , 129.55 , 73.50 , 20
1462 , 69.25 , 126.15 , 73.50 , 20
1463 , 69.25 , 120.85 , 73.50 , 20
1464 , 69.00 , 120.80 , 73.50 , 20
1465 , 70.25 , 122.55 , 73.50 , 20
1466 , 70.50 , 113.55 , 73.50 , 20
1467 , 71.00 , 111.50 , 73.50 , 20
1468 , 71.00 , 107.60 , 73.50 , 20
1469 , 71.00 , 107.20 , 73.50 , 20
1470 , 71.50 , 106.80 , 73.50 , 20
1471 , 71.25 , 102.80 , 73.50 , 20
1472 , 71.50 , 104.10 , 73.50 , 20
1473 , 71.50 , 101.85 , 73.50 , 20
1474 , 71.75 , 101.35 , 73.50 , 20
1475 , 71.75 , 99.05 , 73.50 , 20
1476 , 71.50 , 98.50 , 73.50 , 20
1477 , 71.25 , 99.75 , 73.50 , 20
1478 , 71.75 , 101.05 , 73.50 , 20
1479 , 71.75 , 97.00 , 73.50 , 20
1480 , 71.50 , 96.45 , 73.50 , 20
1481 , 71.50 , 96.45 , 73.50 , 20
Going to Denaturing Temperature
1482 , 71.00 , 200.00 , 73.50 , 21
1483 , 72.25 , 200.00 , 73.50 , 21
1484 , 72.50 , 200.00 , 73.50 , 21
1485 , 74.50 , 200.00 , 73.50 , 21
1486 , 75.50 , 200.00 , 73.50 , 21
1487 , 76.75 , 200.00 , 73.50 , 21
1488 , 77.25 , 200.00 , 73.50 , 21
1489 , 78.75 , 200.00 , 73.50 , 21
1490 , 79.50 , 200.00 , 73.50 , 21
1491 , 80.75 , 200.00 , 73.50 , 21
1492 , 81.50 , 200.00 , 73.50 , 21
1493 , 82.25 , 200.00 , 73.50 , 21
1494 , 83.50 , 200.00 , 73.50 , 21
1495 , 83.75 , 200.00 , 73.50 , 21
1496 , 84.75 , 200.00 , 73.50 , 21
1497 , 86.00 , 200.00 , 73.50 , 21
1498 , 86.00 , 200.00 , 73.50 , 21
1499 , 87.25 , 200.00 , 73.50 , 21
1500 , 87.00 , 197.50 , 73.50 , 21
1501 , 87.75 , 200.00 , 73.50 , 21
1502 , 89.00 , 195.85 , 73.50 , 21
1503 , 89.25 , 187.70 , 73.50 , 21
1504 , 89.50 , 186.50 , 73.50 , 21
1505 , 90.00 , 185.25 , 73.50 , 21
1506 , 91.00 , 182.15 , 73.50 , 21
1507 , 91.00 , 175.35 , 73.50 , 21
1508 , 91.25 , 175.55 , 73.50 , 21
1509 , 91.25 , 173.95 , 73.50 , 21
1510 , 92.00 , 174.10 , 73.50 , 21
Denaturing DNA Now
1511 , 92.50 , 168.85 , 73.50 , 21
Going to Annealing Temperature
1512 , 92.75 , 168.85 , 73.50 , 21
1513 , 91.50 , 168.85 , 73.50 , 21
1514 , 88.25 , 168.85 , 73.50 , 21
1515 , 84.50 , 168.85 , 73.50 , 21
1516 , 81.50 , 168.85 , 73.50 , 21
1517 , 77.50 , 168.85 , 73.50 , 21
1518 , 74.25 , 168.85 , 73.50 , 21
1519 , 70.25 , 168.85 , 73.50 , 21
1520 , 68.00 , 168.85 , 73.50 , 21
1521 , 65.25 , 168.85 , 73.50 , 21
1522 , 62.75 , 168.85 , 73.50 , 21
1523 , 59.75 , 168.85 , 73.50 , 21
1524 , 57.75 , 168.85 , 73.50 , 21
1525 , 56.00 , 168.85 , 73.50 , 21
1526 , 54.25 , 168.85 , 73.50 , 21
1527 , 52.50 , 168.85 , 73.50 , 21
1528 , 50.50 , 168.85 , 73.50 , 21
1529 , 49.25 , 168.85 , 73.50 , 21
Annealing DNA Now
1530 , 47.25 , 168.85 , 91.25 , 21
1531 , 46.50 , 168.85 , 100.00 , 21
1532 , 47.25 , 168.85 , 100.00 , 21
1533 , 48.00 , 168.85 , 100.00 , 21
1534 , 48.25 , 168.85 , 100.00 , 21
1535 , 49.75 , 168.85 , 98.20 , 21
1536 , 50.00 , 168.85 , 87.35 , 21
1537 , 51.00 , 168.85 , 85.20 , 21
1538 , 51.75 , 168.85 , 77.60 , 21
1539 , 52.00 , 168.85 , 71.60 , 21
Going to Extension Temperature
1540 , 52.25 , 200.00 , 71.60 , 21
1541 , 53.50 , 200.00 , 71.60 , 21
1542 , 54.75 , 200.00 , 71.60 , 21
1543 , 56.50 , 200.00 , 71.60 , 21
1544 , 58.25 , 200.00 , 71.60 , 21
1545 , 60.00 , 190.45 , 71.60 , 21
1546 , 61.75 , 180.00 , 71.60 , 21
1547 , 62.75 , 169.20 , 71.60 , 21
1548 , 64.00 , 163.45 , 71.60 , 21
1549 , 65.25 , 155.70 , 71.60 , 21
1550 , 65.75 , 147.70 , 71.60 , 21
1551 , 66.50 , 144.85 , 71.60 , 21
1552 , 66.75 , 140.10 , 71.60 , 21
1553 , 67.25 , 138.80 , 71.60 , 21
1554 , 67.50 , 135.65 , 71.60 , 21
Extending DNA Now
1555 , 67.75 , 134.20 , 71.60 , 21
1556 , 68.75 , 132.70 , 71.60 , 21
1557 , 69.25 , 125.75 , 71.60 , 21
1558 , 68.75 , 122.20 , 71.60 , 21
1559 , 69.50 , 125.75 , 71.60 , 21
1560 , 69.50 , 120.40 , 71.60 , 21
1561 , 69.00 , 120.30 , 71.60 , 21
1562 , 69.25 , 123.80 , 71.60 , 21
1563 , 70.25 , 122.00 , 71.60 , 21
1564 , 70.50 , 114.75 , 71.60 , 21
1565 , 70.75 , 112.70 , 71.60 , 21
1566 , 70.75 , 110.60 , 71.60 , 21
1567 , 70.50 , 110.25 , 71.60 , 21
1568 , 70.75 , 111.70 , 71.60 , 21
1569 , 71.00 , 109.60 , 71.60 , 21
1570 , 71.00 , 107.45 , 71.60 , 21
1571 , 71.25 , 107.05 , 71.60 , 21
1572 , 71.50 , 104.85 , 71.60 , 21
1573 , 71.50 , 102.60 , 71.60 , 21
1574 , 70.75 , 102.10 , 71.60 , 21
1575 , 71.00 , 102.10 , 71.60 , 21
Going to Denaturing Temperature
1576 , 71.00 , 200.00 , 71.60 , 22
1577 , 71.00 , 200.00 , 71.60 , 22
1578 , 71.75 , 200.00 , 71.60 , 22
1579 , 73.50 , 200.00 , 71.60 , 22
1580 , 74.00 , 200.00 , 71.60 , 22
1581 , 75.75 , 200.00 , 71.60 , 22
1582 , 77.00 , 200.00 , 71.60 , 22
1583 , 77.50 , 200.00 , 71.60 , 22
1584 , 79.25 , 200.00 , 71.60 , 22
1585 , 79.75 , 200.00 , 71.60 , 22
1586 , 80.50 , 200.00 , 71.60 , 22
1587 , 81.75 , 200.00 , 71.60 , 22
1588 , 82.25 , 200.00 , 71.60 , 22
1589 , 83.00 , 200.00 , 71.60 , 22
1590 , 83.50 , 200.00 , 71.60 , 22
1591 , 84.25 , 200.00 , 71.60 , 22
1592 , 84.75 , 200.00 , 71.60 , 22
1593 , 85.00 , 200.00 , 71.60 , 22
1594 , 85.75 , 200.00 , 71.60 , 22
1595 , 86.75 , 200.00 , 71.60 , 22
1596 , 87.50 , 200.00 , 71.60 , 22
1597 , 87.75 , 200.00 , 71.60 , 22
1598 , 88.50 , 200.00 , 71.60 , 22
1599 , 88.50 , 200.00 , 71.60 , 22
1600 , 89.50 , 200.00 , 71.60 , 22
1601 , 90.50 , 195.35 , 71.60 , 22
1602 , 90.50 , 188.65 , 71.60 , 22
1603 , 90.75 , 188.95 , 71.60 , 22
1604 , 92.25 , 187.45 , 71.60 , 22
Denaturing DNA Now
1605 , 92.25 , 176.90 , 71.60 , 22
Going to Annealing Temperature
1606 , 92.75 , 176.90 , 71.60 , 22
1607 , 90.75 , 176.90 , 71.60 , 22
1608 , 88.25 , 176.90 , 71.60 , 22
1609 , 84.25 , 176.90 , 71.60 , 22
1610 , 81.00 , 176.90 , 71.60 , 22
1611 , 76.75 , 176.90 , 71.60 , 22
1612 , 73.00 , 176.90 , 71.60 , 22
1613 , 70.25 , 176.90 , 71.60 , 22
1614 , 67.50 , 176.90 , 71.60 , 22
1615 , 64.75 , 176.90 , 71.60 , 22
1616 , 62.25 , 176.90 , 71.60 , 22
1617 , 60.00 , 176.90 , 71.60 , 22
1618 , 57.50 , 176.90 , 71.60 , 22
1619 , 55.75 , 176.90 , 71.60 , 22
1620 , 53.25 , 176.90 , 71.60 , 22
1621 , 52.00 , 176.90 , 71.60 , 22
1622 , 50.00 , 176.90 , 71.60 , 22
Annealing DNA Now
1623 , 49.00 , 176.90 , 86.00 , 22
1624 , 48.00 , 176.90 , 92.80 , 22
1625 , 47.50 , 176.90 , 99.80 , 22
1626 , 48.50 , 176.90 , 100.00 , 22
1627 , 49.25 , 176.90 , 96.30 , 22
1628 , 49.75 , 176.90 , 90.80 , 22
1629 , 50.25 , 176.90 , 86.95 , 22
1630 , 51.50 , 176.90 , 83.00 , 22
1631 , 52.00 , 176.90 , 73.55 , 22
1632 , 52.25 , 176.90 , 69.25 , 22
Going to Extension Temperature
1633 , 52.75 , 200.00 , 69.25 , 22
1634 , 53.75 , 200.00 , 69.25 , 22
1635 , 55.50 , 200.00 , 69.25 , 22
1636 , 56.75 , 200.00 , 69.25 , 22
1637 , 58.25 , 197.80 , 69.25 , 22
1638 , 60.50 , 189.45 , 69.25 , 22
1639 , 62.00 , 175.40 , 69.25 , 22
1640 , 62.75 , 166.30 , 69.25 , 22
1641 , 64.50 , 162.30 , 69.25 , 22
1642 , 65.25 , 150.95 , 69.25 , 22
1643 , 66.25 , 146.45 , 69.25 , 22
1644 , 66.75 , 140.00 , 69.25 , 22
1645 , 67.25 , 136.95 , 69.25 , 22
1646 , 67.50 , 133.80 , 69.25 , 22
Extending DNA Now
1647 , 67.75 , 132.35 , 69.25 , 22
1648 , 68.00 , 130.85 , 69.25 , 22
1649 , 68.75 , 129.30 , 69.25 , 22
1650 , 69.25 , 124.10 , 69.25 , 22
1651 , 69.50 , 120.55 , 69.25 , 22
1652 , 69.50 , 118.70 , 69.25 , 22
1653 , 69.50 , 118.60 , 69.25 , 22
1654 , 69.75 , 118.50 , 69.25 , 22
1655 , 70.00 , 116.60 , 69.25 , 22
1656 , 70.25 , 114.65 , 69.25 , 22
1657 , 70.25 , 112.65 , 69.25 , 22
1658 , 70.50 , 112.40 , 69.25 , 22
1659 , 70.50 , 110.35 , 69.25 , 22
1660 , 70.00 , 110.05 , 69.25 , 22
1661 , 70.25 , 113.35 , 69.25 , 22
1662 , 70.75 , 111.35 , 69.25 , 22
1663 , 71.00 , 107.50 , 69.25 , 22
1664 , 70.50 , 105.35 , 69.25 , 22
1665 , 71.00 , 108.55 , 69.25 , 22
1666 , 70.25 , 104.65 , 69.25 , 22
1667 , 70.50 , 104.65 , 69.25 , 22
Going to Denaturing Temperature
1668 , 71.00 , 200.00 , 69.25 , 23
1669 , 72.00 , 200.00 , 69.25 , 23
1670 , 72.25 , 200.00 , 69.25 , 23
1671 , 73.25 , 200.00 , 69.25 , 23
1672 , 74.50 , 200.00 , 69.25 , 23
1673 , 75.25 , 200.00 , 69.25 , 23
1674 , 76.00 , 200.00 , 69.25 , 23
1675 , 77.25 , 200.00 , 69.25 , 23
1676 , 77.75 , 200.00 , 69.25 , 23
1677 , 78.50 , 200.00 , 69.25 , 23
1678 , 79.75 , 200.00 , 69.25 , 23
1679 , 80.75 , 200.00 , 69.25 , 23
1680 , 81.25 , 200.00 , 69.25 , 23
1681 , 81.50 , 200.00 , 69.25 , 23
1682 , 82.00 , 200.00 , 69.25 , 23
1683 , 83.25 , 200.00 , 69.25 , 23
1684 , 83.50 , 200.00 , 69.25 , 23
1685 , 84.75 , 200.00 , 69.25 , 23
1686 , 85.50 , 200.00 , 69.25 , 23
1687 , 85.75 , 200.00 , 69.25 , 23
1688 , 86.50 , 200.00 , 69.25 , 23
1689 , 87.50 , 200.00 , 69.25 , 23
1690 , 87.75 , 200.00 , 69.25 , 23
1691 , 88.75 , 200.00 , 69.25 , 23
1692 , 89.00 , 200.00 , 69.25 , 23
1693 , 90.00 , 200.00 , 69.25 , 23
1694 , 90.50 , 194.30 , 69.25 , 23
1695 , 91.25 , 191.10 , 69.25 , 23
1696 , 91.00 , 186.00 , 69.25 , 23
1697 , 91.50 , 187.95 , 69.25 , 23
1698 , 91.50 , 184.55 , 69.25 , 23
1699 , 90.75 , 184.65 , 69.25 , 23
1700 , 91.50 , 190.15 , 69.25 , 23
1701 , 91.00 , 185.00 , 69.25 , 23
1702 , 92.25 , 188.70 , 69.25 , 23
Denaturing DNA Now
1703 , 91.75 , 179.90 , 69.25 , 23
Going to Annealing Temperature
1704 , 92.00 , 179.90 , 69.25 , 23
1705 , 90.25 , 179.90 , 69.25 , 23
1706 , 87.75 , 179.90 , 69.25 , 23
1707 , 84.00 , 179.90 , 69.25 , 23
1708 , 80.25 , 179.90 , 69.25 , 23
1709 , 76.50 , 179.90 , 69.25 , 23
1710 , 73.00 , 179.90 , 69.25 , 23
1711 , 70.00 , 179.90 , 69.25 , 23
1712 , 67.00 , 179.90 , 69.25 , 23
1713 , 64.25 , 179.90 , 69.25 , 23
1714 , 61.75 , 179.90 , 69.25 , 23
1715 , 59.00 , 179.90 , 69.25 , 23
1716 , 57.50 , 179.90 , 69.25 , 23
1717 , 55.75 , 179.90 , 69.25 , 23
1718 , 53.50 , 179.90 , 69.25 , 23
1719 , 52.00 , 179.90 , 69.25 , 23
1720 , 50.00 , 179.90 , 69.25 , 23
Annealing DNA Now
1722 , 48.75 , 179.90 , 86.00 , 23
1723 , 47.75 , 179.90 , 94.60 , 23
1724 , 47.50 , 179.90 , 100.00 , 23
1725 , 48.25 , 179.90 , 100.00 , 23
1726 , 49.00 , 179.90 , 98.20 , 23
1727 , 50.00 , 179.90 , 92.75 , 23
1728 , 50.75 , 179.90 , 85.35 , 23
1729 , 51.50 , 179.90 , 79.55 , 23
1730 , 51.75 , 179.90 , 73.60 , 23
Going to Extension Temperature
1731 , 52.00 , 200.00 , 73.60 , 23
1732 , 52.50 , 200.00 , 73.60 , 23
1733 , 54.25 , 200.00 , 73.60 , 23
1734 , 55.50 , 200.00 , 73.60 , 23
1735 , 57.25 , 200.00 , 73.60 , 23
1736 , 58.50 , 198.50 , 73.60 , 23
1737 , 59.50 , 191.85 , 73.60 , 23
1738 , 60.75 , 186.75 , 73.60 , 23
1739 , 62.75 , 179.65 , 73.60 , 23
1740 , 63.25 , 166.90 , 73.60 , 23
1741 , 64.25 , 164.55 , 73.60 , 23
1742 , 65.00 , 158.50 , 73.60 , 23
1743 , 65.75 , 154.05 , 73.60 , 23
1744 , 66.25 , 149.45 , 73.60 , 23
1745 , 66.75 , 146.50 , 73.60 , 23
1746 , 66.75 , 143.45 , 73.60 , 23
1747 , 67.50 , 143.90 , 73.60 , 23
Extending DNA Now
1748 , 67.25 , 138.95 , 73.60 , 23
1749 , 67.50 , 141.05 , 73.60 , 23
1750 , 68.50 , 139.60 , 73.60 , 23
1751 , 69.00 , 132.70 , 73.60 , 23
1752 , 69.00 , 129.20 , 73.60 , 23
1753 , 69.00 , 129.20 , 73.60 , 23
1754 , 69.75 , 129.20 , 73.60 , 23
1755 , 69.75 , 123.80 , 73.60 , 23
1756 , 69.50 , 123.65 , 73.60 , 23
1757 , 69.25 , 125.30 , 73.60 , 23
1758 , 69.75 , 127.00 , 73.60 , 23
1759 , 69.75 , 123.35 , 73.60 , 23
1760 , 70.25 , 123.20 , 73.60 , 23
1761 , 69.75 , 119.45 , 73.60 , 23
1762 , 70.25 , 122.80 , 73.60 , 23
1763 , 69.75 , 119.05 , 73.60 , 23
1764 , 70.50 , 122.40 , 73.60 , 23
1765 , 70.25 , 116.85 , 73.60 , 23
1766 , 69.75 , 118.35 , 73.60 , 23
1767 , 70.00 , 121.70 , 73.60 , 23
1768 , 70.50 , 121.70 , 73.60 , 23
Going to Denaturing Temperature
1769 , 69.75 , 200.00 , 73.60 , 24
1770 , 71.00 , 200.00 , 73.60 , 24
1771 , 71.25 , 200.00 , 73.60 , 24
1772 , 72.75 , 200.00 , 73.60 , 24
1773 , 73.75 , 200.00 , 73.60 , 24
1774 , 74.75 , 200.00 , 73.60 , 24
1775 , 75.25 , 200.00 , 73.60 , 24
1776 , 76.75 , 200.00 , 73.60 , 24
1777 , 77.25 , 200.00 , 73.60 , 24
1778 , 77.75 , 200.00 , 73.60 , 24
1779 , 78.75 , 200.00 , 73.60 , 24
1780 , 79.50 , 200.00 , 73.60 , 24
1781 , 79.75 , 200.00 , 73.60 , 24
1782 , 80.25 , 200.00 , 73.60 , 24
1783 , 81.00 , 200.00 , 73.60 , 24
1784 , 81.50 , 200.00 , 73.60 , 24
1785 , 81.75 , 200.00 , 73.60 , 24
1786 , 82.50 , 200.00 , 73.60 , 24
1787 , 82.75 , 200.00 , 73.60 , 24
1788 , 83.00 , 200.00 , 73.60 , 24
1789 , 83.50 , 200.00 , 73.60 , 24
1790 , 84.00 , 200.00 , 73.60 , 24
1791 , 84.50 , 200.00 , 73.60 , 24
1792 , 85.25 , 200.00 , 73.60 , 24
1793 , 85.50 , 200.00 , 73.60 , 24
1794 , 86.00 , 200.00 , 73.60 , 24
1795 , 85.75 , 200.00 , 73.60 , 24
1796 , 86.50 , 200.00 , 73.60 , 24
1797 , 86.50 , 200.00 , 73.60 , 24
1798 , 87.50 , 200.00 , 73.60 , 24
1799 , 87.75 , 200.00 , 73.60 , 24
1800 , 88.00 , 200.00 , 73.60 , 24
1801 , 89.00 , 200.00 , 73.60 , 24
1802 , 89.25 , 200.00 , 73.60 , 24
1803 , 89.50 , 200.00 , 73.60 , 24
1804 , 89.75 , 200.00 , 73.60 , 24
1805 , 90.00 , 200.00 , 73.60 , 24
1806 , 90.25 , 200.00 , 73.60 , 24
1807 , 91.50 , 200.00 , 73.60 , 24
1808 , 91.25 , 200.00 , 73.60 , 24
1809 , 91.75 , 200.00 , 73.60 , 24
1810 , 92.00 , 200.00 , 73.60 , 24
Denaturing DNA Now
1811 , 91.75 , 200.00 , 73.60 , 24
Going to Annealing Temperature
1812 , 92.50 , 200.00 , 73.60 , 24
1813 , 90.25 , 200.00 , 73.60 , 24
1814 , 88.00 , 200.00 , 73.60 , 24
1815 , 83.75 , 200.00 , 73.60 , 24
1816 , 80.50 , 200.00 , 73.60 , 24
1817 , 76.75 , 200.00 , 73.60 , 24
1818 , 72.75 , 200.00 , 73.60 , 24
1819 , 70.00 , 200.00 , 73.60 , 24
1820 , 67.00 , 200.00 , 73.60 , 24
1821 , 64.50 , 200.00 , 73.60 , 24
1822 , 61.50 , 200.00 , 73.60 , 24
1823 , 59.50 , 200.00 , 73.60 , 24
1824 , 57.25 , 200.00 , 73.60 , 24
1825 , 55.50 , 200.00 , 73.60 , 24
1826 , 53.25 , 200.00 , 73.60 , 24
1827 , 52.00 , 200.00 , 73.60 , 24
1828 , 49.50 , 200.00 , 73.60 , 24
Annealing DNA Now
1829 , 48.00 , 200.00 , 89.50 , 24
1830 , 47.50 , 200.00 , 100.00 , 24
1831 , 48.25 , 200.00 , 100.00 , 24
1832 , 48.25 , 200.00 , 98.20 , 24
1833 , 49.25 , 200.00 , 98.15 , 24
1834 , 50.00 , 200.00 , 90.90 , 24
1835 , 50.75 , 200.00 , 85.25 , 24
1836 , 50.75 , 200.00 , 79.45 , 24
1837 , 51.50 , 200.00 , 78.90 , 24
1838 , 52.00 , 200.00 , 72.95 , 24
Going to Extension Temperature
1839 , 52.00 , 200.00 , 72.95 , 24
1840 , 53.75 , 200.00 , 72.95 , 24
1841 , 55.00 , 200.00 , 72.95 , 24
1842 , 56.00 , 200.00 , 72.95 , 24
1843 , 57.50 , 200.00 , 72.95 , 24
1844 , 58.50 , 195.50 , 72.95 , 24
1845 , 60.00 , 190.60 , 72.95 , 24
1846 , 60.75 , 181.90 , 72.95 , 24
1847 , 62.50 , 178.30 , 72.95 , 24
1848 , 63.75 , 167.35 , 72.95 , 24
1849 , 63.50 , 159.65 , 72.95 , 24
1850 , 65.25 , 162.50 , 72.95 , 24
1851 , 66.00 , 151.00 , 72.95 , 24
1852 , 66.75 , 146.35 , 72.95 , 24
1853 , 67.00 , 141.55 , 72.95 , 24
1854 , 67.50 , 140.20 , 72.95 , 24
Extending DNA Now
1855 , 68.00 , 137.00 , 72.95 , 24
1856 , 68.25 , 133.70 , 72.95 , 24
1857 , 68.25 , 132.10 , 72.95 , 24
1858 , 68.50 , 132.25 , 72.95 , 24
1859 , 69.00 , 130.60 , 72.95 , 24
1860 , 68.50 , 127.10 , 72.95 , 24
1861 , 68.75 , 130.70 , 72.95 , 24
1862 , 69.25 , 129.00 , 72.95 , 24
1863 , 68.50 , 125.45 , 72.95 , 24
1864 , 69.50 , 130.80 , 72.95 , 24
1865 , 69.75 , 123.70 , 72.95 , 24
1866 , 69.75 , 121.80 , 72.95 , 24
1867 , 69.25 , 121.65 , 72.95 , 24
1868 , 69.50 , 125.10 , 72.95 , 24
1869 , 69.50 , 123.25 , 72.95 , 24
1870 , 69.75 , 123.15 , 72.95 , 24
1871 , 69.50 , 121.25 , 72.95 , 24
1872 , 69.50 , 122.90 , 72.95 , 24
1873 , 69.50 , 122.80 , 72.95 , 24
1874 , 69.25 , 122.70 , 72.95 , 24
1875 , 69.75 , 122.70 , 72.95 , 24
Going to Denaturing Temperature
1876 , 69.75 , 200.00 , 72.95 , 25
1877 , 70.00 , 200.00 , 72.95 , 25
1878 , 71.25 , 200.00 , 72.95 , 25
1879 , 72.00 , 200.00 , 72.95 , 25
1880 , 73.00 , 200.00 , 72.95 , 25
1881 , 74.00 , 200.00 , 72.95 , 25
1882 , 74.50 , 200.00 , 72.95 , 25
1883 , 75.25 , 200.00 , 72.95 , 25
1884 , 75.50 , 200.00 , 72.95 , 25
1885 , 76.75 , 200.00 , 72.95 , 25
1886 , 77.75 , 200.00 , 72.95 , 25
1887 , 78.50 , 200.00 , 72.95 , 25
1888 , 78.50 , 200.00 , 72.95 , 25
1889 , 79.50 , 200.00 , 72.95 , 25
1890 , 79.75 , 200.00 , 72.95 , 25
1891 , 81.00 , 200.00 , 72.95 , 25
1892 , 81.25 , 200.00 , 72.95 , 25
1893 , 82.00 , 200.00 , 72.95 , 25
1894 , 82.25 , 200.00 , 72.95 , 25
1895 , 83.00 , 200.00 , 72.95 , 25
1896 , 83.75 , 200.00 , 72.95 , 25
1897 , 84.25 , 200.00 , 72.95 , 25
1898 , 84.50 , 200.00 , 72.95 , 25
1899 , 84.25 , 200.00 , 72.95 , 25
1900 , 84.25 , 200.00 , 72.95 , 25
1901 , 85.25 , 200.00 , 72.95 , 25
1902 , 85.50 , 200.00 , 72.95 , 25
1903 , 86.00 , 200.00 , 72.95 , 25
1904 , 86.50 , 200.00 , 72.95 , 25
1905 , 86.75 , 200.00 , 72.95 , 25
1906 , 87.25 , 200.00 , 72.95 , 25
1907 , 88.00 , 200.00 , 72.95 , 25
1908 , 88.25 , 200.00 , 72.95 , 25
1909 , 88.75 , 200.00 , 72.95 , 25
1910 , 89.00 , 200.00 , 72.95 , 25
1911 , 89.00 , 200.00 , 72.95 , 25
1912 , 89.25 , 200.00 , 72.95 , 25
1913 , 89.75 , 200.00 , 72.95 , 25
1914 , 89.75 , 200.00 , 72.95 , 25
1915 , 90.00 , 200.00 , 72.95 , 25
1916 , 90.25 , 200.00 , 72.95 , 25
1917 , 90.25 , 200.00 , 72.95 , 25
1918 , 90.75 , 200.00 , 72.95 , 25
1919 , 91.25 , 200.00 , 72.95 , 25
1920 , 91.00 , 200.00 , 72.95 , 25
1921 , 90.75 , 200.00 , 72.95 , 25
1922 , 91.25 , 200.00 , 72.95 , 25
1923 , 91.25 , 200.00 , 72.95 , 25
1924 , 91.50 , 200.00 , 72.95 , 25
1925 , 92.00 , 200.00 , 72.95 , 25
Denaturing DNA Now
1926 , 92.00 , 200.00 , 72.95 , 25
Going to Annealing Temperature
1927 , 92.00 , 200.00 , 72.95 , 25
1928 , 91.00 , 200.00 , 72.95 , 25
1929 , 87.75 , 200.00 , 72.95 , 25
1930 , 84.25 , 200.00 , 72.95 , 25
1931 , 80.75 , 200.00 , 72.95 , 25
1932 , 77.00 , 200.00 , 72.95 , 25
1933 , 73.50 , 200.00 , 72.95 , 25
1934 , 70.00 , 200.00 , 72.95 , 25
1935 , 67.00 , 200.00 , 72.95 , 25
1936 , 64.75 , 200.00 , 72.95 , 25
1937 , 61.25 , 200.00 , 72.95 , 25
1938 , 59.25 , 200.00 , 72.95 , 25
1939 , 57.75 , 200.00 , 72.95 , 25
1940 , 55.75 , 200.00 , 72.95 , 25
1941 , 54.00 , 200.00 , 72.95 , 25
1942 , 52.00 , 200.00 , 72.95 , 25
1943 , 50.50 , 200.00 , 72.95 , 25
1944 , 49.00 , 200.00 , 72.95 , 25
Annealing DNA Now
1945 , 47.50 , 200.00 , 93.00 , 25
1946 , 46.50 , 200.00 , 100.00 , 25
1947 , 46.50 , 200.00 , 100.00 , 25
1948 , 47.50 , 200.00 , 100.00 , 25
1949 , 48.00 , 200.00 , 100.00 , 25
1950 , 48.75 , 200.00 , 100.00 , 25
1951 , 49.75 , 200.00 , 94.60 , 25
1952 , 50.25 , 200.00 , 87.25 , 25
1953 , 50.25 , 200.00 , 83.30 , 25
1954 , 51.25 , 200.00 , 82.85 , 25
Going to Extension Temperature
1955 , 51.25 , 200.00 , 82.85 , 25
1956 , 53.00 , 200.00 , 82.85 , 25
1957 , 54.00 , 200.00 , 82.85 , 25
1958 , 55.25 , 200.00 , 82.85 , 25
1959 , 56.75 , 200.00 , 82.85 , 25
1960 , 57.50 , 200.00 , 82.85 , 25
1961 , 58.75 , 199.90 , 82.85 , 25
1962 , 60.25 , 193.20 , 82.85 , 25
1963 , 61.00 , 184.45 , 82.85 , 25
1964 , 62.50 , 180.80 , 82.85 , 25
1965 , 63.50 , 171.60 , 82.85 , 25
1966 , 64.00 , 165.70 , 82.85 , 25
1967 , 64.50 , 163.20 , 82.85 , 25
1968 , 65.25 , 160.60 , 82.85 , 25
1969 , 65.50 , 156.10 , 82.85 , 25
1970 , 66.00 , 155.05 , 82.85 , 25
1971 , 66.50 , 152.15 , 82.85 , 25
1972 , 66.50 , 149.15 , 82.85 , 25
1973 , 67.25 , 149.65 , 82.85 , 25
1974 , 67.50 , 144.75 , 82.85 , 25
Extending DNA Now
1975 , 67.75 , 143.30 , 82.85 , 25
1976 , 67.75 , 141.80 , 82.85 , 25
1977 , 68.00 , 142.05 , 82.85 , 25
1978 , 68.50 , 140.50 , 82.85 , 25
1979 , 68.25 , 137.10 , 82.85 , 25
1980 , 69.00 , 139.00 , 82.85 , 25
1981 , 69.00 , 133.75 , 82.85 , 25
1982 , 68.75 , 133.75 , 82.85 , 25
1983 , 69.25 , 135.55 , 82.85 , 25
1984 , 69.25 , 132.00 , 82.85 , 25
1985 , 69.25 , 131.95 , 82.85 , 25
1986 , 69.50 , 131.90 , 82.85 , 25
1987 , 69.50 , 130.05 , 82.85 , 25
1988 , 69.50 , 129.95 , 82.85 , 25
1989 , 69.50 , 129.85 , 82.85 , 25
1990 , 69.25 , 129.75 , 82.85 , 25
1991 , 69.75 , 131.45 , 82.85 , 25
1992 , 69.50 , 127.80 , 82.85 , 25
1993 , 69.75 , 129.45 , 82.85 , 25
1994 , 70.00 , 127.55 , 82.85 , 25
1995 , 69.50 , 127.55 , 82.85 , 25
