Please wait for the temperature to reach 95
0 , 63.00 , 200.00 , 0.00 , 0
1 , 57.00 , 200.00 , 0.00 , 0
2 , 56.75 , 200.00 , 0.00 , 0
3 , 57.50 , 200.00 , 0.00 , 0
4 , 59.25 , 200.00 , 0.00 , 0
5 , 61.75 , 200.00 , 0.00 , 0
6 , 65.75 , 200.00 , 0.00 , 0
7 , 68.75 , 200.00 , 0.00 , 0
8 , 73.50 , 200.00 , 0.00 , 0
9 , 76.50 , 200.00 , 0.00 , 0
10 , 80.75 , 182.95 , 0.00 , 0
11 , 83.75 , 155.45 , 0.00 , 0
12 , 86.25 , 136.10 , 0.00 , 0
13 , 87.75 , 119.75 , 0.00 , 0
14 , 89.00 , 110.10 , 0.00 , 0
15 , 89.50 , 101.95 , 0.00 , 0
16 , 89.75 , 98.95 , 0.00 , 0
17 , 90.75 , 97.65 , 0.00 , 0
18 , 91.00 , 90.90 , 0.00 , 0
19 , 90.75 , 89.35 , 0.00 , 0
20 , 90.75 , 91.35 , 0.00 , 0
21 , 90.75 , 91.60 , 0.00 , 0
22 , 91.25 , 91.85 , 0.00 , 0
23 , 90.75 , 88.50 , 0.00 , 0
24 , 91.50 , 92.25 , 0.00 , 0
25 , 92.00 , 87.10 , 0.00 , 0
Temperature has reached 95, please wait 60s for the initial denaturing to complete
26 , 91.75 , 83.60 , 0.00 , 0
Initial Denaturing has completed, Amplification Loop will start now
Going to Denaturing Temperature
27 , 91.50 , 85.40 , 0.00 , 1
28 , 92.25 , 87.25 , 0.00 , 1
Denaturing DNA Now
29 , 92.25 , 81.95 , 0.00 , 1
Going to Annealing Temperature
30 , 92.00 , 81.95 , 0.00 , 1
31 , 90.75 , 81.95 , 0.00 , 1
32 , 87.75 , 81.95 , 0.00 , 1
33 , 84.25 , 81.95 , 0.00 , 1
34 , 80.75 , 81.95 , 0.00 , 1
35 , 77.25 , 81.95 , 0.00 , 1
36 , 74.25 , 81.95 , 0.00 , 1
37 , 71.50 , 81.95 , 0.00 , 1
38 , 68.75 , 81.95 , 0.00 , 1
39 , 66.25 , 81.95 , 0.00 , 1
40 , 63.75 , 81.95 , 0.00 , 1
41 , 61.75 , 81.95 , 0.00 , 1
42 , 59.00 , 81.95 , 0.00 , 1
43 , 57.75 , 81.95 , 0.00 , 1
44 , 55.75 , 81.95 , 0.00 , 1
45 , 54.50 , 81.95 , 0.00 , 1
46 , 53.00 , 81.95 , 0.00 , 1
47 , 51.25 , 81.95 , 0.00 , 1
48 , 50.00 , 81.95 , 0.00 , 1
Annealing DNA Now
49 , 48.50 , 81.95 , 69.30 , 1
50 , 48.25 , 81.95 , 79.70 , 1
51 , 48.50 , 81.95 , 81.40 , 1
52 , 49.25 , 81.95 , 79.55 , 1
53 , 51.00 , 81.95 , 74.05 , 1
54 , 51.75 , 81.95 , 61.20 , 1
55 , 52.50 , 81.95 , 55.20 , 1
56 , 54.00 , 81.95 , 49.05 , 1
57 , 54.50 , 81.95 , 37.35 , 1
58 , 54.50 , 81.95 , 32.55 , 1
Going to Extension Temperature
59 , 55.25 , 182.45 , 32.55 , 1
60 , 56.25 , 179.95 , 32.55 , 1
61 , 58.00 , 175.50 , 32.55 , 1
62 , 60.50 , 165.45 , 32.55 , 1
63 , 63.50 , 149.65 , 32.55 , 1
64 , 66.75 , 129.75 , 32.55 , 1
65 , 68.50 , 107.45 , 32.55 , 1
Extending DNA Now
66 , 70.00 , 95.30 , 32.55 , 1
67 , 71.50 , 84.60 , 32.55 , 1
68 , 71.50 , 73.60 , 32.55 , 1
69 , 72.25 , 73.10 , 32.55 , 1
70 , 73.25 , 67.20 , 32.55 , 1
71 , 72.75 , 59.35 , 32.55 , 1
72 , 73.00 , 62.10 , 32.55 , 1
73 , 72.75 , 59.55 , 32.55 , 1
74 , 72.75 , 60.55 , 32.55 , 1
75 , 72.50 , 59.80 , 32.55 , 1
76 , 72.25 , 60.85 , 32.55 , 1
77 , 72.00 , 61.95 , 32.55 , 1
78 , 71.75 , 63.10 , 32.55 , 1
79 , 71.75 , 64.30 , 32.55 , 1
80 , 71.50 , 63.75 , 32.55 , 1
81 , 71.00 , 65.00 , 32.55 , 1
82 , 70.75 , 68.10 , 32.55 , 1
83 , 71.00 , 69.50 , 32.55 , 1
84 , 71.25 , 67.35 , 32.55 , 1
85 , 71.25 , 65.15 , 32.55 , 1
86 , 70.75 , 65.15 , 32.55 , 1
Going to Denaturing Temperature
87 , 70.75 , 200.00 , 32.55 , 2
88 , 72.50 , 200.00 , 32.55 , 2
89 , 73.75 , 200.00 , 32.55 , 2
90 , 77.50 , 200.00 , 32.55 , 2
91 , 80.25 , 200.00 , 32.55 , 2
92 , 83.25 , 184.45 , 32.55 , 2
93 , 85.50 , 165.20 , 32.55 , 2
94 , 87.75 , 150.75 , 32.55 , 2
95 , 89.75 , 135.85 , 32.55 , 2
96 , 90.50 , 122.30 , 32.55 , 2
97 , 91.50 , 117.35 , 32.55 , 2
98 , 92.00 , 110.45 , 32.55 , 2
Denaturing DNA Now
99 , 92.25 , 106.95 , 32.55 , 2
Going to Annealing Temperature
100 , 92.25 , 106.95 , 32.55 , 2
101 , 91.00 , 106.95 , 32.55 , 2
102 , 87.75 , 106.95 , 32.55 , 2
103 , 84.25 , 106.95 , 32.55 , 2
104 , 81.00 , 106.95 , 32.55 , 2
105 , 77.25 , 106.95 , 32.55 , 2
106 , 74.25 , 106.95 , 32.55 , 2
107 , 71.00 , 106.95 , 32.55 , 2
108 , 68.25 , 106.95 , 32.55 , 2
109 , 65.75 , 106.95 , 32.55 , 2
110 , 63.50 , 106.95 , 32.55 , 2
111 , 61.25 , 106.95 , 32.55 , 2
112 , 59.50 , 106.95 , 32.55 , 2
113 , 57.50 , 106.95 , 32.55 , 2
114 , 56.00 , 106.95 , 32.55 , 2
115 , 53.75 , 106.95 , 32.55 , 2
116 , 52.75 , 106.95 , 32.55 , 2
117 , 51.00 , 106.95 , 32.55 , 2
118 , 49.75 , 106.95 , 32.55 , 2
Annealing DNA Now
119 , 48.50 , 106.95 , 87.75 , 2
120 , 48.25 , 106.95 , 96.40 , 2
121 , 48.50 , 106.95 , 98.10 , 2
122 , 50.00 , 106.95 , 96.25 , 2
123 , 51.25 , 106.95 , 85.35 , 2
124 , 52.75 , 106.95 , 75.95 , 2
125 , 53.75 , 106.95 , 64.50 , 2
126 , 54.50 , 106.95 , 56.35 , 2
127 , 55.00 , 106.95 , 49.80 , 2
128 , 55.50 , 106.95 , 44.90 , 2
Going to Extension Temperature
129 , 55.50 , 191.10 , 44.90 , 2
130 , 56.50 , 193.80 , 44.90 , 2
131 , 58.25 , 189.30 , 44.90 , 2
132 , 61.50 , 179.20 , 44.90 , 2
133 , 64.00 , 157.95 , 44.90 , 2
134 , 67.25 , 141.45 , 44.90 , 2
135 , 69.75 , 119.05 , 44.90 , 2
Extending DNA Now
136 , 71.00 , 101.40 , 44.90 , 2
137 , 72.25 , 92.25 , 44.90 , 2
138 , 72.75 , 82.85 , 44.90 , 2
139 , 73.25 , 78.60 , 44.90 , 2
140 , 73.50 , 74.25 , 44.90 , 2
141 , 73.50 , 71.60 , 44.90 , 2
142 , 73.25 , 70.70 , 44.90 , 2
143 , 73.50 , 71.60 , 44.90 , 2
144 , 73.50 , 68.95 , 44.90 , 2
145 , 73.00 , 68.05 , 44.90 , 2
146 , 72.50 , 70.75 , 44.90 , 2
147 , 72.75 , 73.55 , 44.90 , 2
148 , 72.75 , 71.05 , 44.90 , 2
149 , 72.50 , 70.30 , 44.90 , 2
150 , 72.50 , 71.35 , 44.90 , 2
151 , 73.00 , 70.65 , 44.90 , 2
152 , 72.50 , 66.35 , 44.90 , 2
153 , 72.25 , 69.15 , 44.90 , 2
154 , 72.50 , 70.25 , 44.90 , 2
155 , 72.25 , 67.80 , 44.90 , 2
156 , 72.00 , 67.80 , 44.90 , 2
Going to Denaturing Temperature
157 , 72.25 , 200.00 , 44.90 , 3
158 , 73.25 , 200.00 , 44.90 , 3
159 , 75.25 , 200.00 , 44.90 , 3
160 , 77.50 , 200.00 , 44.90 , 3
161 , 80.75 , 200.00 , 44.90 , 3
162 , 84.00 , 191.25 , 44.90 , 3
163 , 85.50 , 170.10 , 44.90 , 3
164 , 87.75 , 160.90 , 44.90 , 3
165 , 89.75 , 146.00 , 44.90 , 3
166 , 90.75 , 132.45 , 44.90 , 3
167 , 91.00 , 125.70 , 44.90 , 3
168 , 92.00 , 124.15 , 44.90 , 3
Denaturing DNA Now
169 , 92.25 , 117.15 , 44.90 , 3
Going to Annealing Temperature
170 , 93.00 , 117.15 , 44.90 , 3
171 , 91.25 , 117.15 , 44.90 , 3
172 , 88.50 , 117.15 , 44.90 , 3
173 , 85.00 , 117.15 , 44.90 , 3
174 , 81.00 , 117.15 , 44.90 , 3
175 , 77.75 , 117.15 , 44.90 , 3
176 , 73.75 , 117.15 , 44.90 , 3
177 , 71.50 , 117.15 , 44.90 , 3
178 , 68.50 , 117.15 , 44.90 , 3
179 , 65.75 , 117.15 , 44.90 , 3
180 , 62.75 , 117.15 , 44.90 , 3
181 , 61.25 , 117.15 , 44.90 , 3
182 , 59.50 , 117.15 , 44.90 , 3
183 , 57.00 , 117.15 , 44.90 , 3
184 , 55.75 , 117.15 , 44.90 , 3
185 , 54.25 , 117.15 , 44.90 , 3
186 , 52.75 , 117.15 , 44.90 , 3
187 , 50.75 , 117.15 , 44.90 , 3
188 , 50.00 , 117.15 , 44.90 , 3
Annealing DNA Now
189 , 48.75 , 117.15 , 86.00 , 3
190 , 48.00 , 117.15 , 94.60 , 3
191 , 48.75 , 117.15 , 99.85 , 3
192 , 49.75 , 117.15 , 94.45 , 3
193 , 50.75 , 117.15 , 87.10 , 3
194 , 52.25 , 117.15 , 79.55 , 3
195 , 53.25 , 117.15 , 68.20 , 3
196 , 54.00 , 117.15 , 60.15 , 3
197 , 54.75 , 117.15 , 53.70 , 3
198 , 55.00 , 117.15 , 47.10 , 3
Going to Extension Temperature
199 , 55.50 , 195.15 , 47.10 , 3
200 , 56.75 , 194.35 , 47.10 , 3
201 , 58.50 , 188.05 , 47.10 , 3
202 , 61.00 , 177.90 , 47.10 , 3
203 , 63.75 , 162.00 , 47.10 , 3
204 , 66.75 , 143.80 , 47.10 , 3
205 , 69.25 , 123.25 , 47.10 , 3
Extending DNA Now
206 , 70.75 , 105.70 , 47.10 , 3
207 , 72.25 , 94.85 , 47.10 , 3
208 , 73.00 , 83.70 , 47.10 , 3
209 , 72.75 , 77.65 , 47.10 , 3
210 , 73.25 , 78.65 , 47.10 , 3
211 , 73.75 , 74.30 , 47.10 , 3
212 , 73.25 , 69.85 , 47.10 , 3
213 , 73.50 , 72.50 , 47.10 , 3
214 , 73.25 , 69.85 , 47.10 , 3
215 , 73.50 , 70.75 , 47.10 , 3
216 , 72.75 , 68.10 , 47.10 , 3
217 , 73.00 , 72.60 , 47.10 , 3
218 , 72.50 , 70.05 , 47.10 , 3
219 , 72.75 , 72.85 , 47.10 , 3
220 , 72.00 , 70.35 , 47.10 , 3
221 , 72.50 , 75.00 , 47.10 , 3
222 , 72.75 , 70.80 , 47.10 , 3
223 , 72.50 , 68.30 , 47.10 , 3
224 , 72.25 , 69.35 , 47.10 , 3
225 , 72.50 , 70.45 , 47.10 , 3
226 , 72.25 , 70.45 , 47.10 , 3
Going to Denaturing Temperature
227 , 72.00 , 200.00 , 47.10 , 4
228 , 73.25 , 200.00 , 47.10 , 4
229 , 75.00 , 200.00 , 47.10 , 4
230 , 77.50 , 200.00 , 47.10 , 4
231 , 80.00 , 200.00 , 47.10 , 4
232 , 82.75 , 197.60 , 47.10 , 4
233 , 85.25 , 180.20 , 47.10 , 4
234 , 87.25 , 164.05 , 47.10 , 4
235 , 88.50 , 151.00 , 47.10 , 4
236 , 90.25 , 142.95 , 47.10 , 4
237 , 91.00 , 131.05 , 47.10 , 4
238 , 91.25 , 126.00 , 47.10 , 4
239 , 91.75 , 124.40 , 47.10 , 4
240 , 92.50 , 120.95 , 47.10 , 4
Denaturing DNA Now
241 , 92.50 , 115.60 , 47.10 , 4
Going to Annealing Temperature
242 , 93.00 , 115.60 , 47.10 , 4
243 , 91.50 , 115.60 , 47.10 , 4
244 , 88.75 , 115.60 , 47.10 , 4
245 , 85.00 , 115.60 , 47.10 , 4
246 , 81.25 , 115.60 , 47.10 , 4
247 , 77.50 , 115.60 , 47.10 , 4
248 , 74.75 , 115.60 , 47.10 , 4
249 , 71.50 , 115.60 , 47.10 , 4
250 , 68.50 , 115.60 , 47.10 , 4
251 , 66.25 , 115.60 , 47.10 , 4
252 , 63.75 , 115.60 , 47.10 , 4
253 , 61.25 , 115.60 , 47.10 , 4
254 , 59.75 , 115.60 , 47.10 , 4
255 , 57.75 , 115.60 , 47.10 , 4
256 , 55.75 , 115.60 , 47.10 , 4
257 , 54.25 , 115.60 , 47.10 , 4
258 , 52.75 , 115.60 , 47.10 , 4
259 , 51.50 , 115.60 , 47.10 , 4
260 , 50.00 , 115.60 , 47.10 , 4
Annealing DNA Now
261 , 48.75 , 115.60 , 86.00 , 4
262 , 48.00 , 115.60 , 94.60 , 4
263 , 48.25 , 115.60 , 99.85 , 4
264 , 49.75 , 115.60 , 98.05 , 4
265 , 51.00 , 115.60 , 87.20 , 4
266 , 52.50 , 115.60 , 77.85 , 4
267 , 53.25 , 115.60 , 66.45 , 4
268 , 54.50 , 115.60 , 60.15 , 4
269 , 55.00 , 115.60 , 50.10 , 4
270 , 55.25 , 115.60 , 45.20 , 4
Going to Extension Temperature
271 , 55.75 , 193.20 , 45.20 , 4
272 , 56.50 , 192.35 , 45.20 , 4
273 , 58.50 , 189.60 , 45.20 , 4
274 , 61.00 , 177.70 , 45.20 , 4
275 , 63.75 , 161.80 , 45.20 , 4
276 , 66.50 , 143.60 , 45.20 , 4
277 , 68.75 , 124.85 , 45.20 , 4
Extending DNA Now
278 , 70.00 , 109.15 , 45.20 , 4
279 , 71.25 , 100.20 , 45.20 , 4
280 , 72.00 , 91.00 , 45.20 , 4
281 , 72.75 , 85.15 , 45.20 , 4
282 , 73.00 , 79.15 , 45.20 , 4
283 , 73.00 , 76.60 , 45.20 , 4
284 , 73.00 , 75.80 , 45.20 , 4
285 , 73.00 , 75.00 , 45.20 , 4
286 , 73.00 , 74.20 , 45.20 , 4
287 , 72.50 , 73.40 , 45.20 , 4
288 , 72.50 , 76.20 , 45.20 , 4
289 , 73.00 , 75.50 , 45.20 , 4
290 , 73.00 , 71.20 , 45.20 , 4
291 , 72.50 , 70.40 , 45.20 , 4
292 , 72.25 , 73.20 , 45.20 , 4
293 , 72.25 , 74.30 , 45.20 , 4
294 , 72.50 , 73.65 , 45.20 , 4
295 , 72.25 , 71.20 , 45.20 , 4
296 , 72.00 , 72.30 , 45.20 , 4
297 , 72.50 , 73.45 , 45.20 , 4
298 , 71.50 , 73.45 , 45.20 , 4
Going to Denaturing Temperature
299 , 71.50 , 200.00 , 45.20 , 5
300 , 73.25 , 200.00 , 45.20 , 5
301 , 75.00 , 200.00 , 45.20 , 5
302 , 77.75 , 200.00 , 45.20 , 5
303 , 80.50 , 200.00 , 45.20 , 5
304 , 83.00 , 195.45 , 45.20 , 5
305 , 85.00 , 179.75 , 45.20 , 5
306 , 87.00 , 167.15 , 45.20 , 5
307 , 88.50 , 154.15 , 45.20 , 5
308 , 90.25 , 144.35 , 45.20 , 5
309 , 90.75 , 132.45 , 45.20 , 5
310 , 91.50 , 129.20 , 45.20 , 5
311 , 92.25 , 124.05 , 45.20 , 5
Denaturing DNA Now
312 , 92.00 , 118.75 , 45.20 , 5
Going to Annealing Temperature
313 , 92.50 , 118.75 , 45.20 , 5
314 , 90.75 , 118.75 , 45.20 , 5
315 , 87.75 , 118.75 , 45.20 , 5
316 , 85.00 , 118.75 , 45.20 , 5
317 , 80.25 , 118.75 , 45.20 , 5
318 , 77.50 , 118.75 , 45.20 , 5
319 , 74.00 , 118.75 , 45.20 , 5
320 , 71.50 , 118.75 , 45.20 , 5
321 , 68.75 , 118.75 , 45.20 , 5
322 , 65.50 , 118.75 , 45.20 , 5
323 , 63.50 , 118.75 , 45.20 , 5
324 , 60.50 , 118.75 , 45.20 , 5
325 , 59.25 , 118.75 , 45.20 , 5
326 , 57.00 , 118.75 , 45.20 , 5
327 , 55.25 , 118.75 , 45.20 , 5
328 , 54.00 , 118.75 , 45.20 , 5
329 , 52.75 , 118.75 , 45.20 , 5
330 , 51.25 , 118.75 , 45.20 , 5
331 , 50.25 , 118.75 , 45.20 , 5
332 , 48.25 , 118.75 , 45.20 , 5
Annealing DNA Now
333 , 47.75 , 118.75 , 98.25 , 5
334 , 46.75 , 118.75 , 100.00 , 5
335 , 47.75 , 118.75 , 100.00 , 5
336 , 48.75 , 118.75 , 100.00 , 5
337 , 50.25 , 118.75 , 94.60 , 5
338 , 51.75 , 118.75 , 83.65 , 5
339 , 52.75 , 118.75 , 72.40 , 5
340 , 53.25 , 118.75 , 64.45 , 5
341 , 54.25 , 118.75 , 59.90 , 5
342 , 54.75 , 118.75 , 51.65 , 5
Going to Extension Temperature
343 , 55.00 , 198.00 , 51.65 , 5
344 , 56.25 , 199.05 , 51.65 , 5
345 , 57.75 , 192.85 , 51.65 , 5
346 , 60.50 , 184.60 , 51.65 , 5
347 , 63.50 , 167.05 , 51.65 , 5
348 , 65.75 , 147.15 , 51.65 , 5
349 , 68.25 , 132.05 , 51.65 , 5
Extending DNA Now
350 , 69.50 , 114.70 , 51.65 , 5
351 , 71.00 , 105.85 , 51.65 , 5
352 , 71.25 , 94.95 , 51.65 , 5
353 , 72.25 , 92.75 , 51.65 , 5
354 , 72.75 , 85.10 , 51.65 , 5
355 , 73.00 , 80.85 , 51.65 , 5
356 , 73.25 , 78.30 , 51.65 , 5
357 , 72.75 , 75.70 , 51.65 , 5
358 , 72.75 , 78.45 , 51.65 , 5
359 , 73.00 , 77.70 , 51.65 , 5
360 , 72.50 , 75.15 , 51.65 , 5
361 , 72.50 , 77.95 , 51.65 , 5
362 , 73.00 , 77.25 , 51.65 , 5
363 , 73.00 , 72.95 , 51.65 , 5
364 , 72.75 , 72.15 , 51.65 , 5
365 , 72.25 , 73.15 , 51.65 , 5
366 , 72.25 , 76.00 , 51.65 , 5
367 , 72.25 , 75.35 , 51.65 , 5
368 , 72.50 , 74.70 , 51.65 , 5
369 , 72.25 , 72.25 , 51.65 , 5
370 , 71.50 , 72.25 , 51.65 , 5
Going to Denaturing Temperature
371 , 72.00 , 200.00 , 51.65 , 6
372 , 72.75 , 200.00 , 51.65 , 6
373 , 74.75 , 200.00 , 51.65 , 6
374 , 76.75 , 200.00 , 51.65 , 6
375 , 79.00 , 200.00 , 51.65 , 6
376 , 82.00 , 200.00 , 51.65 , 6
377 , 84.00 , 189.80 , 51.65 , 6
378 , 86.25 , 177.40 , 51.65 , 6
379 , 87.75 , 162.80 , 51.65 , 6
380 , 88.75 , 153.15 , 51.65 , 6
381 , 90.25 , 146.80 , 51.65 , 6
382 , 90.50 , 136.65 , 51.65 , 6
383 , 91.25 , 135.20 , 51.65 , 6
384 , 92.25 , 130.10 , 51.65 , 6
Denaturing DNA Now
385 , 92.50 , 123.05 , 51.65 , 6
Going to Annealing Temperature
386 , 92.50 , 123.05 , 51.65 , 6
387 , 91.25 , 123.05 , 51.65 , 6
388 , 88.00 , 123.05 , 51.65 , 6
389 , 84.50 , 123.05 , 51.65 , 6
390 , 81.00 , 123.05 , 51.65 , 6
391 , 77.75 , 123.05 , 51.65 , 6
392 , 73.75 , 123.05 , 51.65 , 6
393 , 71.25 , 123.05 , 51.65 , 6
394 , 67.75 , 123.05 , 51.65 , 6
395 , 65.75 , 123.05 , 51.65 , 6
396 , 63.50 , 123.05 , 51.65 , 6
397 , 61.50 , 123.05 , 51.65 , 6
398 , 59.25 , 123.05 , 51.65 , 6
399 , 57.00 , 123.05 , 51.65 , 6
400 , 55.75 , 123.05 , 51.65 , 6
401 , 54.25 , 123.05 , 51.65 , 6
402 , 52.50 , 123.05 , 51.65 , 6
403 , 50.75 , 123.05 , 51.65 , 6
404 , 49.50 , 123.05 , 51.65 , 6
Annealing DNA Now
406 , 48.75 , 123.05 , 89.50 , 6
407 , 47.25 , 123.05 , 94.60 , 6
408 , 48.25 , 123.05 , 100.00 , 6
409 , 49.50 , 123.05 , 98.20 , 6
410 , 50.75 , 123.05 , 89.15 , 6
411 , 51.75 , 123.05 , 79.85 , 6
412 , 53.00 , 123.05 , 72.10 , 6
413 , 54.50 , 123.05 , 62.35 , 6
414 , 55.00 , 123.05 , 50.55 , 6
Going to Extension Temperature
415 , 55.00 , 196.85 , 50.55 , 6
416 , 56.75 , 199.65 , 50.55 , 6
417 , 58.25 , 189.85 , 50.55 , 6
418 , 60.75 , 181.50 , 50.55 , 6
419 , 63.50 , 165.65 , 50.55 , 6
420 , 66.00 , 147.50 , 50.55 , 6
421 , 67.75 , 130.60 , 50.55 , 6
Extending DNA Now
422 , 69.50 , 118.60 , 50.55 , 6
423 , 70.75 , 106.25 , 50.55 , 6
424 , 71.75 , 97.15 , 50.55 , 6
425 , 71.75 , 89.60 , 50.55 , 6
426 , 72.00 , 89.05 , 50.55 , 6
427 , 72.75 , 86.70 , 50.55 , 6
428 , 73.00 , 80.70 , 50.55 , 6
429 , 73.00 , 78.15 , 50.55 , 6
430 , 73.25 , 77.35 , 50.55 , 6
431 , 73.00 , 74.75 , 50.55 , 6
432 , 72.25 , 75.70 , 50.55 , 6
433 , 73.00 , 80.30 , 50.55 , 6
434 , 72.50 , 74.25 , 50.55 , 6
435 , 72.25 , 77.05 , 50.55 , 6
436 , 72.00 , 78.15 , 50.55 , 6
437 , 72.50 , 79.30 , 50.55 , 6
438 , 72.00 , 75.10 , 50.55 , 6
439 , 71.50 , 78.00 , 50.55 , 6
440 , 72.25 , 81.00 , 50.55 , 6
441 , 72.25 , 75.10 , 50.55 , 6
442 , 72.00 , 75.10 , 50.55 , 6
Going to Denaturing Temperature
443 , 71.75 , 200.00 , 50.55 , 7
444 , 73.25 , 200.00 , 50.55 , 7
445 , 74.50 , 200.00 , 50.55 , 7
446 , 77.00 , 200.00 , 50.55 , 7
447 , 79.50 , 200.00 , 50.55 , 7
448 , 81.25 , 200.00 , 50.55 , 7
449 , 83.25 , 196.05 , 50.55 , 7
450 , 85.25 , 183.80 , 50.55 , 7
451 , 87.50 , 171.15 , 50.55 , 7
452 , 88.75 , 156.30 , 50.55 , 7
453 , 89.50 , 148.20 , 50.55 , 7
454 , 90.50 , 143.45 , 50.55 , 7
455 , 90.75 , 136.75 , 50.55 , 7
456 , 91.50 , 135.25 , 50.55 , 7
457 , 91.50 , 130.10 , 50.55 , 7
458 , 91.75 , 130.20 , 50.55 , 7
459 , 92.25 , 128.50 , 50.55 , 7
Denaturing DNA Now
460 , 92.50 , 124.95 , 50.55 , 7
Going to Annealing Temperature
461 , 92.75 , 124.95 , 50.55 , 7
462 , 91.50 , 124.95 , 50.55 , 7
463 , 88.50 , 124.95 , 50.55 , 7
464 , 84.75 , 124.95 , 50.55 , 7
465 , 81.25 , 124.95 , 50.55 , 7
466 , 77.50 , 124.95 , 50.55 , 7
467 , 73.75 , 124.95 , 50.55 , 7
468 , 71.00 , 124.95 , 50.55 , 7
469 , 68.50 , 124.95 , 50.55 , 7
470 , 66.00 , 124.95 , 50.55 , 7
471 , 63.50 , 124.95 , 50.55 , 7
472 , 61.00 , 124.95 , 50.55 , 7
473 , 59.50 , 124.95 , 50.55 , 7
474 , 57.25 , 124.95 , 50.55 , 7
475 , 55.50 , 124.95 , 50.55 , 7
476 , 54.00 , 124.95 , 50.55 , 7
477 , 52.75 , 124.95 , 50.55 , 7
478 , 51.50 , 124.95 , 50.55 , 7
479 , 50.00 , 124.95 , 50.55 , 7
Annealing DNA Now
480 , 48.75 , 124.95 , 86.00 , 7
481 , 47.75 , 124.95 , 94.60 , 7
482 , 48.50 , 124.95 , 100.00 , 7
483 , 49.25 , 124.95 , 96.30 , 7
484 , 50.50 , 124.95 , 90.80 , 7
485 , 52.00 , 124.95 , 81.55 , 7
486 , 53.00 , 124.95 , 70.25 , 7
487 , 53.75 , 124.95 , 62.25 , 7
488 , 54.50 , 124.95 , 55.85 , 7
489 , 54.50 , 124.95 , 49.30 , 7
Going to Extension Temperature
490 , 54.50 , 199.20 , 49.30 , 7
491 , 56.50 , 200.00 , 49.30 , 7
492 , 58.00 , 190.60 , 49.30 , 7
493 , 59.75 , 182.30 , 49.30 , 7
494 , 63.00 , 171.90 , 49.30 , 7
495 , 64.75 , 150.35 , 49.30 , 7
496 , 67.00 , 138.95 , 49.30 , 7
497 , 68.75 , 123.60 , 49.30 , 7
Extending DNA Now
498 , 70.25 , 111.40 , 49.30 , 7
499 , 71.25 , 100.65 , 49.30 , 7
500 , 71.00 , 93.20 , 49.30 , 7
501 , 72.50 , 94.55 , 49.30 , 7
502 , 72.50 , 83.35 , 49.30 , 7
503 , 72.75 , 82.65 , 49.30 , 7
504 , 72.75 , 80.15 , 49.30 , 7
505 , 72.75 , 79.40 , 49.30 , 7
506 , 72.50 , 78.65 , 49.30 , 7
507 , 72.50 , 79.70 , 49.30 , 7
508 , 72.50 , 79.00 , 49.30 , 7
509 , 72.50 , 78.30 , 49.30 , 7
510 , 72.25 , 77.60 , 49.30 , 7
511 , 72.50 , 78.70 , 49.30 , 7
512 , 72.00 , 76.25 , 49.30 , 7
513 , 71.75 , 79.15 , 49.30 , 7
514 , 72.25 , 80.35 , 49.30 , 7
515 , 72.00 , 76.20 , 49.30 , 7
516 , 72.00 , 77.35 , 49.30 , 7
517 , 71.50 , 76.75 , 49.30 , 7
518 , 71.50 , 76.75 , 49.30 , 7
Going to Denaturing Temperature
519 , 71.50 , 200.00 , 49.30 , 8
520 , 72.75 , 200.00 , 49.30 , 8
521 , 74.25 , 200.00 , 49.30 , 8
522 , 76.50 , 200.00 , 49.30 , 8
523 , 79.00 , 200.00 , 49.30 , 8
524 , 81.00 , 200.00 , 49.30 , 8
525 , 83.00 , 198.25 , 49.30 , 8
526 , 84.50 , 186.05 , 49.30 , 8
527 , 86.50 , 177.05 , 49.30 , 8
528 , 88.00 , 164.15 , 49.30 , 8
529 , 89.00 , 154.45 , 49.30 , 8
530 , 90.00 , 148.05 , 49.30 , 8
531 , 90.25 , 141.45 , 49.30 , 8
532 , 91.25 , 140.05 , 49.30 , 8
533 , 91.50 , 133.20 , 49.30 , 8
534 , 91.50 , 131.55 , 49.30 , 8
535 , 92.00 , 131.65 , 49.30 , 8
Denaturing DNA Now
536 , 92.00 , 128.15 , 49.30 , 8
Going to Annealing Temperature
537 , 92.50 , 128.15 , 49.30 , 8
538 , 91.00 , 128.15 , 49.30 , 8
539 , 88.50 , 128.15 , 49.30 , 8
540 , 84.00 , 128.15 , 49.30 , 8
541 , 81.25 , 128.15 , 49.30 , 8
542 , 77.50 , 128.15 , 49.30 , 8
543 , 74.00 , 128.15 , 49.30 , 8
544 , 71.00 , 128.15 , 49.30 , 8
545 , 68.00 , 128.15 , 49.30 , 8
546 , 65.50 , 128.15 , 49.30 , 8
547 , 63.25 , 128.15 , 49.30 , 8
548 , 61.00 , 128.15 , 49.30 , 8
549 , 59.00 , 128.15 , 49.30 , 8
550 , 57.00 , 128.15 , 49.30 , 8
551 , 55.00 , 128.15 , 49.30 , 8
552 , 54.00 , 128.15 , 49.30 , 8
553 , 52.50 , 128.15 , 49.30 , 8
554 , 51.25 , 128.15 , 49.30 , 8
555 , 49.75 , 128.15 , 49.30 , 8
Annealing DNA Now
556 , 48.50 , 128.15 , 87.75 , 8
557 , 48.25 , 128.15 , 96.40 , 8
558 , 48.50 , 128.15 , 98.10 , 8
559 , 49.25 , 128.15 , 96.25 , 8
560 , 50.75 , 128.15 , 90.75 , 8
561 , 52.25 , 128.15 , 79.70 , 8
562 , 52.00 , 128.15 , 68.35 , 8
563 , 53.75 , 128.15 , 69.30 , 8
564 , 54.25 , 128.15 , 55.90 , 8
565 , 54.50 , 128.15 , 51.15 , 8
Going to Extension Temperature
566 , 55.00 , 199.30 , 51.15 , 8
567 , 56.25 , 198.60 , 51.15 , 8
568 , 58.00 , 192.40 , 51.15 , 8
569 , 60.00 , 182.35 , 51.15 , 8
570 , 62.75 , 170.15 , 51.15 , 8
571 , 64.75 , 152.15 , 51.15 , 8
572 , 67.00 , 139.00 , 51.15 , 8
573 , 68.25 , 123.65 , 51.15 , 8
Extending DNA Now
574 , 69.75 , 115.05 , 51.15 , 8
575 , 70.50 , 104.40 , 51.15 , 8
576 , 71.50 , 98.85 , 51.15 , 8
577 , 71.50 , 91.35 , 51.15 , 8
578 , 71.50 , 90.85 , 51.15 , 8
579 , 72.50 , 90.35 , 51.15 , 8
580 , 72.25 , 82.65 , 51.15 , 8
581 , 72.50 , 83.75 , 51.15 , 8
582 , 72.50 , 81.30 , 51.15 , 8
583 , 72.50 , 80.60 , 51.15 , 8
584 , 72.50 , 79.90 , 51.15 , 8
585 , 72.25 , 79.20 , 51.15 , 8
586 , 72.25 , 80.30 , 51.15 , 8
587 , 72.25 , 79.65 , 51.15 , 8
588 , 72.25 , 79.00 , 51.15 , 8
589 , 72.00 , 78.35 , 51.15 , 8
590 , 71.75 , 79.50 , 51.15 , 8
591 , 72.00 , 80.70 , 51.15 , 8
592 , 72.00 , 78.35 , 51.15 , 8
593 , 71.50 , 77.75 , 51.15 , 8
594 , 71.75 , 77.75 , 51.15 , 8
Going to Denaturing Temperature
595 , 71.75 , 200.00 , 51.15 , 9
596 , 72.75 , 200.00 , 51.15 , 9
597 , 74.25 , 200.00 , 51.15 , 9
598 , 76.25 , 200.00 , 51.15 , 9
599 , 78.50 , 200.00 , 51.15 , 9
600 , 80.50 , 200.00 , 51.15 , 9
601 , 82.50 , 200.00 , 51.15 , 9
602 , 84.50 , 190.80 , 51.15 , 9
603 , 86.25 , 178.30 , 51.15 , 9
604 , 87.50 , 167.20 , 51.15 , 9
605 , 88.50 , 159.35 , 51.15 , 9
606 , 90.00 , 153.05 , 51.15 , 9
607 , 90.00 , 142.95 , 51.15 , 9
608 , 90.75 , 143.35 , 51.15 , 9
609 , 91.00 , 138.35 , 51.15 , 9
610 , 91.50 , 136.80 , 51.15 , 9
611 , 92.00 , 133.40 , 51.15 , 9
Denaturing DNA Now
612 , 92.50 , 129.90 , 51.15 , 9
Going to Annealing Temperature
613 , 92.50 , 129.90 , 51.15 , 9
614 , 91.25 , 129.90 , 51.15 , 9
615 , 88.25 , 129.90 , 51.15 , 9
616 , 84.75 , 129.90 , 51.15 , 9
617 , 81.25 , 129.90 , 51.15 , 9
618 , 77.25 , 129.90 , 51.15 , 9
619 , 74.00 , 129.90 , 51.15 , 9
620 , 70.75 , 129.90 , 51.15 , 9
621 , 68.00 , 129.90 , 51.15 , 9
622 , 65.75 , 129.90 , 51.15 , 9
623 , 63.50 , 129.90 , 51.15 , 9
624 , 61.25 , 129.90 , 51.15 , 9
625 , 59.75 , 129.90 , 51.15 , 9
626 , 57.75 , 129.90 , 51.15 , 9
627 , 55.75 , 129.90 , 51.15 , 9
628 , 54.25 , 129.90 , 51.15 , 9
629 , 52.50 , 129.90 , 51.15 , 9
630 , 50.50 , 129.90 , 51.15 , 9
631 , 49.75 , 129.90 , 51.15 , 9
Annealing DNA Now
632 , 48.75 , 129.90 , 87.75 , 9
633 , 48.00 , 129.90 , 94.60 , 9
634 , 48.50 , 129.90 , 99.85 , 9
635 , 49.50 , 129.90 , 96.25 , 9
636 , 50.75 , 129.90 , 88.95 , 9
637 , 51.75 , 129.90 , 79.65 , 9
638 , 52.50 , 129.90 , 71.90 , 9
639 , 53.75 , 129.90 , 65.75 , 9
640 , 54.00 , 129.90 , 55.85 , 9
641 , 54.25 , 129.90 , 52.90 , 9
Going to Extension Temperature
642 , 54.25 , 200.00 , 52.90 , 9
643 , 56.00 , 200.00 , 52.90 , 9
644 , 57.00 , 194.40 , 52.90 , 9
645 , 59.75 , 189.80 , 52.90 , 9
646 , 62.25 , 172.40 , 52.90 , 9
647 , 64.25 , 156.25 , 52.90 , 9
648 , 66.00 , 143.20 , 52.90 , 9
649 , 68.25 , 131.55 , 52.90 , 9
Extending DNA Now
650 , 69.50 , 115.95 , 52.90 , 9
651 , 70.50 , 107.10 , 52.90 , 9
652 , 71.25 , 99.80 , 52.90 , 9
653 , 71.50 , 94.10 , 52.90 , 9
654 , 72.00 , 91.85 , 52.90 , 9
655 , 72.25 , 87.75 , 52.90 , 9
656 , 72.50 , 85.35 , 52.90 , 9
657 , 72.75 , 82.90 , 52.90 , 9
658 , 72.50 , 80.40 , 52.90 , 9
659 , 72.50 , 81.45 , 52.90 , 9
660 , 72.50 , 80.75 , 52.90 , 9
661 , 72.50 , 80.05 , 52.90 , 9
662 , 72.00 , 79.35 , 52.90 , 9
663 , 72.00 , 82.25 , 52.90 , 9
664 , 72.25 , 81.65 , 52.90 , 9
665 , 72.00 , 79.25 , 52.90 , 9
666 , 72.00 , 80.40 , 52.90 , 9
667 , 72.25 , 79.80 , 52.90 , 9
668 , 71.75 , 77.40 , 52.90 , 9
669 , 72.00 , 80.35 , 52.90 , 9
670 , 72.00 , 80.35 , 52.90 , 9
Going to Denaturing Temperature
671 , 71.75 , 200.00 , 52.90 , 10
672 , 72.75 , 200.00 , 52.90 , 10
673 , 74.25 , 200.00 , 52.90 , 10
674 , 75.75 , 200.00 , 52.90 , 10
675 , 78.25 , 200.00 , 52.90 , 10
676 , 80.50 , 200.00 , 52.90 , 10
677 , 82.25 , 200.00 , 52.90 , 10
678 , 84.00 , 193.55 , 52.90 , 10
679 , 85.50 , 182.90 , 52.90 , 10
680 , 87.25 , 173.70 , 52.90 , 10
681 , 88.00 , 162.40 , 52.90 , 10
682 , 88.75 , 157.95 , 52.90 , 10
683 , 90.25 , 153.35 , 52.90 , 10
684 , 90.50 , 143.20 , 52.90 , 10
685 , 91.25 , 141.75 , 52.90 , 10
686 , 91.75 , 136.65 , 52.90 , 10
687 , 92.00 , 133.20 , 52.90 , 10
Denaturing DNA Now
688 , 92.25 , 131.45 , 52.90 , 10
Going to Annealing Temperature
689 , 91.75 , 131.45 , 52.90 , 10
690 , 90.75 , 131.45 , 52.90 , 10
691 , 88.00 , 131.45 , 52.90 , 10
692 , 84.00 , 131.45 , 52.90 , 10
693 , 80.00 , 131.45 , 52.90 , 10
694 , 77.25 , 131.45 , 52.90 , 10
695 , 73.75 , 131.45 , 52.90 , 10
696 , 70.25 , 131.45 , 52.90 , 10
697 , 67.75 , 131.45 , 52.90 , 10
698 , 65.75 , 131.45 , 52.90 , 10
699 , 63.25 , 131.45 , 52.90 , 10
700 , 61.00 , 131.45 , 52.90 , 10
701 , 58.75 , 131.45 , 52.90 , 10
702 , 57.00 , 131.45 , 52.90 , 10
703 , 55.75 , 131.45 , 52.90 , 10
704 , 54.25 , 131.45 , 52.90 , 10
705 , 52.00 , 131.45 , 52.90 , 10
706 , 51.00 , 131.45 , 52.90 , 10
707 , 49.75 , 131.45 , 52.90 , 10
Annealing DNA Now
708 , 48.00 , 131.45 , 87.75 , 10
709 , 48.00 , 131.45 , 100.00 , 10
710 , 48.25 , 131.45 , 100.00 , 10
711 , 49.50 , 131.45 , 98.20 , 10
712 , 50.75 , 131.45 , 89.15 , 10
713 , 52.00 , 131.45 , 79.85 , 10
714 , 52.50 , 131.45 , 70.30 , 10
715 , 53.50 , 131.45 , 65.90 , 10
716 , 53.75 , 131.45 , 57.80 , 10
717 , 54.25 , 131.45 , 54.90 , 10
Going to Extension Temperature
718 , 54.50 , 200.00 , 54.90 , 10
719 , 55.50 , 200.00 , 54.90 , 10
720 , 57.25 , 198.20 , 54.90 , 10
721 , 59.50 , 188.30 , 54.90 , 10
722 , 62.00 , 174.45 , 54.90 , 10
723 , 64.50 , 158.35 , 54.90 , 10
724 , 66.25 , 141.75 , 54.90 , 10
725 , 68.25 , 130.05 , 54.90 , 10
Extending DNA Now
726 , 69.50 , 116.20 , 54.90 , 10
727 , 70.25 , 107.35 , 54.90 , 10
728 , 71.00 , 101.85 , 54.90 , 10
729 , 71.25 , 96.20 , 54.90 , 10
730 , 72.00 , 94.00 , 54.90 , 10
731 , 72.00 , 88.15 , 54.90 , 10
732 , 71.75 , 87.55 , 54.90 , 10
733 , 72.00 , 88.75 , 54.90 , 10
734 , 72.50 , 86.40 , 54.90 , 10
735 , 72.25 , 82.20 , 54.90 , 10
736 , 72.50 , 83.30 , 54.90 , 10
737 , 72.50 , 80.85 , 54.90 , 10
738 , 72.25 , 80.15 , 54.90 , 10
739 , 72.25 , 81.25 , 54.90 , 10
740 , 72.25 , 80.60 , 54.90 , 10
741 , 72.25 , 79.95 , 54.90 , 10
742 , 72.00 , 79.30 , 54.90 , 10
743 , 72.25 , 80.45 , 54.90 , 10
744 , 72.00 , 78.05 , 54.90 , 10
745 , 72.25 , 79.20 , 54.90 , 10
746 , 72.00 , 79.20 , 54.90 , 10
Going to Denaturing Temperature
747 , 71.50 , 200.00 , 54.90 , 11
748 , 73.00 , 200.00 , 54.90 , 11
749 , 74.00 , 200.00 , 54.90 , 11
750 , 76.50 , 200.00 , 54.90 , 11
751 , 78.00 , 200.00 , 54.90 , 11
752 , 80.00 , 200.00 , 54.90 , 11
753 , 81.75 , 200.00 , 54.90 , 11
754 , 83.50 , 197.80 , 54.90 , 11
755 , 85.00 , 187.25 , 54.90 , 11
756 , 86.50 , 178.15 , 54.90 , 11
757 , 88.00 , 168.75 , 54.90 , 11
758 , 89.25 , 159.05 , 54.90 , 11
759 , 90.00 , 150.85 , 54.90 , 11
760 , 90.50 , 146.00 , 54.90 , 11
761 , 91.00 , 142.80 , 54.90 , 11
762 , 91.00 , 139.50 , 54.90 , 11
763 , 91.50 , 139.70 , 54.90 , 11
764 , 91.75 , 136.30 , 54.90 , 11
765 , 92.00 , 134.60 , 54.90 , 11
Denaturing DNA Now
766 , 92.50 , 132.85 , 54.90 , 11
Going to Annealing Temperature
767 , 92.75 , 132.85 , 54.90 , 11
768 , 91.25 , 132.85 , 54.90 , 11
769 , 88.00 , 132.85 , 54.90 , 11
770 , 84.75 , 132.85 , 54.90 , 11
771 , 81.00 , 132.85 , 54.90 , 11
772 , 77.50 , 132.85 , 54.90 , 11
773 , 74.00 , 132.85 , 54.90 , 11
774 , 70.50 , 132.85 , 54.90 , 11
775 , 68.00 , 132.85 , 54.90 , 11
776 , 65.50 , 132.85 , 54.90 , 11
777 , 63.25 , 132.85 , 54.90 , 11
778 , 61.25 , 132.85 , 54.90 , 11
779 , 59.50 , 132.85 , 54.90 , 11
780 , 57.25 , 132.85 , 54.90 , 11
781 , 55.75 , 132.85 , 54.90 , 11
782 , 54.25 , 132.85 , 54.90 , 11
783 , 52.25 , 132.85 , 54.90 , 11
784 , 50.75 , 132.85 , 54.90 , 11
785 , 49.75 , 132.85 , 54.90 , 11
Annealing DNA Now
786 , 48.75 , 132.85 , 87.75 , 11
787 , 47.50 , 132.85 , 94.60 , 11
788 , 48.50 , 132.85 , 100.00 , 11
789 , 49.25 , 132.85 , 96.35 , 11
790 , 51.00 , 132.85 , 90.85 , 11
791 , 51.50 , 132.85 , 78.00 , 11
792 , 52.75 , 132.85 , 73.80 , 11
793 , 53.25 , 132.85 , 64.10 , 11
794 , 53.50 , 132.85 , 59.55 , 11
795 , 54.25 , 132.85 , 56.70 , 11
Going to Extension Temperature
796 , 54.00 , 200.00 , 56.70 , 11
797 , 55.75 , 200.00 , 56.70 , 11
798 , 57.25 , 196.55 , 56.70 , 11
799 , 59.50 , 188.40 , 56.70 , 11
800 , 62.00 , 174.55 , 56.70 , 11
801 , 64.25 , 158.45 , 56.70 , 11
802 , 66.25 , 143.65 , 56.70 , 11
803 , 67.75 , 130.20 , 56.70 , 11
Extending DNA Now
804 , 68.75 , 119.95 , 56.70 , 11
805 , 69.75 , 113.00 , 56.70 , 11
806 , 70.50 , 105.85 , 56.70 , 11
807 , 71.25 , 100.30 , 56.70 , 11
808 , 71.25 , 94.60 , 56.70 , 11
809 , 72.00 , 94.15 , 56.70 , 11
810 , 71.50 , 88.30 , 56.70 , 11
811 , 72.00 , 91.30 , 56.70 , 11
812 , 72.00 , 87.20 , 56.70 , 11
813 , 72.00 , 86.60 , 56.70 , 11
814 , 72.25 , 86.00 , 56.70 , 11
815 , 72.25 , 83.60 , 56.70 , 11
816 , 72.25 , 82.95 , 56.70 , 11
817 , 72.25 , 82.30 , 56.70 , 11
818 , 72.25 , 81.65 , 56.70 , 11
819 , 72.50 , 81.00 , 56.70 , 11
820 , 72.25 , 78.55 , 56.70 , 11
821 , 72.50 , 79.65 , 56.70 , 11
822 , 71.50 , 77.20 , 56.70 , 11
823 , 72.00 , 83.70 , 56.70 , 11
824 , 71.75 , 83.70 , 56.70 , 11
Going to Denaturing Temperature
825 , 72.25 , 200.00 , 56.70 , 12
826 , 73.25 , 200.00 , 56.70 , 12
827 , 74.25 , 200.00 , 56.70 , 12
828 , 76.25 , 200.00 , 56.70 , 12
829 , 78.00 , 200.00 , 56.70 , 12
830 , 80.00 , 200.00 , 56.70 , 12
831 , 82.00 , 200.00 , 56.70 , 12
832 , 83.00 , 196.85 , 56.70 , 12
833 , 84.75 , 191.65 , 56.70 , 12
834 , 86.25 , 180.85 , 56.70 , 12
835 , 87.25 , 171.50 , 56.70 , 12
836 , 88.75 , 165.45 , 56.70 , 12
837 , 89.75 , 155.60 , 56.70 , 12
838 , 90.00 , 149.05 , 56.70 , 12
839 , 91.00 , 147.70 , 56.70 , 12
840 , 91.50 , 140.90 , 56.70 , 12
841 , 91.75 , 137.50 , 56.70 , 12
842 , 91.50 , 135.80 , 56.70 , 12
843 , 91.50 , 137.65 , 56.70 , 12
844 , 92.00 , 137.75 , 56.70 , 12
Denaturing DNA Now
845 , 92.00 , 134.25 , 56.70 , 12
Going to Annealing Temperature
846 , 91.75 , 134.25 , 56.70 , 12
847 , 91.25 , 134.25 , 56.70 , 12
848 , 87.75 , 134.25 , 56.70 , 12
849 , 84.50 , 134.25 , 56.70 , 12
850 , 80.50 , 134.25 , 56.70 , 12
851 , 77.50 , 134.25 , 56.70 , 12
852 , 74.00 , 134.25 , 56.70 , 12
853 , 71.00 , 134.25 , 56.70 , 12
854 , 68.50 , 134.25 , 56.70 , 12
855 , 65.50 , 134.25 , 56.70 , 12
856 , 63.75 , 134.25 , 56.70 , 12
857 , 61.25 , 134.25 , 56.70 , 12
858 , 59.25 , 134.25 , 56.70 , 12
859 , 57.00 , 134.25 , 56.70 , 12
860 , 56.00 , 134.25 , 56.70 , 12
862 , 53.75 , 134.25 , 56.70 , 12
863 , 52.75 , 134.25 , 56.70 , 12
864 , 51.50 , 134.25 , 56.70 , 12
865 , 49.50 , 134.25 , 56.70 , 12
Annealing DNA Now
866 , 48.50 , 134.25 , 89.50 , 12
867 , 47.75 , 134.25 , 96.40 , 12
868 , 48.50 , 134.25 , 100.00 , 12
869 , 49.75 , 134.25 , 96.35 , 12
870 , 50.75 , 134.25 , 87.25 , 12
871 , 52.00 , 134.25 , 79.70 , 12
872 , 52.00 , 134.25 , 70.15 , 12
873 , 53.00 , 134.25 , 69.35 , 12
874 , 53.50 , 134.25 , 61.35 , 12
875 , 54.25 , 134.25 , 56.75 , 12
Going to Extension Temperature
876 , 54.25 , 200.00 , 56.75 , 12
877 , 55.50 , 200.00 , 56.75 , 12
878 , 57.25 , 198.35 , 56.75 , 12
879 , 59.50 , 188.45 , 56.75 , 12
880 , 62.00 , 174.60 , 56.75 , 12
881 , 63.75 , 158.50 , 56.75 , 12
882 , 65.75 , 147.30 , 56.75 , 12
883 , 67.25 , 133.95 , 56.75 , 12
884 , 68.75 , 123.80 , 56.75 , 12
Extending DNA Now
885 , 69.75 , 113.35 , 56.75 , 12
886 , 70.50 , 106.20 , 56.75 , 12
887 , 71.25 , 100.65 , 56.75 , 12
888 , 71.50 , 94.95 , 56.75 , 12
889 , 71.50 , 92.70 , 56.75 , 12
890 , 72.00 , 92.20 , 56.75 , 12
891 , 72.00 , 88.10 , 56.75 , 12
892 , 71.75 , 87.50 , 56.75 , 12
893 , 71.25 , 88.70 , 56.75 , 12
894 , 71.50 , 91.75 , 56.75 , 12
895 , 71.75 , 89.50 , 56.75 , 12
896 , 72.00 , 87.20 , 56.75 , 12
897 , 71.75 , 84.85 , 56.75 , 12
898 , 71.75 , 86.05 , 56.75 , 12
899 , 71.25 , 85.50 , 56.75 , 12
900 , 71.50 , 88.55 , 56.75 , 12
901 , 71.50 , 86.30 , 56.75 , 12
902 , 71.75 , 85.80 , 56.75 , 12
903 , 71.25 , 83.50 , 56.75 , 12
904 , 71.75 , 86.55 , 56.75 , 12
905 , 71.25 , 86.55 , 56.75 , 12
Going to Denaturing Temperature
906 , 71.00 , 200.00 , 56.75 , 13
907 , 72.50 , 200.00 , 56.75 , 13
908 , 73.25 , 200.00 , 56.75 , 13
909 , 75.00 , 200.00 , 56.75 , 13
910 , 76.75 , 200.00 , 56.75 , 13
911 , 78.75 , 200.00 , 56.75 , 13
912 , 80.75 , 200.00 , 56.75 , 13
913 , 82.50 , 200.00 , 56.75 , 13
914 , 83.50 , 198.05 , 56.75 , 13
915 , 85.25 , 192.75 , 56.75 , 13
916 , 86.50 , 181.85 , 56.75 , 13
917 , 87.50 , 174.20 , 56.75 , 13
918 , 88.50 , 168.10 , 56.75 , 13
919 , 89.25 , 161.80 , 56.75 , 13
920 , 90.00 , 157.10 , 56.75 , 13
921 , 89.75 , 152.25 , 56.75 , 13
922 , 90.50 , 154.45 , 56.75 , 13
923 , 91.50 , 149.50 , 56.75 , 13
924 , 91.50 , 142.60 , 56.75 , 13
925 , 92.00 , 142.70 , 56.75 , 13
Denaturing DNA Now
926 , 92.25 , 139.20 , 56.75 , 13
Going to Annealing Temperature
927 , 91.75 , 139.20 , 56.75 , 13
928 , 90.50 , 139.20 , 56.75 , 13
929 , 87.50 , 139.20 , 56.75 , 13
930 , 83.50 , 139.20 , 56.75 , 13
931 , 80.00 , 139.20 , 56.75 , 13
932 , 77.25 , 139.20 , 56.75 , 13
933 , 73.75 , 139.20 , 56.75 , 13
934 , 70.75 , 139.20 , 56.75 , 13
935 , 68.00 , 139.20 , 56.75 , 13
936 , 65.50 , 139.20 , 56.75 , 13
937 , 63.25 , 139.20 , 56.75 , 13
938 , 61.25 , 139.20 , 56.75 , 13
939 , 59.00 , 139.20 , 56.75 , 13
940 , 57.50 , 139.20 , 56.75 , 13
941 , 55.00 , 139.20 , 56.75 , 13
942 , 53.50 , 139.20 , 56.75 , 13
943 , 52.25 , 139.20 , 56.75 , 13
944 , 50.75 , 139.20 , 56.75 , 13
945 , 50.00 , 139.20 , 56.75 , 13
Annealing DNA Now
946 , 48.25 , 139.20 , 86.00 , 13
947 , 48.25 , 139.20 , 98.20 , 13
948 , 48.50 , 139.20 , 98.15 , 13
949 , 48.50 , 139.20 , 96.30 , 13
950 , 50.50 , 139.20 , 96.20 , 13
951 , 51.75 , 139.20 , 81.70 , 13
952 , 52.25 , 139.20 , 72.20 , 13
953 , 52.75 , 139.20 , 67.85 , 13
954 , 53.25 , 139.20 , 63.40 , 13
955 , 54.00 , 139.20 , 58.85 , 13
Going to Extension Temperature
956 , 54.00 , 200.00 , 58.85 , 13
957 , 55.75 , 200.00 , 58.85 , 13
958 , 57.00 , 197.00 , 58.85 , 13
959 , 59.00 , 190.65 , 58.85 , 13
960 , 61.50 , 178.65 , 58.85 , 13
961 , 62.75 , 162.65 , 58.85 , 13
962 , 64.50 , 155.15 , 58.85 , 13
963 , 66.00 , 143.80 , 58.85 , 13
964 , 67.75 , 133.90 , 58.85 , 13
Extending DNA Now
965 , 68.75 , 121.90 , 58.85 , 13
966 , 69.25 , 114.95 , 58.85 , 13
967 , 70.00 , 111.40 , 58.85 , 13
968 , 71.00 , 105.95 , 58.85 , 13
969 , 71.25 , 98.55 , 58.85 , 13
970 , 71.50 , 96.35 , 58.85 , 13
971 , 71.75 , 94.10 , 58.85 , 13
972 , 71.25 , 91.80 , 58.85 , 13
973 , 71.25 , 94.85 , 58.85 , 13
974 , 71.25 , 94.40 , 58.85 , 13
975 , 71.25 , 93.95 , 58.85 , 13
976 , 71.75 , 93.50 , 58.85 , 13
977 , 71.50 , 89.45 , 58.85 , 13
978 , 71.50 , 90.70 , 58.85 , 13
979 , 72.00 , 90.20 , 58.85 , 13
980 , 72.00 , 86.10 , 58.85 , 13
981 , 71.75 , 85.50 , 58.85 , 13
982 , 72.00 , 86.70 , 58.85 , 13
983 , 71.75 , 84.35 , 58.85 , 13
984 , 71.50 , 85.55 , 58.85 , 13
985 , 72.00 , 85.55 , 58.85 , 13
Going to Denaturing Temperature
986 , 72.00 , 200.00 , 58.85 , 14
987 , 72.75 , 200.00 , 58.85 , 14
988 , 73.75 , 200.00 , 58.85 , 14
989 , 75.25 , 200.00 , 58.85 , 14
990 , 77.25 , 200.00 , 58.85 , 14
991 , 78.75 , 200.00 , 58.85 , 14
992 , 80.50 , 200.00 , 58.85 , 14
993 , 81.50 , 200.00 , 58.85 , 14
994 , 83.25 , 200.00 , 58.85 , 14
995 , 84.50 , 196.65 , 58.85 , 14
996 , 86.25 , 189.40 , 58.85 , 14
997 , 87.25 , 178.30 , 58.85 , 14
998 , 88.00 , 172.25 , 58.85 , 14
999 , 89.00 , 167.80 , 58.85 , 14
1000 , 89.25 , 161.40 , 58.85 , 14
1001 , 90.25 , 160.20 , 58.85 , 14
1002 , 90.00 , 153.55 , 58.85 , 14
1003 , 91.00 , 155.70 , 58.85 , 14
1004 , 90.75 , 148.90 , 58.85 , 14
1005 , 91.00 , 150.90 , 58.85 , 14
1006 , 91.00 , 149.35 , 58.85 , 14
1007 , 90.75 , 149.55 , 58.85 , 14
1008 , 91.75 , 151.55 , 58.85 , 14
1009 , 91.25 , 144.60 , 58.85 , 14
1010 , 92.25 , 148.25 , 58.85 , 14
Denaturing DNA Now
1011 , 92.25 , 141.20 , 58.85 , 14
Going to Annealing Temperature
1012 , 92.25 , 141.20 , 58.85 , 14
1013 , 90.50 , 141.20 , 58.85 , 14
1014 , 88.00 , 141.20 , 58.85 , 14
1015 , 84.00 , 141.20 , 58.85 , 14
1016 , 80.75 , 141.20 , 58.85 , 14
1017 , 77.00 , 141.20 , 58.85 , 14
1018 , 74.00 , 141.20 , 58.85 , 14
1019 , 71.00 , 141.20 , 58.85 , 14
1020 , 67.75 , 141.20 , 58.85 , 14
1021 , 65.00 , 141.20 , 58.85 , 14
1022 , 63.00 , 141.20 , 58.85 , 14
1023 , 61.25 , 141.20 , 58.85 , 14
1024 , 58.75 , 141.20 , 58.85 , 14
1025 , 57.00 , 141.20 , 58.85 , 14
1026 , 55.50 , 141.20 , 58.85 , 14
1027 , 54.25 , 141.20 , 58.85 , 14
1028 , 53.00 , 141.20 , 58.85 , 14
1029 , 50.75 , 141.20 , 58.85 , 14
1030 , 50.00 , 141.20 , 58.85 , 14
Annealing DNA Now
1031 , 48.50 , 141.20 , 86.00 , 14
1032 , 47.75 , 141.20 , 96.40 , 14
1033 , 48.50 , 141.20 , 100.00 , 14
1034 , 49.25 , 141.20 , 96.35 , 14
1035 , 49.75 , 141.20 , 90.85 , 14
1036 , 51.25 , 141.20 , 87.00 , 14
1037 , 51.75 , 141.20 , 75.85 , 14
1038 , 53.00 , 141.20 , 71.60 , 14
1039 , 53.00 , 141.20 , 61.85 , 14
1040 , 53.75 , 141.20 , 60.85 , 14
Going to Extension Temperature
1041 , 54.50 , 200.00 , 60.85 , 14
1042 , 55.50 , 200.00 , 60.85 , 14
1043 , 57.00 , 199.00 , 60.85 , 14
1044 , 59.25 , 190.90 , 60.85 , 14
1045 , 61.00 , 177.10 , 60.85 , 14
1046 , 63.50 , 166.45 , 60.85 , 14
1047 , 65.25 , 150.05 , 60.85 , 14
1048 , 66.75 , 138.55 , 60.85 , 14
1049 , 67.75 , 128.50 , 60.85 , 14
Extending DNA Now
1050 , 69.25 , 121.75 , 60.85 , 14
1051 , 69.75 , 111.20 , 60.85 , 14
1052 , 70.00 , 107.55 , 60.85 , 14
1053 , 71.25 , 105.60 , 60.85 , 14
1054 , 71.75 , 96.40 , 60.85 , 14
1055 , 71.50 , 92.35 , 60.85 , 14
1056 , 72.25 , 93.60 , 60.85 , 14
1057 , 72.25 , 87.70 , 60.85 , 14
1058 , 72.50 , 87.05 , 60.85 , 14
1059 , 72.00 , 84.60 , 60.85 , 14
1060 , 72.25 , 87.50 , 60.85 , 14
1061 , 72.50 , 85.10 , 60.85 , 14
1062 , 72.00 , 82.65 , 60.85 , 14
1063 , 71.75 , 85.55 , 60.85 , 14
1064 , 71.75 , 86.75 , 60.85 , 14
1065 , 71.75 , 86.20 , 60.85 , 14
1066 , 71.75 , 85.65 , 60.85 , 14
1067 , 71.75 , 85.10 , 60.85 , 14
1068 , 71.25 , 84.55 , 60.85 , 14
1069 , 71.25 , 87.60 , 60.85 , 14
1070 , 71.75 , 87.60 , 60.85 , 14
Going to Denaturing Temperature
1071 , 71.25 , 200.00 , 60.85 , 15
1072 , 72.00 , 200.00 , 60.85 , 15
1073 , 73.00 , 200.00 , 60.85 , 15
1074 , 74.75 , 200.00 , 60.85 , 15
1075 , 76.75 , 200.00 , 60.85 , 15
1076 , 78.50 , 200.00 , 60.85 , 15
1077 , 79.75 , 200.00 , 60.85 , 15
1078 , 81.50 , 200.00 , 60.85 , 15
1079 , 82.50 , 200.00 , 60.85 , 15
1080 , 83.75 , 200.00 , 60.85 , 15
1081 , 85.50 , 194.40 , 60.85 , 15
1082 , 86.25 , 183.45 , 60.85 , 15
1083 , 87.25 , 179.35 , 60.85 , 15
1084 , 88.50 , 173.30 , 60.85 , 15
1085 , 88.25 , 165.25 , 60.85 , 15
1086 , 89.50 , 167.75 , 60.85 , 15
1087 , 90.50 , 159.50 , 60.85 , 15
1088 , 90.50 , 152.80 , 60.85 , 15
1089 , 90.75 , 153.10 , 60.85 , 15
1090 , 91.00 , 151.60 , 60.85 , 15
1091 , 91.25 , 150.05 , 60.85 , 15
1092 , 90.75 , 148.45 , 60.85 , 15
1093 , 91.00 , 152.20 , 60.85 , 15
1094 , 91.25 , 150.65 , 60.85 , 15
1095 , 91.25 , 149.05 , 60.85 , 15
1096 , 92.00 , 149.20 , 60.85 , 15
Denaturing DNA Now
1097 , 91.75 , 143.95 , 60.85 , 15
Going to Annealing Temperature
1098 , 91.75 , 143.95 , 60.85 , 15
1099 , 90.50 , 143.95 , 60.85 , 15
1100 , 87.00 , 143.95 , 60.85 , 15
1101 , 84.25 , 143.95 , 60.85 , 15
1102 , 80.25 , 143.95 , 60.85 , 15
1103 , 76.75 , 143.95 , 60.85 , 15
1104 , 73.75 , 143.95 , 60.85 , 15
1105 , 71.00 , 143.95 , 60.85 , 15
1106 , 67.75 , 143.95 , 60.85 , 15
1107 , 65.75 , 143.95 , 60.85 , 15
1108 , 63.25 , 143.95 , 60.85 , 15
1109 , 61.00 , 143.95 , 60.85 , 15
1110 , 59.25 , 143.95 , 60.85 , 15
1111 , 57.00 , 143.95 , 60.85 , 15
1112 , 55.25 , 143.95 , 60.85 , 15
1113 , 53.75 , 143.95 , 60.85 , 15
1114 , 52.25 , 143.95 , 60.85 , 15
1115 , 51.25 , 143.95 , 60.85 , 15
1116 , 50.00 , 143.95 , 60.85 , 15
Annealing DNA Now
1117 , 48.75 , 143.95 , 86.00 , 15
1118 , 47.75 , 143.95 , 94.60 , 15
1119 , 48.25 , 143.95 , 100.00 , 15
1120 , 49.50 , 143.95 , 98.10 , 15
1121 , 50.00 , 143.95 , 89.05 , 15
1122 , 51.50 , 143.95 , 85.15 , 15
1123 , 52.00 , 143.95 , 73.95 , 15
1124 , 52.75 , 143.95 , 69.65 , 15
1125 , 53.75 , 143.95 , 63.45 , 15
1126 , 54.25 , 143.95 , 55.30 , 15
Going to Extension Temperature
1127 , 54.00 , 200.00 , 55.30 , 15
1128 , 56.00 , 200.00 , 55.30 , 15
1129 , 57.25 , 195.10 , 55.30 , 15
1130 , 59.00 , 188.70 , 55.30 , 15
1131 , 61.00 , 178.45 , 55.30 , 15
1132 , 63.00 , 166.05 , 55.30 , 15
1133 , 64.75 , 153.25 , 55.30 , 15
1134 , 66.00 , 141.85 , 55.30 , 15
1135 , 67.50 , 133.70 , 55.30 , 15
Extending DNA Now
1136 , 68.50 , 123.50 , 55.30 , 15
1137 , 69.50 , 116.60 , 55.30 , 15
1138 , 70.00 , 109.50 , 55.30 , 15
1139 , 70.75 , 105.80 , 55.30 , 15
1140 , 71.50 , 100.20 , 55.30 , 15
1141 , 72.00 , 94.45 , 55.30 , 15
1142 , 72.00 , 90.35 , 55.30 , 15
1143 , 72.00 , 89.75 , 55.30 , 15
1144 , 72.00 , 89.15 , 55.30 , 15
1145 , 71.75 , 88.55 , 55.30 , 15
1146 , 72.25 , 89.75 , 55.30 , 15
1147 , 72.25 , 85.60 , 55.30 , 15
1148 , 72.25 , 84.95 , 55.30 , 15
1149 , 72.50 , 84.30 , 55.30 , 15
1150 , 72.25 , 81.85 , 55.30 , 15
1151 , 72.00 , 82.95 , 55.30 , 15
1152 , 72.50 , 84.10 , 55.30 , 15
1153 , 72.25 , 79.90 , 55.30 , 15
1154 , 72.50 , 81.00 , 55.30 , 15
1155 , 72.25 , 78.55 , 55.30 , 15
1156 , 72.50 , 78.55 , 55.30 , 15
Going to Denaturing Temperature
1157 , 72.00 , 200.00 , 55.30 , 16
1158 , 72.75 , 200.00 , 55.30 , 16
1159 , 74.25 , 200.00 , 55.30 , 16
1160 , 76.00 , 200.00 , 55.30 , 16
1161 , 77.75 , 200.00 , 55.30 , 16
1162 , 79.00 , 200.00 , 55.30 , 16
1163 , 80.75 , 200.00 , 55.30 , 16
1164 , 82.25 , 200.00 , 55.30 , 16
1165 , 83.25 , 199.45 , 55.30 , 16
1166 , 85.00 , 194.20 , 55.30 , 16
1167 , 86.25 , 183.35 , 55.30 , 16
1168 , 87.25 , 175.75 , 55.30 , 16
1169 , 88.00 , 169.70 , 55.30 , 16
1170 , 88.50 , 165.25 , 55.30 , 16
1171 , 88.75 , 162.45 , 55.30 , 16
1172 , 89.00 , 161.35 , 55.30 , 16
1173 , 90.00 , 160.20 , 55.30 , 16
1174 , 90.50 , 153.60 , 55.30 , 16
1175 , 90.50 , 150.40 , 55.30 , 16
1176 , 90.50 , 150.70 , 55.30 , 16
1177 , 90.25 , 151.00 , 55.30 , 16
1178 , 90.75 , 153.10 , 55.30 , 16
1179 , 91.00 , 149.85 , 55.30 , 16
1180 , 90.75 , 148.30 , 55.30 , 16
1181 , 91.25 , 150.30 , 55.30 , 16
1182 , 91.50 , 146.95 , 55.30 , 16
1183 , 92.00 , 145.30 , 55.30 , 16
Denaturing DNA Now
1184 , 92.00 , 141.80 , 55.30 , 16
Going to Annealing Temperature
1185 , 91.50 , 141.80 , 55.30 , 16
1186 , 90.50 , 141.80 , 55.30 , 16
1187 , 87.25 , 141.80 , 55.30 , 16
1188 , 84.25 , 141.80 , 55.30 , 16
1189 , 80.50 , 141.80 , 55.30 , 16
1190 , 77.00 , 141.80 , 55.30 , 16
1191 , 74.25 , 141.80 , 55.30 , 16
1192 , 71.00 , 141.80 , 55.30 , 16
1193 , 67.75 , 141.80 , 55.30 , 16
1194 , 65.50 , 141.80 , 55.30 , 16
1195 , 63.25 , 141.80 , 55.30 , 16
1196 , 61.00 , 141.80 , 55.30 , 16
1197 , 59.00 , 141.80 , 55.30 , 16
1198 , 57.50 , 141.80 , 55.30 , 16
1199 , 55.75 , 141.80 , 55.30 , 16
1200 , 54.25 , 141.80 , 55.30 , 16
1201 , 52.75 , 141.80 , 55.30 , 16
1202 , 51.25 , 141.80 , 55.30 , 16
1203 , 50.00 , 141.80 , 55.30 , 16
Annealing DNA Now
1204 , 48.50 , 141.80 , 86.00 , 16
1205 , 48.25 , 141.80 , 96.40 , 16
1206 , 48.50 , 141.80 , 98.10 , 16
1207 , 49.00 , 141.80 , 96.25 , 16
1208 , 50.75 , 141.80 , 92.55 , 16
1209 , 51.75 , 141.80 , 79.75 , 16
1210 , 52.25 , 141.80 , 72.00 , 16
1211 , 52.75 , 141.80 , 67.65 , 16
1212 , 53.00 , 141.80 , 63.20 , 16
1213 , 54.00 , 141.80 , 60.45 , 16
Going to Extension Temperature
1214 , 54.50 , 200.00 , 60.45 , 16
1215 , 55.25 , 200.00 , 60.45 , 16
1216 , 56.25 , 200.00 , 60.45 , 16
1217 , 58.50 , 195.90 , 60.45 , 16
1218 , 60.00 , 182.25 , 60.45 , 16
1219 , 62.25 , 173.55 , 60.45 , 16
1220 , 63.50 , 159.15 , 60.45 , 16
1221 , 65.00 , 151.50 , 60.45 , 16
1222 , 66.50 , 141.80 , 60.45 , 16
1223 , 67.75 , 131.80 , 60.45 , 16
Extending DNA Now
1224 , 68.50 , 123.30 , 60.45 , 16
1225 , 69.50 , 118.15 , 60.45 , 16
1226 , 69.25 , 111.05 , 60.45 , 16
1227 , 70.75 , 112.75 , 60.45 , 16
1228 , 70.75 , 101.90 , 60.45 , 16
1229 , 70.75 , 101.55 , 60.45 , 16
1230 , 71.25 , 101.20 , 60.45 , 16
1231 , 71.50 , 97.25 , 60.45 , 16
1232 , 71.50 , 95.00 , 60.45 , 16
1233 , 71.50 , 94.50 , 60.45 , 16
1234 , 71.75 , 94.00 , 60.45 , 16
1235 , 71.00 , 91.70 , 60.45 , 16
1236 , 71.50 , 96.55 , 60.45 , 16
1237 , 71.00 , 92.55 , 60.45 , 16
1238 , 71.75 , 95.65 , 60.45 , 16
1239 , 71.25 , 89.85 , 60.45 , 16
1240 , 71.50 , 92.90 , 60.45 , 16
1241 , 71.25 , 90.65 , 60.45 , 16
1242 , 71.00 , 91.95 , 60.45 , 16
1243 , 71.25 , 93.30 , 60.45 , 16
1244 , 71.25 , 93.30 , 60.45 , 16
Going to Denaturing Temperature
1245 , 71.25 , 200.00 , 60.45 , 17
1246 , 72.00 , 200.00 , 60.45 , 17
1247 , 73.50 , 200.00 , 60.45 , 17
1248 , 74.50 , 200.00 , 60.45 , 17
1249 , 76.25 , 200.00 , 60.45 , 17
1250 , 78.00 , 200.00 , 60.45 , 17
1251 , 79.00 , 200.00 , 60.45 , 17
1252 , 80.50 , 200.00 , 60.45 , 17
1253 , 81.25 , 200.00 , 60.45 , 17
1254 , 82.25 , 200.00 , 60.45 , 17
1255 , 84.00 , 200.00 , 60.45 , 17
1256 , 84.75 , 199.35 , 60.45 , 17
1257 , 86.00 , 195.55 , 60.45 , 17
1258 , 86.25 , 188.00 , 60.45 , 17
1259 , 87.00 , 187.40 , 60.45 , 17
1260 , 88.50 , 183.15 , 60.45 , 17
1261 , 89.00 , 173.35 , 60.45 , 17
1262 , 89.25 , 170.45 , 60.45 , 17
1263 , 89.75 , 169.25 , 60.45 , 17
1264 , 89.75 , 166.20 , 60.45 , 17
1265 , 90.00 , 166.65 , 60.45 , 17
1266 , 90.75 , 165.30 , 60.45 , 17
1267 , 90.75 , 160.30 , 60.45 , 17
1268 , 90.75 , 160.55 , 60.45 , 17
1269 , 91.00 , 160.80 , 60.45 , 17
1270 , 91.25 , 159.25 , 60.45 , 17
1271 , 91.75 , 157.65 , 60.45 , 17
1272 , 91.75 , 154.20 , 60.45 , 17
1273 , 91.75 , 154.25 , 60.45 , 17
1274 , 92.00 , 154.30 , 60.45 , 17
Denaturing DNA Now
1275 , 92.25 , 152.55 , 60.45 , 17
Going to Annealing Temperature
1276 , 91.50 , 152.55 , 60.45 , 17
1277 , 90.25 , 152.55 , 60.45 , 17
1278 , 87.50 , 152.55 , 60.45 , 17
1279 , 84.00 , 152.55 , 60.45 , 17
1280 , 80.50 , 152.55 , 60.45 , 17
1281 , 77.00 , 152.55 , 60.45 , 17
1282 , 74.00 , 152.55 , 60.45 , 17
1283 , 71.25 , 152.55 , 60.45 , 17
1284 , 68.00 , 152.55 , 60.45 , 17
1285 , 66.00 , 152.55 , 60.45 , 17
1286 , 63.00 , 152.55 , 60.45 , 17
1287 , 61.50 , 152.55 , 60.45 , 17
1288 , 59.25 , 152.55 , 60.45 , 17
1289 , 57.00 , 152.55 , 60.45 , 17
1290 , 55.50 , 152.55 , 60.45 , 17
1291 , 53.75 , 152.55 , 60.45 , 17
1292 , 52.75 , 152.55 , 60.45 , 17
1293 , 51.50 , 152.55 , 60.45 , 17
1294 , 50.00 , 152.55 , 60.45 , 17
Annealing DNA Now
1295 , 49.25 , 152.55 , 86.00 , 17
1296 , 48.00 , 152.55 , 91.00 , 17
1297 , 48.50 , 152.55 , 99.75 , 17
1298 , 49.25 , 152.55 , 96.15 , 17
1299 , 50.00 , 152.55 , 90.65 , 17
1301 , 51.00 , 152.55 , 85.00 , 17
1302 , 52.25 , 152.55 , 77.40 , 17
1303 , 52.75 , 152.55 , 67.80 , 17
1304 , 53.25 , 152.55 , 63.35 , 17
Going to Extension Temperature
1305 , 53.50 , 200.00 , 63.35 , 17
1306 , 54.25 , 200.00 , 63.35 , 17
1307 , 56.25 , 200.00 , 63.35 , 17
1308 , 58.00 , 197.60 , 63.35 , 17
1309 , 60.00 , 187.55 , 63.35 , 17
1310 , 61.50 , 175.35 , 63.35 , 17
1311 , 63.00 , 166.35 , 63.35 , 17
1312 , 64.50 , 157.05 , 63.35 , 17
1313 , 65.50 , 147.45 , 63.35 , 17
1314 , 67.25 , 141.15 , 63.35 , 17
1315 , 67.25 , 129.25 , 63.35 , 17
1316 , 68.75 , 129.60 , 63.35 , 17
Extending DNA Now
1317 , 69.00 , 119.15 , 63.35 , 17
1318 , 69.50 , 117.40 , 63.35 , 17
1319 , 69.75 , 113.80 , 63.35 , 17
1320 , 70.50 , 111.90 , 63.35 , 17
1321 , 70.00 , 106.35 , 63.35 , 17
1322 , 70.50 , 109.65 , 63.35 , 17
1323 , 71.00 , 105.85 , 63.35 , 17
1324 , 70.75 , 101.95 , 63.35 , 17
1325 , 71.00 , 103.35 , 63.35 , 17
1326 , 71.25 , 101.20 , 63.35 , 17
1327 , 70.75 , 99.00 , 63.35 , 17
1328 , 71.50 , 102.15 , 63.35 , 17
1329 , 71.25 , 96.40 , 63.35 , 17
1330 , 71.25 , 97.70 , 63.35 , 17
1331 , 71.00 , 97.25 , 63.35 , 17
1332 , 71.25 , 98.60 , 63.35 , 17
1333 , 71.25 , 96.40 , 63.35 , 17
1334 , 71.75 , 95.95 , 63.35 , 17
1335 , 71.75 , 91.90 , 63.35 , 17
1336 , 71.25 , 91.35 , 63.35 , 17
1337 , 71.00 , 91.35 , 63.35 , 17
Going to Denaturing Temperature
1338 , 71.50 , 200.00 , 63.35 , 18
1339 , 72.25 , 200.00 , 63.35 , 18
1340 , 73.00 , 200.00 , 63.35 , 18
1341 , 74.00 , 200.00 , 63.35 , 18
1342 , 75.75 , 200.00 , 63.35 , 18
1343 , 77.00 , 200.00 , 63.35 , 18
1344 , 78.00 , 200.00 , 63.35 , 18
1345 , 79.25 , 200.00 , 63.35 , 18
1346 , 79.75 , 200.00 , 63.35 , 18
1347 , 81.50 , 200.00 , 63.35 , 18
1348 , 82.75 , 200.00 , 63.35 , 18
1349 , 83.25 , 200.00 , 63.35 , 18
1350 , 84.50 , 200.00 , 63.35 , 18
1351 , 85.25 , 200.00 , 63.35 , 18
1352 , 86.00 , 200.00 , 63.35 , 18
1353 , 86.25 , 196.05 , 63.35 , 18
1354 , 87.00 , 195.45 , 63.35 , 18
1355 , 87.75 , 191.20 , 63.35 , 18
1356 , 88.25 , 186.80 , 63.35 , 18
1357 , 88.75 , 184.05 , 63.35 , 18
1358 , 89.50 , 181.20 , 63.35 , 18
1359 , 90.50 , 176.45 , 63.35 , 18
1360 , 90.00 , 169.75 , 63.35 , 18
1361 , 90.75 , 173.65 , 63.35 , 18
1362 , 91.25 , 168.65 , 63.35 , 18
1363 , 91.00 , 165.30 , 63.35 , 18
1364 , 91.00 , 167.25 , 63.35 , 18
1365 , 92.00 , 167.45 , 63.35 , 18
Denaturing DNA Now
1366 , 91.75 , 160.45 , 63.35 , 18
Going to Annealing Temperature
1367 , 92.00 , 160.45 , 63.35 , 18
1368 , 90.25 , 160.45 , 63.35 , 18
1369 , 87.50 , 160.45 , 63.35 , 18
1370 , 84.00 , 160.45 , 63.35 , 18
1371 , 80.50 , 160.45 , 63.35 , 18
1372 , 76.75 , 160.45 , 63.35 , 18
1373 , 73.50 , 160.45 , 63.35 , 18
1374 , 70.75 , 160.45 , 63.35 , 18
1375 , 67.75 , 160.45 , 63.35 , 18
1376 , 65.00 , 160.45 , 63.35 , 18
1377 , 63.25 , 160.45 , 63.35 , 18
1378 , 60.50 , 160.45 , 63.35 , 18
1379 , 58.75 , 160.45 , 63.35 , 18
1380 , 57.50 , 160.45 , 63.35 , 18
1381 , 55.50 , 160.45 , 63.35 , 18
1382 , 54.00 , 160.45 , 63.35 , 18
1383 , 52.50 , 160.45 , 63.35 , 18
1384 , 51.00 , 160.45 , 63.35 , 18
1385 , 49.75 , 160.45 , 63.35 , 18
Annealing DNA Now
1386 , 48.25 , 160.45 , 87.75 , 18
1387 , 48.00 , 160.45 , 98.20 , 18
1388 , 48.50 , 160.45 , 99.95 , 18
1389 , 49.50 , 160.45 , 96.35 , 18
1390 , 50.25 , 160.45 , 89.05 , 18
1391 , 51.25 , 160.45 , 83.35 , 18
1392 , 51.75 , 160.45 , 75.70 , 18
1393 , 52.25 , 160.45 , 71.45 , 18
1394 , 52.75 , 160.45 , 67.10 , 18
1395 , 53.00 , 160.45 , 62.65 , 18
Going to Extension Temperature
1396 , 52.75 , 200.00 , 62.65 , 18
1397 , 54.75 , 200.00 , 62.65 , 18
1398 , 55.75 , 200.00 , 62.65 , 18
1399 , 57.00 , 200.00 , 62.65 , 18
1400 , 58.50 , 194.25 , 62.65 , 18
1401 , 60.75 , 185.85 , 62.65 , 18
1402 , 62.00 , 171.75 , 62.65 , 18
1403 , 63.50 , 164.40 , 62.65 , 18
1404 , 65.50 , 155.00 , 62.65 , 18
1405 , 66.25 , 141.70 , 62.65 , 18
1406 , 66.75 , 137.00 , 62.65 , 18
1407 , 67.75 , 133.95 , 62.65 , 18
Extending DNA Now
1408 , 68.50 , 127.20 , 62.65 , 18
1409 , 68.50 , 122.05 , 62.65 , 18
1410 , 69.75 , 122.15 , 62.65 , 18
1411 , 69.75 , 113.25 , 62.65 , 18
1412 , 70.25 , 113.10 , 62.65 , 18
1413 , 70.25 , 109.35 , 62.65 , 18
1414 , 70.75 , 109.10 , 62.65 , 18
1415 , 70.75 , 105.25 , 62.65 , 18
1416 , 70.75 , 104.90 , 62.65 , 18
1417 , 71.00 , 104.55 , 62.65 , 18
1418 , 71.50 , 102.40 , 62.65 , 18
1419 , 71.25 , 98.40 , 62.65 , 18
1420 , 71.25 , 99.70 , 62.65 , 18
1421 , 71.25 , 99.25 , 62.65 , 18
1422 , 70.75 , 98.80 , 62.65 , 18
1423 , 71.25 , 101.95 , 62.65 , 18
1424 , 71.00 , 98.00 , 62.65 , 18
1425 , 71.25 , 99.35 , 62.65 , 18
1426 , 71.25 , 97.15 , 62.65 , 18
1427 , 71.50 , 96.70 , 62.65 , 18
1428 , 71.00 , 96.70 , 62.65 , 18
Going to Denaturing Temperature
1429 , 71.25 , 200.00 , 62.65 , 19
1430 , 71.50 , 200.00 , 62.65 , 19
1431 , 73.00 , 200.00 , 62.65 , 19
1432 , 73.75 , 200.00 , 62.65 , 19
1433 , 75.00 , 200.00 , 62.65 , 19
1434 , 76.50 , 200.00 , 62.65 , 19
1435 , 77.75 , 200.00 , 62.65 , 19
1436 , 78.75 , 200.00 , 62.65 , 19
1437 , 80.00 , 200.00 , 62.65 , 19
1438 , 79.75 , 200.00 , 62.65 , 19
1439 , 81.25 , 200.00 , 62.65 , 19
1440 , 83.00 , 200.00 , 62.65 , 19
1441 , 83.75 , 200.00 , 62.65 , 19
1442 , 83.75 , 200.00 , 62.65 , 19
1443 , 85.00 , 200.00 , 62.65 , 19
1444 , 86.00 , 200.00 , 62.65 , 19
1445 , 86.00 , 200.00 , 62.65 , 19
1446 , 87.00 , 200.00 , 62.65 , 19
1447 , 87.75 , 196.25 , 62.65 , 19
1448 , 89.00 , 191.85 , 62.65 , 19
1449 , 89.25 , 183.70 , 62.65 , 19
1450 , 89.75 , 182.50 , 62.65 , 19
1451 , 90.00 , 179.45 , 62.65 , 19
1452 , 90.50 , 178.10 , 62.65 , 19
1453 , 91.00 , 174.90 , 62.65 , 19
1454 , 91.00 , 171.60 , 62.65 , 19
1455 , 91.50 , 171.80 , 62.65 , 19
1456 , 91.50 , 168.40 , 62.65 , 19
1457 , 91.75 , 168.50 , 62.65 , 19
1458 , 91.50 , 166.80 , 62.65 , 19
1459 , 91.50 , 168.65 , 62.65 , 19
1460 , 92.25 , 168.75 , 62.65 , 19
Denaturing DNA Now
1461 , 92.25 , 163.45 , 62.65 , 19
Going to Annealing Temperature
1462 , 92.25 , 163.45 , 62.65 , 19
1463 , 90.50 , 163.45 , 62.65 , 19
1464 , 88.00 , 163.45 , 62.65 , 19
1465 , 84.25 , 163.45 , 62.65 , 19
1466 , 80.25 , 163.45 , 62.65 , 19
1467 , 77.50 , 163.45 , 62.65 , 19
1468 , 73.75 , 163.45 , 62.65 , 19
1469 , 71.00 , 163.45 , 62.65 , 19
1470 , 68.00 , 163.45 , 62.65 , 19
1471 , 65.75 , 163.45 , 62.65 , 19
1472 , 63.75 , 163.45 , 62.65 , 19
1473 , 61.00 , 163.45 , 62.65 , 19
1474 , 59.50 , 163.45 , 62.65 , 19
1475 , 57.50 , 163.45 , 62.65 , 19
1476 , 55.00 , 163.45 , 62.65 , 19
1477 , 54.25 , 163.45 , 62.65 , 19
1478 , 53.00 , 163.45 , 62.65 , 19
1479 , 51.25 , 163.45 , 62.65 , 19
1480 , 50.25 , 163.45 , 62.65 , 19
1481 , 48.75 , 163.45 , 62.65 , 19
Annealing DNA Now
1482 , 47.75 , 163.45 , 94.75 , 19
1483 , 46.75 , 163.45 , 100.00 , 19
1484 , 47.75 , 163.45 , 100.00 , 19
1485 , 48.75 , 163.45 , 100.00 , 19
1486 , 49.25 , 163.45 , 94.60 , 19
1487 , 50.25 , 163.45 , 90.85 , 19
1488 , 51.25 , 163.45 , 83.40 , 19
1489 , 51.75 , 163.45 , 75.75 , 19
1490 , 52.25 , 163.45 , 71.50 , 19
1491 , 52.75 , 163.45 , 67.15 , 19
Going to Extension Temperature
1492 , 52.50 , 200.00 , 67.15 , 19
1493 , 54.00 , 200.00 , 67.15 , 19
1494 , 55.25 , 200.00 , 67.15 , 19
1495 , 56.50 , 200.00 , 67.15 , 19
1496 , 58.75 , 199.20 , 67.15 , 19
1497 , 59.75 , 185.50 , 67.15 , 19
1498 , 61.75 , 180.35 , 67.15 , 19
1499 , 63.25 , 167.80 , 67.15 , 19
1500 , 64.00 , 158.45 , 67.15 , 19
1501 , 65.75 , 154.20 , 67.15 , 19
1502 , 66.25 , 142.60 , 67.15 , 19
1503 , 66.75 , 139.65 , 67.15 , 19
1504 , 68.00 , 136.60 , 67.15 , 19
Extending DNA Now
1505 , 68.25 , 128.05 , 67.15 , 19
1506 , 69.00 , 126.45 , 67.15 , 19
1507 , 69.25 , 121.20 , 67.15 , 19
1508 , 69.50 , 119.40 , 67.15 , 19
1509 , 69.75 , 117.55 , 67.15 , 19
1510 , 69.75 , 115.65 , 67.15 , 19
1511 , 70.50 , 115.50 , 67.15 , 19
1512 , 70.75 , 109.95 , 67.15 , 19
1513 , 70.50 , 107.85 , 67.15 , 19
1514 , 70.50 , 109.30 , 67.15 , 19
1515 , 70.50 , 109.00 , 67.15 , 19
1516 , 70.75 , 108.70 , 67.15 , 19
1517 , 71.00 , 106.60 , 67.15 , 19
1518 , 71.00 , 104.45 , 67.15 , 19
1519 , 71.00 , 104.05 , 67.15 , 19
1520 , 71.25 , 103.65 , 67.15 , 19
1521 , 70.75 , 101.45 , 67.15 , 19
1522 , 71.00 , 104.60 , 67.15 , 19
1523 , 70.50 , 102.45 , 67.15 , 19
1524 , 71.00 , 105.65 , 67.15 , 19
1525 , 71.25 , 105.65 , 67.15 , 19
Going to Denaturing Temperature
1526 , 71.00 , 200.00 , 67.15 , 20
1527 , 71.50 , 200.00 , 67.15 , 20
1528 , 72.25 , 200.00 , 67.15 , 20
1529 , 73.75 , 200.00 , 67.15 , 20
1530 , 74.50 , 200.00 , 67.15 , 20
1531 , 75.75 , 200.00 , 67.15 , 20
1532 , 77.25 , 200.00 , 67.15 , 20
1533 , 78.25 , 200.00 , 67.15 , 20
1534 , 79.00 , 200.00 , 67.15 , 20
1535 , 79.50 , 200.00 , 67.15 , 20
1536 , 81.00 , 200.00 , 67.15 , 20
1537 , 82.00 , 200.00 , 67.15 , 20
1538 , 82.25 , 200.00 , 67.15 , 20
1539 , 83.50 , 200.00 , 67.15 , 20
1540 , 84.50 , 200.00 , 67.15 , 20
1541 , 85.00 , 200.00 , 67.15 , 20
1542 , 85.75 , 200.00 , 67.15 , 20
1543 , 86.50 , 200.00 , 67.15 , 20
1544 , 87.00 , 200.00 , 67.15 , 20
1545 , 87.00 , 200.00 , 67.15 , 20
1546 , 88.25 , 200.00 , 67.15 , 20
1547 , 88.25 , 195.85 , 67.15 , 20
1548 , 89.00 , 196.60 , 67.15 , 20
1549 , 89.25 , 191.95 , 67.15 , 20
1550 , 89.75 , 190.75 , 67.15 , 20
1551 , 90.50 , 187.70 , 67.15 , 20
1552 , 90.50 , 182.75 , 67.15 , 20
1553 , 91.00 , 183.05 , 67.15 , 20
1554 , 91.00 , 179.75 , 67.15 , 20
1555 , 91.75 , 179.95 , 67.15 , 20
1556 , 91.50 , 174.75 , 67.15 , 20
1557 , 92.00 , 176.60 , 67.15 , 20
Denaturing DNA Now
1558 , 92.25 , 173.10 , 67.15 , 20
Going to Annealing Temperature
1559 , 92.50 , 173.10 , 67.15 , 20
1560 , 91.00 , 173.10 , 67.15 , 20
1561 , 88.25 , 173.10 , 67.15 , 20
1562 , 84.25 , 173.10 , 67.15 , 20
1563 , 81.00 , 173.10 , 67.15 , 20
1564 , 77.25 , 173.10 , 67.15 , 20
1565 , 74.50 , 173.10 , 67.15 , 20
1566 , 71.50 , 173.10 , 67.15 , 20
1567 , 68.75 , 173.10 , 67.15 , 20
1568 , 65.75 , 173.10 , 67.15 , 20
1569 , 64.00 , 173.10 , 67.15 , 20
1570 , 62.00 , 173.10 , 67.15 , 20
1571 , 59.75 , 173.10 , 67.15 , 20
1572 , 57.75 , 173.10 , 67.15 , 20
1573 , 56.25 , 173.10 , 67.15 , 20
1574 , 54.25 , 173.10 , 67.15 , 20
1575 , 53.00 , 173.10 , 67.15 , 20
1576 , 51.50 , 173.10 , 67.15 , 20
1577 , 49.75 , 173.10 , 67.15 , 20
Annealing DNA Now
1578 , 48.75 , 173.10 , 87.75 , 20
1579 , 48.25 , 173.10 , 94.60 , 20
1580 , 49.00 , 173.10 , 98.05 , 20
1581 , 49.75 , 173.10 , 92.60 , 20
1582 , 50.50 , 173.10 , 87.00 , 20
1583 , 51.25 , 173.10 , 81.25 , 20
1584 , 52.00 , 173.10 , 75.35 , 20
1585 , 52.25 , 173.10 , 69.30 , 20
1586 , 52.75 , 173.10 , 66.70 , 20
1587 , 53.00 , 173.10 , 62.25 , 20
Going to Extension Temperature
1588 , 53.00 , 200.00 , 62.25 , 20
1589 , 54.00 , 200.00 , 62.25 , 20
1590 , 54.50 , 200.00 , 62.25 , 20
1591 , 56.75 , 200.00 , 62.25 , 20
1592 , 58.50 , 196.00 , 62.25 , 20
1593 , 60.00 , 185.85 , 62.25 , 20
1594 , 61.00 , 177.15 , 62.25 , 20
1595 , 62.75 , 171.75 , 62.25 , 20
1596 , 63.75 , 160.75 , 62.25 , 20
1597 , 65.00 , 154.80 , 62.25 , 20
1598 , 65.75 , 146.85 , 62.25 , 20
1599 , 66.25 , 142.25 , 62.25 , 20
1600 , 67.25 , 139.30 , 62.25 , 20
1601 , 67.25 , 132.65 , 62.25 , 20
1602 , 68.25 , 133.00 , 62.25 , 20
Extending DNA Now
1603 , 68.25 , 126.15 , 62.25 , 20
1604 , 68.75 , 126.30 , 62.25 , 20
1605 , 69.00 , 122.85 , 62.25 , 20
1606 , 69.75 , 121.10 , 62.25 , 20
1607 , 70.00 , 115.70 , 62.25 , 20
1608 , 70.25 , 113.75 , 62.25 , 20
1609 , 70.25 , 111.75 , 62.25 , 20
1610 , 70.25 , 111.50 , 62.25 , 20
1611 , 70.25 , 111.25 , 62.25 , 20
1612 , 70.50 , 111.00 , 62.25 , 20
1613 , 69.75 , 108.95 , 62.25 , 20
1614 , 70.25 , 114.05 , 62.25 , 20
1615 , 70.50 , 110.30 , 62.25 , 20
1616 , 70.50 , 108.25 , 62.25 , 20
1617 , 71.00 , 107.95 , 62.25 , 20
1618 , 70.75 , 104.05 , 62.25 , 20
1619 , 70.75 , 105.45 , 62.25 , 20
1620 , 70.50 , 105.10 , 62.25 , 20
1621 , 70.75 , 106.55 , 62.25 , 20
1622 , 70.75 , 104.45 , 62.25 , 20
1623 , 70.75 , 104.45 , 62.25 , 20
Going to Denaturing Temperature
1624 , 71.00 , 200.00 , 62.25 , 21
1625 , 71.25 , 200.00 , 62.25 , 21
1626 , 72.00 , 200.00 , 62.25 , 21
1627 , 73.25 , 200.00 , 62.25 , 21
1628 , 73.75 , 200.00 , 62.25 , 21
1629 , 75.50 , 200.00 , 62.25 , 21
1630 , 76.50 , 200.00 , 62.25 , 21
1631 , 76.50 , 200.00 , 62.25 , 21
1632 , 78.25 , 200.00 , 62.25 , 21
1633 , 79.00 , 200.00 , 62.25 , 21
1634 , 79.75 , 200.00 , 62.25 , 21
1635 , 80.75 , 200.00 , 62.25 , 21
1636 , 81.50 , 200.00 , 62.25 , 21
1637 , 81.50 , 200.00 , 62.25 , 21
1638 , 82.50 , 200.00 , 62.25 , 21
1639 , 83.25 , 200.00 , 62.25 , 21
1640 , 84.00 , 200.00 , 62.25 , 21
1641 , 84.75 , 200.00 , 62.25 , 21
1642 , 84.75 , 200.00 , 62.25 , 21
1643 , 85.25 , 200.00 , 62.25 , 21
1644 , 86.25 , 200.00 , 62.25 , 21
1645 , 86.75 , 200.00 , 62.25 , 21
1646 , 87.25 , 200.00 , 62.25 , 21
1647 , 87.50 , 200.00 , 62.25 , 21
1648 , 87.75 , 200.00 , 62.25 , 21
1649 , 88.25 , 200.00 , 62.25 , 21
1650 , 88.50 , 200.00 , 62.25 , 21
1651 , 89.00 , 200.00 , 62.25 , 21
1652 , 89.25 , 200.00 , 62.25 , 21
1653 , 89.25 , 200.00 , 62.25 , 21
1654 , 90.00 , 200.00 , 62.25 , 21
1655 , 90.25 , 196.40 , 62.25 , 21
1656 , 90.75 , 195.00 , 62.25 , 21
1657 , 90.75 , 191.75 , 62.25 , 21
1658 , 91.00 , 192.00 , 62.25 , 21
1659 , 91.25 , 190.45 , 62.25 , 21
1660 , 91.50 , 188.85 , 62.25 , 21
1661 , 91.25 , 187.20 , 62.25 , 21
1662 , 92.00 , 189.10 , 62.25 , 21
Denaturing DNA Now
1663 , 91.75 , 183.85 , 62.25 , 21
Going to Annealing Temperature
1664 , 91.75 , 183.85 , 62.25 , 21
1665 , 90.00 , 183.85 , 62.25 , 21
1666 , 87.50 , 183.85 , 62.25 , 21
1667 , 84.00 , 183.85 , 62.25 , 21
1668 , 80.50 , 183.85 , 62.25 , 21
1669 , 77.00 , 183.85 , 62.25 , 21
1670 , 73.75 , 183.85 , 62.25 , 21
1671 , 71.25 , 183.85 , 62.25 , 21
1672 , 68.00 , 183.85 , 62.25 , 21
1673 , 65.50 , 183.85 , 62.25 , 21
1674 , 63.50 , 183.85 , 62.25 , 21
1675 , 61.00 , 183.85 , 62.25 , 21
1676 , 59.50 , 183.85 , 62.25 , 21
1677 , 57.25 , 183.85 , 62.25 , 21
1678 , 55.50 , 183.85 , 62.25 , 21
1679 , 53.75 , 183.85 , 62.25 , 21
1680 , 52.75 , 183.85 , 62.25 , 21
1681 , 51.00 , 183.85 , 62.25 , 21
1682 , 50.00 , 183.85 , 62.25 , 21
Annealing DNA Now
1683 , 48.75 , 183.85 , 86.00 , 21
1684 , 48.50 , 183.85 , 94.60 , 21
1685 , 48.50 , 183.85 , 96.25 , 21
1686 , 49.25 , 183.85 , 96.15 , 21
1687 , 49.75 , 183.85 , 90.65 , 21
1688 , 51.00 , 183.85 , 86.80 , 21
1689 , 51.00 , 183.85 , 77.45 , 21
1690 , 51.75 , 183.85 , 76.85 , 21
1691 , 52.50 , 183.85 , 70.85 , 21
1692 , 52.75 , 183.85 , 64.70 , 21
Going to Extension Temperature
1693 , 53.00 , 200.00 , 64.70 , 21
1694 , 54.25 , 200.00 , 64.70 , 21
1695 , 54.75 , 200.00 , 64.70 , 21
1696 , 56.75 , 200.00 , 64.70 , 21
1697 , 58.00 , 196.65 , 64.70 , 21
1698 , 59.25 , 190.10 , 64.70 , 21
1699 , 61.00 , 183.30 , 64.70 , 21
1700 , 62.25 , 172.65 , 64.70 , 21
1701 , 63.00 , 165.25 , 64.70 , 21
1702 , 64.00 , 161.20 , 64.70 , 21
1703 , 65.50 , 155.20 , 64.70 , 21
1704 , 65.50 , 145.40 , 64.70 , 21
1705 , 66.75 , 146.10 , 64.70 , 21
1706 , 66.00 , 137.80 , 64.70 , 21
1707 , 67.50 , 143.65 , 64.70 , 21
Extending DNA Now
1708 , 68.00 , 133.45 , 64.70 , 21
1709 , 68.50 , 130.15 , 64.70 , 21
1710 , 68.50 , 126.75 , 64.70 , 21
1711 , 68.50 , 126.85 , 64.70 , 21
1712 , 69.50 , 126.95 , 64.70 , 21
1713 , 69.75 , 119.85 , 64.70 , 21
1714 , 70.00 , 117.95 , 64.70 , 21
1715 , 69.75 , 116.00 , 64.70 , 21
1716 , 70.25 , 117.60 , 64.70 , 21
1717 , 70.25 , 113.85 , 64.70 , 21
1718 , 69.75 , 113.60 , 64.70 , 21
1719 , 70.50 , 116.95 , 64.70 , 21
1720 , 70.25 , 111.40 , 64.70 , 21
1721 , 70.50 , 112.90 , 64.70 , 21
1722 , 70.75 , 110.85 , 64.70 , 21
1723 , 70.50 , 108.75 , 64.70 , 21
1724 , 70.00 , 110.20 , 64.70 , 21
1725 , 70.75 , 113.50 , 64.70 , 21
1726 , 70.75 , 107.90 , 64.70 , 21
1727 , 70.25 , 107.55 , 64.70 , 21
1728 , 70.75 , 107.55 , 64.70 , 21
Going to Denaturing Temperature
1729 , 70.75 , 200.00 , 64.70 , 22
1730 , 71.50 , 200.00 , 64.70 , 22
1731 , 72.00 , 200.00 , 64.70 , 22
1732 , 72.50 , 200.00 , 64.70 , 22
1733 , 73.75 , 200.00 , 64.70 , 22
1735 , 75.25 , 200.00 , 64.70 , 22
1736 , 75.75 , 200.00 , 64.70 , 22
1737 , 76.75 , 200.00 , 64.70 , 22
1738 , 77.25 , 200.00 , 64.70 , 22
1739 , 78.50 , 200.00 , 64.70 , 22
1740 , 79.00 , 200.00 , 64.70 , 22
1741 , 80.00 , 200.00 , 64.70 , 22
1742 , 80.75 , 200.00 , 64.70 , 22
1743 , 81.75 , 200.00 , 64.70 , 22
1744 , 82.00 , 200.00 , 64.70 , 22
1745 , 82.50 , 200.00 , 64.70 , 22
1746 , 83.25 , 200.00 , 64.70 , 22
1747 , 83.25 , 200.00 , 64.70 , 22
1748 , 84.75 , 200.00 , 64.70 , 22
1749 , 84.75 , 200.00 , 64.70 , 22
1750 , 85.75 , 200.00 , 64.70 , 22
1751 , 86.25 , 200.00 , 64.70 , 22
1752 , 86.50 , 200.00 , 64.70 , 22
1753 , 87.00 , 200.00 , 64.70 , 22
1754 , 87.50 , 200.00 , 64.70 , 22
1755 , 88.25 , 200.00 , 64.70 , 22
1756 , 88.00 , 200.00 , 64.70 , 22
1757 , 89.00 , 200.00 , 64.70 , 22
1758 , 89.00 , 200.00 , 64.70 , 22
1759 , 89.50 , 200.00 , 64.70 , 22
1760 , 90.25 , 200.00 , 64.70 , 22
1761 , 90.75 , 200.00 , 64.70 , 22
1762 , 90.25 , 196.85 , 64.70 , 22
1763 , 91.25 , 200.00 , 64.70 , 22
1764 , 91.50 , 193.85 , 64.70 , 22
1765 , 91.75 , 192.20 , 64.70 , 22
1766 , 91.50 , 190.50 , 64.70 , 22
1767 , 92.00 , 192.35 , 64.70 , 22
Denaturing DNA Now
1768 , 92.00 , 188.85 , 64.70 , 22
Going to Annealing Temperature
1769 , 92.25 , 188.85 , 64.70 , 22
1770 , 90.50 , 188.85 , 64.70 , 22
1771 , 87.75 , 188.85 , 64.70 , 22
1772 , 84.25 , 188.85 , 64.70 , 22
1773 , 80.25 , 188.85 , 64.70 , 22
1774 , 77.25 , 188.85 , 64.70 , 22
1775 , 73.75 , 188.85 , 64.70 , 22
1776 , 71.00 , 188.85 , 64.70 , 22
1777 , 68.00 , 188.85 , 64.70 , 22
1778 , 65.75 , 188.85 , 64.70 , 22
1779 , 63.50 , 188.85 , 64.70 , 22
1780 , 60.75 , 188.85 , 64.70 , 22
1781 , 59.50 , 188.85 , 64.70 , 22
1782 , 57.25 , 188.85 , 64.70 , 22
1783 , 55.75 , 188.85 , 64.70 , 22
1784 , 54.25 , 188.85 , 64.70 , 22
1785 , 51.75 , 188.85 , 64.70 , 22
1786 , 51.00 , 188.85 , 64.70 , 22
1787 , 50.25 , 188.85 , 64.70 , 22
1788 , 49.00 , 188.85 , 64.70 , 22
Annealing DNA Now
1789 , 47.50 , 188.85 , 93.00 , 22
1790 , 47.00 , 188.85 , 100.00 , 22
1791 , 47.50 , 188.85 , 100.00 , 22
1792 , 48.25 , 188.85 , 100.00 , 22
1793 , 49.25 , 188.85 , 98.20 , 22
1794 , 49.75 , 188.85 , 90.95 , 22
1795 , 50.75 , 188.85 , 87.10 , 22
1796 , 51.25 , 188.85 , 79.55 , 22
1797 , 51.75 , 188.85 , 75.40 , 22
1798 , 51.75 , 188.85 , 71.15 , 22
Going to Extension Temperature
1799 , 52.00 , 200.00 , 71.15 , 22
1800 , 53.50 , 200.00 , 71.15 , 22
1801 , 54.25 , 200.00 , 71.15 , 22
1802 , 55.50 , 200.00 , 71.15 , 22
1803 , 57.25 , 200.00 , 71.15 , 22
1804 , 58.75 , 197.60 , 71.15 , 22
1805 , 59.25 , 189.15 , 71.15 , 22
1806 , 61.25 , 187.60 , 71.15 , 22
1807 , 62.50 , 175.15 , 71.15 , 22
1808 , 63.50 , 167.70 , 71.15 , 22
1809 , 64.50 , 161.80 , 71.15 , 22
1810 , 65.50 , 155.70 , 71.15 , 22
1811 , 66.00 , 149.40 , 71.15 , 22
1812 , 66.50 , 146.50 , 71.15 , 22
1813 , 67.25 , 143.50 , 71.15 , 22
1814 , 67.50 , 138.60 , 71.15 , 22
Extending DNA Now
1815 , 68.00 , 137.15 , 71.15 , 22
1816 , 68.50 , 133.85 , 71.15 , 22
1817 , 69.00 , 130.45 , 71.15 , 22
1818 , 69.25 , 126.95 , 71.15 , 22
1819 , 69.50 , 125.15 , 71.15 , 22
1820 , 69.75 , 123.30 , 71.15 , 22
1821 , 70.00 , 121.40 , 71.15 , 22
1822 , 70.00 , 119.45 , 71.15 , 22
1823 , 70.25 , 119.25 , 71.15 , 22
1824 , 70.00 , 117.25 , 71.15 , 22
1825 , 70.25 , 118.80 , 71.15 , 22
1826 , 69.50 , 116.80 , 71.15 , 22
1827 , 70.25 , 121.95 , 71.15 , 22
1828 , 70.00 , 116.45 , 71.15 , 22
1829 , 70.00 , 118.00 , 71.15 , 22
1830 , 70.50 , 117.80 , 71.15 , 22
1831 , 70.00 , 114.00 , 71.15 , 22
1832 , 70.75 , 117.30 , 71.15 , 22
1833 , 70.75 , 111.70 , 71.15 , 22
1834 , 70.50 , 111.35 , 71.15 , 22
1835 , 70.50 , 111.35 , 71.15 , 22
Going to Denaturing Temperature
1836 , 70.25 , 200.00 , 71.15 , 23
1837 , 71.00 , 200.00 , 71.15 , 23
1838 , 71.50 , 200.00 , 71.15 , 23
1839 , 72.00 , 200.00 , 71.15 , 23
1840 , 73.25 , 200.00 , 71.15 , 23
1841 , 74.25 , 200.00 , 71.15 , 23
1842 , 75.00 , 200.00 , 71.15 , 23
1843 , 75.50 , 200.00 , 71.15 , 23
1844 , 76.25 , 200.00 , 71.15 , 23
1845 , 77.25 , 200.00 , 71.15 , 23
1846 , 77.50 , 200.00 , 71.15 , 23
1847 , 78.25 , 200.00 , 71.15 , 23
1848 , 79.00 , 200.00 , 71.15 , 23
1849 , 79.25 , 200.00 , 71.15 , 23
1850 , 79.50 , 200.00 , 71.15 , 23
1851 , 80.50 , 200.00 , 71.15 , 23
1852 , 80.25 , 200.00 , 71.15 , 23
1853 , 81.50 , 200.00 , 71.15 , 23
1854 , 82.00 , 200.00 , 71.15 , 23
1855 , 82.25 , 200.00 , 71.15 , 23
1856 , 82.75 , 200.00 , 71.15 , 23
1857 , 83.25 , 200.00 , 71.15 , 23
1858 , 83.50 , 200.00 , 71.15 , 23
1859 , 84.00 , 200.00 , 71.15 , 23
1860 , 84.50 , 200.00 , 71.15 , 23
1861 , 84.75 , 200.00 , 71.15 , 23
1862 , 85.00 , 200.00 , 71.15 , 23
1863 , 85.25 , 200.00 , 71.15 , 23
1864 , 85.75 , 200.00 , 71.15 , 23
1865 , 86.25 , 200.00 , 71.15 , 23
1866 , 86.50 , 200.00 , 71.15 , 23
1867 , 86.75 , 200.00 , 71.15 , 23
1868 , 86.75 , 200.00 , 71.15 , 23
1869 , 87.25 , 200.00 , 71.15 , 23
1870 , 87.50 , 200.00 , 71.15 , 23
1871 , 88.00 , 200.00 , 71.15 , 23
1872 , 87.75 , 200.00 , 71.15 , 23
1873 , 88.50 , 200.00 , 71.15 , 23
1874 , 88.75 , 200.00 , 71.15 , 23
1875 , 89.00 , 200.00 , 71.15 , 23
1876 , 89.25 , 200.00 , 71.15 , 23
1877 , 89.00 , 200.00 , 71.15 , 23
1878 , 89.75 , 200.00 , 71.15 , 23
1879 , 90.00 , 200.00 , 71.15 , 23
1880 , 90.25 , 200.00 , 71.15 , 23
1881 , 90.25 , 200.00 , 71.15 , 23
1882 , 90.75 , 200.00 , 71.15 , 23
1883 , 90.75 , 200.00 , 71.15 , 23
1884 , 91.50 , 200.00 , 71.15 , 23
1885 , 91.25 , 200.00 , 71.15 , 23
1886 , 91.75 , 200.00 , 71.15 , 23
1887 , 92.00 , 200.00 , 71.15 , 23
Denaturing DNA Now
1888 , 91.25 , 200.00 , 71.15 , 23
Going to Annealing Temperature
1889 , 92.25 , 200.00 , 71.15 , 23
1890 , 90.00 , 200.00 , 71.15 , 23
1891 , 86.75 , 200.00 , 71.15 , 23
1892 , 84.00 , 200.00 , 71.15 , 23
1893 , 80.25 , 200.00 , 71.15 , 23
1894 , 77.25 , 200.00 , 71.15 , 23
1895 , 73.75 , 200.00 , 71.15 , 23
1896 , 71.00 , 200.00 , 71.15 , 23
1897 , 68.00 , 200.00 , 71.15 , 23
1898 , 65.75 , 200.00 , 71.15 , 23
1899 , 63.50 , 200.00 , 71.15 , 23
1900 , 61.25 , 200.00 , 71.15 , 23
1901 , 59.50 , 200.00 , 71.15 , 23
1902 , 57.75 , 200.00 , 71.15 , 23
1903 , 56.00 , 200.00 , 71.15 , 23
1904 , 54.50 , 200.00 , 71.15 , 23
1905 , 52.50 , 200.00 , 71.15 , 23
1906 , 51.00 , 200.00 , 71.15 , 23
1907 , 50.00 , 200.00 , 71.15 , 23
Annealing DNA Now
1908 , 48.50 , 200.00 , 86.00 , 23
1909 , 48.25 , 200.00 , 96.40 , 23
1910 , 48.25 , 200.00 , 98.10 , 23
1911 , 49.00 , 200.00 , 98.05 , 23
1912 , 49.50 , 200.00 , 92.60 , 23
1913 , 50.75 , 200.00 , 88.80 , 23
1914 , 51.50 , 200.00 , 79.50 , 23
1915 , 51.75 , 200.00 , 73.55 , 23
1916 , 52.25 , 200.00 , 71.05 , 23
1917 , 52.50 , 200.00 , 66.70 , 23
Going to Extension Temperature
1918 , 52.75 , 200.00 , 66.70 , 23
1919 , 53.75 , 200.00 , 66.70 , 23
1920 , 54.75 , 200.00 , 66.70 , 23
1921 , 55.50 , 200.00 , 66.70 , 23
1922 , 57.00 , 200.00 , 66.70 , 23
1923 , 58.25 , 198.00 , 66.70 , 23
1924 , 59.75 , 191.40 , 66.70 , 23
1925 , 61.00 , 182.75 , 66.70 , 23
1926 , 62.00 , 175.60 , 66.70 , 23
1927 , 62.25 , 170.00 , 66.70 , 23
1928 , 63.75 , 169.60 , 66.70 , 23
1929 , 64.50 , 160.15 , 66.70 , 23
1930 , 64.75 , 155.80 , 66.70 , 23
1931 , 65.50 , 154.90 , 66.70 , 23
1932 , 66.25 , 150.35 , 66.70 , 23
1933 , 66.25 , 145.65 , 66.70 , 23
1934 , 67.00 , 146.20 , 66.70 , 23
1935 , 66.75 , 141.35 , 66.70 , 23
1936 , 67.75 , 143.55 , 66.70 , 23
Extending DNA Now
1937 , 67.75 , 136.80 , 66.70 , 23
1938 , 68.25 , 137.05 , 66.70 , 23
1939 , 68.25 , 133.70 , 66.70 , 23
1940 , 68.75 , 133.85 , 66.70 , 23
1941 , 68.25 , 130.40 , 66.70 , 23
1942 , 69.00 , 134.05 , 66.70 , 23
1943 , 69.25 , 128.80 , 66.70 , 23
1944 , 69.50 , 127.00 , 66.70 , 23
1945 , 69.50 , 125.15 , 66.70 , 23
1946 , 70.00 , 125.05 , 66.70 , 23
1947 , 70.00 , 121.35 , 66.70 , 23
1948 , 69.75 , 121.15 , 66.70 , 23
1949 , 70.00 , 122.75 , 66.70 , 23
1950 , 70.00 , 120.80 , 66.70 , 23
1951 , 69.75 , 120.60 , 66.70 , 23
1952 , 69.75 , 122.20 , 66.70 , 23
1953 , 69.75 , 122.05 , 66.70 , 23
1954 , 70.50 , 121.90 , 66.70 , 23
1955 , 70.50 , 116.35 , 66.70 , 23
1956 , 70.50 , 116.05 , 66.70 , 23
1957 , 70.75 , 116.05 , 66.70 , 23
Going to Denaturing Temperature
1958 , 71.00 , 200.00 , 66.70 , 24
1959 , 71.00 , 200.00 , 66.70 , 24
1960 , 72.00 , 200.00 , 66.70 , 24
1961 , 72.50 , 200.00 , 66.70 , 24
1962 , 73.50 , 200.00 , 66.70 , 24
1963 , 74.50 , 200.00 , 66.70 , 24
1964 , 75.00 , 200.00 , 66.70 , 24
1965 , 76.00 , 200.00 , 66.70 , 24
1966 , 76.25 , 200.00 , 66.70 , 24
1967 , 77.50 , 200.00 , 66.70 , 24
1968 , 77.75 , 200.00 , 66.70 , 24
1969 , 78.50 , 200.00 , 66.70 , 24
1970 , 79.00 , 200.00 , 66.70 , 24
1971 , 79.50 , 200.00 , 66.70 , 24
1972 , 80.50 , 200.00 , 66.70 , 24
1973 , 80.50 , 200.00 , 66.70 , 24
1974 , 80.75 , 200.00 , 66.70 , 24
1975 , 81.75 , 200.00 , 66.70 , 24
1976 , 82.00 , 200.00 , 66.70 , 24
1977 , 82.75 , 200.00 , 66.70 , 24
1978 , 83.00 , 200.00 , 66.70 , 24
1979 , 83.50 , 200.00 , 66.70 , 24
1980 , 84.00 , 200.00 , 66.70 , 24
1981 , 84.50 , 200.00 , 66.70 , 24
1982 , 84.75 , 200.00 , 66.70 , 24
1983 , 85.25 , 200.00 , 66.70 , 24
1984 , 85.50 , 200.00 , 66.70 , 24
1985 , 85.50 , 200.00 , 66.70 , 24
1986 , 85.50 , 200.00 , 66.70 , 24
1987 , 86.25 , 200.00 , 66.70 , 24
1988 , 86.25 , 200.00 , 66.70 , 24
1989 , 86.75 , 200.00 , 66.70 , 24
1990 , 87.25 , 200.00 , 66.70 , 24
1991 , 87.50 , 200.00 , 66.70 , 24
1992 , 87.25 , 200.00 , 66.70 , 24
1993 , 88.00 , 200.00 , 66.70 , 24
1994 , 88.00 , 200.00 , 66.70 , 24
1995 , 88.25 , 200.00 , 66.70 , 24
1996 , 88.50 , 200.00 , 66.70 , 24
1997 , 88.50 , 200.00 , 66.70 , 24
1998 , 89.25 , 200.00 , 66.70 , 24
1999 , 89.00 , 200.00 , 66.70 , 24
2000 , 89.25 , 200.00 , 66.70 , 24
2001 , 89.50 , 200.00 , 66.70 , 24
2002 , 89.00 , 200.00 , 66.70 , 24
2003 , 89.75 , 200.00 , 66.70 , 24
2004 , 90.00 , 200.00 , 66.70 , 24
2005 , 90.00 , 200.00 , 66.70 , 24
2006 , 90.00 , 200.00 , 66.70 , 24
2007 , 89.75 , 200.00 , 66.70 , 24
2008 , 89.75 , 200.00 , 66.70 , 24
2009 , 90.25 , 200.00 , 66.70 , 24
2010 , 90.00 , 200.00 , 66.70 , 24
2011 , 90.25 , 200.00 , 66.70 , 24
2012 , 90.00 , 200.00 , 66.70 , 24
2013 , 90.75 , 200.00 , 66.70 , 24
2014 , 90.75 , 200.00 , 66.70 , 24
2015 , 90.75 , 200.00 , 66.70 , 24
2016 , 91.00 , 200.00 , 66.70 , 24
2017 , 90.75 , 200.00 , 66.70 , 24
2018 , 91.25 , 200.00 , 66.70 , 24
2019 , 91.50 , 200.00 , 66.70 , 24
2020 , 91.75 , 200.00 , 66.70 , 24
2021 , 92.00 , 200.00 , 66.70 , 24
Denaturing DNA Now
2022 , 92.00 , 200.00 , 66.70 , 24
Going to Annealing Temperature
2023 , 92.25 , 200.00 , 66.70 , 24
2024 , 90.50 , 200.00 , 66.70 , 24
2025 , 87.50 , 200.00 , 66.70 , 24
2026 , 83.75 , 200.00 , 66.70 , 24
2027 , 80.50 , 200.00 , 66.70 , 24
2028 , 77.00 , 200.00 , 66.70 , 24
2029 , 73.50 , 200.00 , 66.70 , 24
2030 , 71.00 , 200.00 , 66.70 , 24
2031 , 67.75 , 200.00 , 66.70 , 24
2032 , 66.00 , 200.00 , 66.70 , 24
2033 , 63.50 , 200.00 , 66.70 , 24
2034 , 60.50 , 200.00 , 66.70 , 24
2035 , 59.25 , 200.00 , 66.70 , 24
2036 , 57.75 , 200.00 , 66.70 , 24
2037 , 55.75 , 200.00 , 66.70 , 24
2038 , 54.25 , 200.00 , 66.70 , 24
2039 , 52.50 , 200.00 , 66.70 , 24
2040 , 50.75 , 200.00 , 66.70 , 24
2041 , 50.00 , 200.00 , 66.70 , 24
Annealing DNA Now
2042 , 48.50 , 200.00 , 86.00 , 24
2043 , 48.50 , 200.00 , 96.40 , 24
2044 , 48.25 , 200.00 , 96.30 , 24
2045 , 49.00 , 200.00 , 98.00 , 24
2046 , 49.50 , 200.00 , 92.55 , 24
2047 , 50.00 , 200.00 , 88.75 , 24
2048 , 51.25 , 200.00 , 84.85 , 24
2049 , 51.75 , 200.00 , 75.45 , 24
2050 , 51.25 , 200.00 , 71.20 , 24
2051 , 52.00 , 200.00 , 74.05 , 24
Going to Extension Temperature
2052 , 52.25 , 200.00 , 74.05 , 24
2053 , 53.25 , 200.00 , 74.05 , 24
2054 , 54.25 , 200.00 , 74.05 , 24
2055 , 55.25 , 200.00 , 74.05 , 24
2056 , 56.25 , 200.00 , 74.05 , 24
2057 , 57.50 , 200.00 , 74.05 , 24
2058 , 58.25 , 197.75 , 74.05 , 24
2059 , 59.75 , 194.65 , 74.05 , 24
2060 , 60.50 , 186.00 , 74.05 , 24
2061 , 62.00 , 182.45 , 74.05 , 24
2062 , 62.75 , 173.35 , 74.05 , 24
2063 , 63.50 , 169.35 , 74.05 , 24
2064 , 63.75 , 165.20 , 74.05 , 24
2065 , 64.50 , 164.50 , 74.05 , 24
2066 , 65.75 , 160.15 , 74.05 , 24
2067 , 66.25 , 152.05 , 74.05 , 24
2068 , 66.50 , 149.10 , 74.05 , 24
2069 , 67.00 , 147.85 , 74.05 , 24
2070 , 67.25 , 144.75 , 74.05 , 24
2071 , 67.75 , 143.35 , 74.05 , 24
Extending DNA Now
2072 , 68.25 , 140.10 , 74.05 , 24
2073 , 68.00 , 136.75 , 74.05 , 24
2074 , 68.25 , 138.70 , 74.05 , 24
2075 , 68.25 , 137.10 , 74.05 , 24
2076 , 68.75 , 137.25 , 74.05 , 24
2077 , 69.25 , 133.80 , 74.05 , 24
2078 , 68.75 , 130.25 , 74.05 , 24
2079 , 69.50 , 133.80 , 74.05 , 24
2080 , 69.50 , 128.45 , 74.05 , 24
2081 , 69.50 , 128.35 , 74.05 , 24
2082 , 69.50 , 128.25 , 74.05 , 24
2083 , 69.25 , 128.15 , 74.05 , 24
2084 , 69.75 , 129.85 , 74.05 , 24
2085 , 69.75 , 126.20 , 74.05 , 24
2086 , 70.00 , 126.05 , 74.05 , 24
2087 , 69.75 , 124.10 , 74.05 , 24
2088 , 70.00 , 125.70 , 74.05 , 24
2089 , 69.75 , 123.75 , 74.05 , 24
2090 , 70.00 , 125.35 , 74.05 , 24
2091 , 69.50 , 123.40 , 74.05 , 24
2092 , 69.50 , 123.40 , 74.05 , 24
Going to Denaturing Temperature
2093 , 69.75 , 200.00 , 74.05 , 25
2094 , 70.75 , 200.00 , 74.05 , 25
2095 , 71.25 , 200.00 , 74.05 , 25
2096 , 71.50 , 200.00 , 74.05 , 25
2097 , 72.25 , 200.00 , 74.05 , 25
2098 , 73.25 , 200.00 , 74.05 , 25
2099 , 73.75 , 200.00 , 74.05 , 25
2100 , 74.00 , 200.00 , 74.05 , 25
2101 , 74.75 , 200.00 , 74.05 , 25
2102 , 75.75 , 200.00 , 74.05 , 25
2103 , 75.75 , 200.00 , 74.05 , 25
2104 , 77.00 , 200.00 , 74.05 , 25
2105 , 77.25 , 200.00 , 74.05 , 25
2106 , 77.75 , 200.00 , 74.05 , 25
2107 , 78.25 , 200.00 , 74.05 , 25
2108 , 78.75 , 200.00 , 74.05 , 25
2109 , 79.00 , 200.00 , 74.05 , 25
2110 , 79.50 , 200.00 , 74.05 , 25
2111 , 80.00 , 200.00 , 74.05 , 25
2112 , 80.25 , 200.00 , 74.05 , 25
2113 , 80.75 , 200.00 , 74.05 , 25
2114 , 81.25 , 200.00 , 74.05 , 25
2115 , 81.50 , 200.00 , 74.05 , 25
2116 , 82.00 , 200.00 , 74.05 , 25
2117 , 82.00 , 200.00 , 74.05 , 25
2118 , 82.75 , 200.00 , 74.05 , 25
2119 , 83.25 , 200.00 , 74.05 , 25
2120 , 83.50 , 200.00 , 74.05 , 25
2121 , 83.75 , 200.00 , 74.05 , 25
2122 , 84.00 , 200.00 , 74.05 , 25
2123 , 84.25 , 200.00 , 74.05 , 25
2124 , 84.75 , 200.00 , 74.05 , 25
2125 , 84.50 , 200.00 , 74.05 , 25
2126 , 84.75 , 200.00 , 74.05 , 25
2127 , 85.50 , 200.00 , 74.05 , 25
2128 , 85.75 , 200.00 , 74.05 , 25
2129 , 85.50 , 200.00 , 74.05 , 25
2130 , 86.25 , 200.00 , 74.05 , 25
2131 , 86.25 , 200.00 , 74.05 , 25
2132 , 86.75 , 200.00 , 74.05 , 25
2133 , 87.00 , 200.00 , 74.05 , 25
2134 , 87.00 , 200.00 , 74.05 , 25
2135 , 87.50 , 200.00 , 74.05 , 25
2136 , 87.00 , 200.00 , 74.05 , 25
2137 , 88.00 , 200.00 , 74.05 , 25
2138 , 88.00 , 200.00 , 74.05 , 25
2139 , 88.25 , 200.00 , 74.05 , 25
2140 , 88.50 , 200.00 , 74.05 , 25
2141 , 88.75 , 200.00 , 74.05 , 25
2142 , 88.75 , 200.00 , 74.05 , 25
2143 , 89.00 , 200.00 , 74.05 , 25
2144 , 89.25 , 200.00 , 74.05 , 25
2145 , 89.25 , 200.00 , 74.05 , 25
2146 , 89.50 , 200.00 , 74.05 , 25
2147 , 89.25 , 200.00 , 74.05 , 25
2148 , 89.75 , 200.00 , 74.05 , 25
2149 , 89.50 , 200.00 , 74.05 , 25
2150 , 89.25 , 200.00 , 74.05 , 25
2151 , 89.75 , 200.00 , 74.05 , 25
2152 , 89.25 , 200.00 , 74.05 , 25
2153 , 89.75 , 200.00 , 74.05 , 25
2154 , 90.00 , 200.00 , 74.05 , 25
2155 , 89.75 , 200.00 , 74.05 , 25
2156 , 90.00 , 200.00 , 74.05 , 25
2157 , 90.00 , 200.00 , 74.05 , 25
2158 , 90.00 , 200.00 , 74.05 , 25
2159 , 90.25 , 200.00 , 74.05 , 25
2160 , 90.25 , 200.00 , 74.05 , 25
2161 , 90.25 , 200.00 , 74.05 , 25
2162 , 90.00 , 200.00 , 74.05 , 25
2163 , 90.75 , 200.00 , 74.05 , 25
2164 , 90.75 , 200.00 , 74.05 , 25
2165 , 90.75 , 200.00 , 74.05 , 25
2166 , 90.75 , 200.00 , 74.05 , 25
2167 , 90.25 , 200.00 , 74.05 , 25
2168 , 90.75 , 200.00 , 74.05 , 25
2169 , 90.75 , 200.00 , 74.05 , 25
2170 , 90.50 , 200.00 , 74.05 , 25
2171 , 91.00 , 200.00 , 74.05 , 25
2173 , 90.75 , 200.00 , 74.05 , 25
2174 , 90.50 , 200.00 , 74.05 , 25
2175 , 90.50 , 200.00 , 74.05 , 25
2176 , 90.75 , 200.00 , 74.05 , 25
2177 , 90.75 , 200.00 , 74.05 , 25
2178 , 90.75 , 200.00 , 74.05 , 25
2179 , 90.75 , 200.00 , 74.05 , 25
2180 , 91.00 , 200.00 , 74.05 , 25
2181 , 91.25 , 200.00 , 74.05 , 25
2182 , 91.50 , 200.00 , 74.05 , 25
2183 , 91.25 , 200.00 , 74.05 , 25
2184 , 90.75 , 200.00 , 74.05 , 25
2185 , 90.75 , 200.00 , 74.05 , 25
2186 , 91.00 , 200.00 , 74.05 , 25
2187 , 91.25 , 200.00 , 74.05 , 25
2188 , 91.00 , 200.00 , 74.05 , 25
2189 , 91.25 , 200.00 , 74.05 , 25
2190 , 91.25 , 200.00 , 74.05 , 25
2191 , 91.25 , 200.00 , 74.05 , 25
2192 , 91.25 , 200.00 , 74.05 , 25
2193 , 91.25 , 200.00 , 74.05 , 25
2194 , 91.25 , 200.00 , 74.05 , 25
2195 , 91.00 , 200.00 , 74.05 , 25
2196 , 91.25 , 200.00 , 74.05 , 25
2197 , 91.00 , 200.00 , 74.05 , 25
2198 , 91.25 , 200.00 , 74.05 , 25
2199 , 91.50 , 200.00 , 74.05 , 25
2200 , 91.00 , 200.00 , 74.05 , 25
2201 , 90.75 , 200.00 , 74.05 , 25
2202 , 90.75 , 200.00 , 74.05 , 25
2203 , 91.00 , 200.00 , 74.05 , 25
2204 , 90.50 , 200.00 , 74.05 , 25
2205 , 90.25 , 200.00 , 74.05 , 25
2206 , 90.00 , 200.00 , 74.05 , 25
2207 , 90.75 , 200.00 , 74.05 , 25
2208 , 90.50 , 200.00 , 74.05 , 25
2209 , 90.75 , 200.00 , 74.05 , 25
2210 , 90.50 , 200.00 , 74.05 , 25
2211 , 90.50 , 200.00 , 74.05 , 25
2212 , 90.00 , 200.00 , 74.05 , 25
2213 , 90.75 , 200.00 , 74.05 , 25
2214 , 90.25 , 200.00 , 74.05 , 25
2215 , 90.50 , 200.00 , 74.05 , 25
2216 , 90.00 , 200.00 , 74.05 , 25
2217 , 90.25 , 200.00 , 74.05 , 25
2218 , 90.75 , 200.00 , 74.05 , 25
2219 , 90.50 , 200.00 , 74.05 , 25
2220 , 90.50 , 200.00 , 74.05 , 25
2221 , 90.75 , 200.00 , 74.05 , 25
2222 , 90.75 , 200.00 , 74.05 , 25
2223 , 90.75 , 200.00 , 74.05 , 25
2224 , 90.50 , 200.00 , 74.05 , 25
2225 , 90.75 , 200.00 , 74.05 , 25
2226 , 91.00 , 200.00 , 74.05 , 25
2227 , 91.00 , 200.00 , 74.05 , 25
2228 , 91.00 , 200.00 , 74.05 , 25
2229 , 91.25 , 200.00 , 74.05 , 25
2230 , 90.75 , 200.00 , 74.05 , 25
2231 , 91.00 , 200.00 , 74.05 , 25
2232 , 91.25 , 200.00 , 74.05 , 25
2233 , 91.50 , 200.00 , 74.05 , 25
2234 , 91.00 , 200.00 , 74.05 , 25
2235 , 91.50 , 200.00 , 74.05 , 25
2236 , 91.50 , 200.00 , 74.05 , 25
2237 , 92.00 , 200.00 , 74.05 , 25
Denaturing DNA Now
2238 , 91.50 , 200.00 , 74.05 , 25
Going to Annealing Temperature
2239 , 91.50 , 200.00 , 74.05 , 25
2240 , 90.00 , 200.00 , 74.05 , 25
2241 , 86.25 , 200.00 , 74.05 , 25
2242 , 83.50 , 200.00 , 74.05 , 25
2243 , 79.75 , 200.00 , 74.05 , 25
2244 , 76.75 , 200.00 , 74.05 , 25
2245 , 73.00 , 200.00 , 74.05 , 25
2246 , 70.75 , 200.00 , 74.05 , 25
2247 , 67.75 , 200.00 , 74.05 , 25
2248 , 65.50 , 200.00 , 74.05 , 25
2249 , 63.00 , 200.00 , 74.05 , 25
2250 , 61.00 , 200.00 , 74.05 , 25
2251 , 59.50 , 200.00 , 74.05 , 25
2252 , 57.50 , 200.00 , 74.05 , 25
2253 , 55.50 , 200.00 , 74.05 , 25
2254 , 54.00 , 200.00 , 74.05 , 25
2255 , 52.75 , 200.00 , 74.05 , 25
2256 , 51.50 , 200.00 , 74.05 , 25
2257 , 49.75 , 200.00 , 74.05 , 25
Annealing DNA Now
2258 , 49.00 , 200.00 , 87.75 , 25
2259 , 48.50 , 200.00 , 92.80 , 25
2260 , 48.00 , 200.00 , 96.20 , 25
2261 , 49.00 , 200.00 , 99.70 , 25
2262 , 49.75 , 200.00 , 92.50 , 25
2263 , 50.00 , 200.00 , 86.90 , 25
2264 , 50.50 , 200.00 , 84.75 , 25
2265 , 51.00 , 200.00 , 80.75 , 25
2266 , 51.00 , 200.00 , 76.65 , 25
2267 , 50.75 , 200.00 , 76.05 , 25
Going to Extension Temperature
2268 , 51.75 , 200.00 , 76.05 , 25
2269 , 52.75 , 200.00 , 76.05 , 25
2270 , 53.75 , 200.00 , 76.05 , 25
2271 , 54.50 , 200.00 , 76.05 , 25
2272 , 55.50 , 200.00 , 76.05 , 25
2273 , 56.00 , 200.00 , 76.05 , 25
2274 , 57.00 , 200.00 , 76.05 , 25
2275 , 58.50 , 200.00 , 76.05 , 25
2276 , 59.75 , 196.65 , 76.05 , 25
2277 , 59.75 , 189.75 , 76.05 , 25
2278 , 61.25 , 191.60 , 76.05 , 25
2279 , 62.00 , 182.65 , 76.05 , 25
2280 , 63.00 , 178.80 , 76.05 , 25
2281 , 63.25 , 173.00 , 76.05 , 25
2282 , 64.00 , 172.40 , 76.05 , 25
2283 , 64.75 , 168.15 , 76.05 , 25
2284 , 65.25 , 163.75 , 76.05 , 25
2285 , 65.25 , 161.00 , 76.05 , 25
2286 , 66.25 , 161.75 , 76.05 , 25
2287 , 66.75 , 155.30 , 76.05 , 25
2288 , 67.00 , 152.25 , 76.05 , 25
2289 , 67.00 , 150.90 , 76.05 , 25
2290 , 67.00 , 151.30 , 76.05 , 25
2291 , 67.50 , 151.70 , 76.05 , 25
Extending DNA Now
2292 , 67.25 , 148.50 , 76.05 , 25
2293 , 67.75 , 150.60 , 76.05 , 25
2294 , 67.75 , 147.35 , 76.05 , 25
2295 , 68.25 , 147.60 , 76.05 , 25
2296 , 68.25 , 144.25 , 76.05 , 25
2297 , 68.75 , 144.40 , 76.05 , 25
2298 , 69.00 , 140.95 , 76.05 , 25
2299 , 69.00 , 139.20 , 76.05 , 25
2300 , 68.50 , 139.20 , 76.05 , 25
2301 , 68.75 , 142.80 , 76.05 , 25
2302 , 68.25 , 141.10 , 76.05 , 25
2303 , 68.75 , 144.75 , 76.05 , 25
2304 , 69.00 , 141.30 , 76.05 , 25
2305 , 69.00 , 139.55 , 76.05 , 25
2306 , 68.75 , 139.55 , 76.05 , 25
2307 , 69.00 , 141.35 , 76.05 , 25
2308 , 69.00 , 139.60 , 76.05 , 25
2309 , 69.00 , 139.60 , 76.05 , 25
2310 , 69.75 , 139.60 , 76.05 , 25
2311 , 69.25 , 134.20 , 76.05 , 25
2312 , 69.00 , 134.20 , 76.05 , 25
