Please wait for the temperature to reach 95
0 , 27.25 , 125.00 , 0.00 , 0
1 , 25.50 , 125.00 , 0.00 , 0
2 , 26.25 , 125.00 , 0.00 , 0
3 , 26.75 , 125.00 , 0.00 , 0
4 , 27.25 , 125.00 , 0.00 , 0
5 , 27.00 , 125.00 , 0.00 , 0
6 , 26.75 , 125.00 , 0.00 , 0
7 , 27.25 , 125.00 , 0.00 , 0
8 , 27.00 , 125.00 , 0.00 , 0
9 , 26.00 , 125.00 , 0.00 , 0
10 , 26.75 , 125.00 , 0.00 , 0
11 , 27.00 , 125.00 , 0.00 , 0
12 , 27.25 , 125.00 , 0.00 , 0
13 , 27.00 , 125.00 , 0.00 , 0
14 , 26.75 , 125.00 , 0.00 , 0
15 , 27.50 , 125.00 , 0.00 , 0
16 , 27.25 , 125.00 , 0.00 , 0
17 , 28.00 , 125.00 , 0.00 , 0
18 , 28.75 , 125.00 , 0.00 , 0
19 , 30.00 , 125.00 , 0.00 , 0
20 , 30.25 , 125.00 , 0.00 , 0
21 , 31.50 , 125.00 , 0.00 , 0
22 , 32.00 , 125.00 , 0.00 , 0
23 , 33.00 , 125.00 , 0.00 , 0
24 , 34.25 , 125.00 , 0.00 , 0
25 , 35.50 , 125.00 , 0.00 , 0
26 , 36.50 , 125.00 , 0.00 , 0
27 , 37.25 , 125.00 , 0.00 , 0
28 , 38.75 , 125.00 , 0.00 , 0
29 , 39.50 , 125.00 , 0.00 , 0
30 , 40.50 , 125.00 , 0.00 , 0
31 , 41.50 , 125.00 , 0.00 , 0
32 , 42.00 , 125.00 , 0.00 , 0
33 , 43.00 , 125.00 , 0.00 , 0
34 , 43.50 , 125.00 , 0.00 , 0
35 , 44.75 , 125.00 , 0.00 , 0
36 , 45.25 , 125.00 , 0.00 , 0
37 , 46.50 , 125.00 , 0.00 , 0
38 , 46.75 , 125.00 , 0.00 , 0
39 , 48.00 , 125.00 , 0.00 , 0
40 , 48.75 , 125.00 , 0.00 , 0
41 , 49.50 , 125.00 , 0.00 , 0
42 , 50.50 , 125.00 , 0.00 , 0
43 , 50.50 , 125.00 , 0.00 , 0
44 , 51.75 , 125.00 , 0.00 , 0
45 , 51.75 , 125.00 , 0.00 , 0
46 , 53.00 , 125.00 , 0.00 , 0
47 , 53.75 , 125.00 , 0.00 , 0
48 , 54.25 , 125.00 , 0.00 , 0
49 , 54.50 , 125.00 , 0.00 , 0
50 , 55.25 , 125.00 , 0.00 , 0
51 , 56.25 , 125.00 , 0.00 , 0
52 , 57.00 , 125.00 , 0.00 , 0
53 , 57.50 , 125.00 , 0.00 , 0
54 , 58.00 , 125.00 , 0.00 , 0
55 , 58.75 , 125.00 , 0.00 , 0
56 , 59.50 , 125.00 , 0.00 , 0
57 , 60.00 , 125.00 , 0.00 , 0
58 , 59.75 , 125.00 , 0.00 , 0
59 , 61.25 , 125.00 , 0.00 , 0
60 , 61.75 , 125.00 , 0.00 , 0
61 , 62.25 , 125.00 , 0.00 , 0
62 , 63.00 , 125.00 , 0.00 , 0
63 , 63.50 , 125.00 , 0.00 , 0
64 , 64.50 , 125.00 , 0.00 , 0
65 , 64.75 , 125.00 , 0.00 , 0
66 , 65.50 , 125.00 , 0.00 , 0
67 , 66.00 , 125.00 , 0.00 , 0
68 , 66.75 , 125.00 , 0.00 , 0
69 , 67.00 , 125.00 , 0.00 , 0
70 , 68.00 , 125.00 , 0.00 , 0
71 , 68.00 , 125.00 , 0.00 , 0
72 , 68.75 , 125.00 , 0.00 , 0
73 , 69.75 , 125.00 , 0.00 , 0
74 , 69.50 , 125.00 , 0.00 , 0
75 , 70.25 , 125.00 , 0.00 , 0
76 , 70.75 , 125.00 , 0.00 , 0
77 , 71.00 , 125.00 , 0.00 , 0
78 , 71.75 , 125.00 , 0.00 , 0
79 , 72.00 , 125.00 , 0.00 , 0
80 , 73.00 , 125.00 , 0.00 , 0
81 , 73.00 , 125.00 , 0.00 , 0
82 , 74.00 , 125.00 , 0.00 , 0
83 , 74.50 , 125.00 , 0.00 , 0
84 , 74.75 , 125.00 , 0.00 , 0
85 , 75.25 , 125.00 , 0.00 , 0
86 , 76.00 , 125.00 , 0.00 , 0
87 , 76.00 , 125.00 , 0.00 , 0
88 , 76.50 , 125.00 , 0.00 , 0
89 , 76.75 , 125.00 , 0.00 , 0
90 , 76.75 , 125.00 , 0.00 , 0
91 , 77.75 , 125.00 , 0.00 , 0
92 , 78.00 , 125.00 , 0.00 , 0
93 , 78.50 , 125.00 , 0.00 , 0
94 , 79.00 , 125.00 , 0.00 , 0
95 , 79.50 , 125.00 , 0.00 , 0
96 , 79.75 , 125.00 , 0.00 , 0
97 , 80.25 , 125.00 , 0.00 , 0
98 , 80.50 , 125.00 , 0.00 , 0
99 , 81.00 , 125.00 , 0.00 , 0
100 , 81.50 , 125.00 , 0.00 , 0
101 , 82.00 , 125.00 , 0.00 , 0
102 , 81.75 , 125.00 , 0.00 , 0
103 , 83.00 , 125.00 , 0.00 , 0
104 , 83.00 , 125.00 , 0.00 , 0
105 , 83.00 , 125.00 , 0.00 , 0
106 , 83.25 , 125.00 , 0.00 , 0
107 , 84.25 , 125.00 , 0.00 , 0
108 , 84.75 , 125.00 , 0.00 , 0
109 , 84.75 , 125.00 , 0.00 , 0
110 , 85.25 , 125.00 , 0.00 , 0
111 , 86.00 , 125.00 , 0.00 , 0
112 , 86.00 , 125.00 , 0.00 , 0
113 , 86.25 , 125.00 , 0.00 , 0
114 , 86.75 , 125.00 , 0.00 , 0
115 , 87.50 , 125.00 , 0.00 , 0
116 , 87.75 , 125.00 , 0.00 , 0
117 , 88.00 , 125.00 , 0.00 , 0
118 , 89.00 , 125.00 , 0.00 , 0
119 , 89.00 , 125.00 , 0.00 , 0
120 , 89.75 , 125.00 , 0.00 , 0
121 , 89.75 , 125.00 , 0.00 , 0
122 , 90.00 , 125.00 , 0.00 , 0
123 , 90.50 , 125.00 , 0.00 , 0
124 , 91.00 , 125.00 , 0.00 , 0
125 , 90.75 , 125.00 , 0.00 , 0
126 , 91.00 , 125.00 , 0.00 , 0
127 , 91.50 , 125.00 , 0.00 , 0
128 , 92.00 , 125.00 , 0.00 , 0
Temperature has reached 95, please wait 60s for the initial denaturing to complete
129 , 92.75 , 125.00 , 0.00 , 0
Initial Denaturing has completed, Amplification Loop will start now
Going to Denaturing Temperature
Denaturing DNA Now
130 , 93.00 , 117.87 , 0.00 , 1
131 , 93.50 , 115.12 , 0.00 , 1
132 , 93.50 , 109.87 , 0.00 , 1
133 , 93.50 , 109.12 , 0.00 , 1
134 , 93.75 , 108.37 , 0.00 , 1
Going to Annealing Temperature
135 , 92.75 , 108.37 , 0.00 , 1
136 , 92.25 , 108.37 , 0.00 , 1
137 , 89.75 , 108.37 , 0.00 , 1
138 , 86.50 , 108.37 , 0.00 , 1
139 , 83.25 , 108.37 , 0.00 , 1
140 , 80.00 , 108.37 , 0.00 , 1
141 , 76.75 , 108.37 , 0.00 , 1
142 , 73.50 , 108.37 , 0.00 , 1
143 , 70.75 , 108.37 , 0.00 , 1
144 , 68.75 , 108.37 , 0.00 , 1
145 , 66.00 , 108.37 , 0.00 , 1
146 , 63.75 , 108.37 , 0.00 , 1
147 , 61.25 , 108.37 , 0.00 , 1
148 , 59.75 , 108.37 , 0.00 , 1
149 , 57.75 , 108.37 , 0.00 , 1
150 , 56.00 , 108.37 , 0.00 , 1
151 , 53.75 , 108.37 , 0.00 , 1
152 , 53.00 , 108.37 , 0.00 , 1
153 , 51.25 , 108.37 , 0.00 , 1
Annealing DNA Now
154 , 49.50 , 108.37 , 50.75 , 1
155 , 49.25 , 108.37 , 62.00 , 1
156 , 49.00 , 108.37 , 62.00 , 1
157 , 49.50 , 108.37 , 62.00 , 1
158 , 50.00 , 108.37 , 62.00 , 1
159 , 50.50 , 108.37 , 62.00 , 1
160 , 51.50 , 108.37 , 57.25 , 1
161 , 52.25 , 108.37 , 47.50 , 1
162 , 52.25 , 108.37 , 39.63 , 1
163 , 52.75 , 108.37 , 38.50 , 1
Going to Extension Temperature
164 , 52.25 , 125.00 , 38.50 , 1
165 , 53.75 , 125.00 , 38.50 , 1
166 , 54.25 , 125.00 , 38.50 , 1
167 , 56.00 , 125.00 , 38.50 , 1
168 , 58.25 , 125.00 , 38.50 , 1
169 , 60.25 , 125.00 , 38.50 , 1
170 , 62.00 , 125.00 , 38.50 , 1
171 , 64.00 , 125.00 , 38.50 , 1
172 , 65.75 , 125.00 , 38.50 , 1
173 , 67.00 , 125.00 , 38.50 , 1
174 , 68.50 , 125.00 , 38.50 , 1
Extending DNA Now
175 , 70.00 , 119.87 , 38.50 , 1
176 , 70.50 , 105.87 , 38.50 , 1
177 , 72.25 , 100.62 , 38.50 , 1
178 , 73.25 , 83.25 , 38.50 , 1
179 , 73.75 , 72.12 , 38.50 , 1
180 , 73.75 , 65.25 , 38.50 , 1
181 , 74.50 , 62.88 , 38.50 , 1
182 , 73.00 , 53.38 , 38.50 , 1
183 , 73.00 , 64.87 , 38.50 , 1
184 , 72.75 , 62.88 , 38.50 , 1
185 , 72.50 , 63.25 , 38.50 , 1
186 , 72.50 , 63.75 , 38.50 , 1
187 , 72.50 , 62.00 , 38.50 , 1
188 , 72.50 , 60.25 , 38.50 , 1
189 , 72.00 , 58.50 , 38.50 , 1
190 , 72.00 , 61.50 , 38.50 , 1
191 , 71.25 , 60.00 , 38.50 , 1
192 , 71.50 , 65.62 , 38.50 , 1
193 , 71.25 , 62.13 , 38.50 , 1
194 , 71.00 , 63.25 , 38.50 , 1
195 , 70.75 , 64.50 , 38.50 , 1
196 , 70.75 , 65.87 , 38.50 , 1
197 , 70.00 , 65.00 , 38.50 , 1
198 , 70.25 , 71.25 , 38.50 , 1
199 , 70.50 , 68.37 , 38.50 , 1
200 , 70.50 , 65.37 , 38.50 , 1
201 , 70.25 , 64.62 , 38.50 , 1
202 , 70.75 , 66.25 , 38.50 , 1
203 , 70.50 , 60.88 , 38.50 , 1
204 , 70.50 , 62.38 , 38.50 , 1
205 , 70.50 , 62.38 , 38.50 , 1
Going to Denaturing Temperature
206 , 70.75 , 125.00 , 38.50 , 2
207 , 71.00 , 125.00 , 38.50 , 2
208 , 72.00 , 125.00 , 38.50 , 2
209 , 73.50 , 125.00 , 38.50 , 2
210 , 74.50 , 125.00 , 38.50 , 2
211 , 76.00 , 125.00 , 38.50 , 2
212 , 77.25 , 125.00 , 38.50 , 2
213 , 78.50 , 125.00 , 38.50 , 2
214 , 79.75 , 125.00 , 38.50 , 2
215 , 80.75 , 125.00 , 38.50 , 2
216 , 81.75 , 125.00 , 38.50 , 2
217 , 82.25 , 125.00 , 38.50 , 2
218 , 83.75 , 125.00 , 38.50 , 2
219 , 85.00 , 125.00 , 38.50 , 2
220 , 85.75 , 125.00 , 38.50 , 2
221 , 86.50 , 125.00 , 38.50 , 2
222 , 87.00 , 125.00 , 38.50 , 2
223 , 87.50 , 125.00 , 38.50 , 2
224 , 88.25 , 125.00 , 38.50 , 2
225 , 89.00 , 125.00 , 38.50 , 2
226 , 89.25 , 125.00 , 38.50 , 2
227 , 90.25 , 125.00 , 38.50 , 2
228 , 91.00 , 125.00 , 38.50 , 2
229 , 91.00 , 125.00 , 38.50 , 2
230 , 92.00 , 125.00 , 38.50 , 2
Denaturing DNA Now
231 , 92.50 , 125.00 , 38.50 , 2
232 , 93.25 , 120.25 , 38.50 , 2
233 , 93.75 , 112.87 , 38.50 , 2
234 , 93.75 , 107.50 , 38.50 , 2
235 , 94.00 , 106.62 , 38.50 , 2
Going to Annealing Temperature
236 , 94.00 , 106.62 , 38.50 , 2
237 , 92.50 , 106.62 , 38.50 , 2
238 , 89.50 , 106.62 , 38.50 , 2
239 , 86.75 , 106.62 , 38.50 , 2
240 , 83.75 , 106.62 , 38.50 , 2
241 , 80.50 , 106.62 , 38.50 , 2
242 , 77.25 , 106.62 , 38.50 , 2
243 , 74.00 , 106.62 , 38.50 , 2
244 , 71.00 , 106.62 , 38.50 , 2
245 , 68.75 , 106.62 , 38.50 , 2
246 , 66.25 , 106.62 , 38.50 , 2
247 , 63.75 , 106.62 , 38.50 , 2
248 , 62.00 , 106.62 , 38.50 , 2
249 , 59.75 , 106.62 , 38.50 , 2
250 , 57.50 , 106.62 , 38.50 , 2
251 , 56.00 , 106.62 , 38.50 , 2
252 , 54.25 , 106.62 , 38.50 , 2
253 , 52.75 , 106.62 , 38.50 , 2
254 , 50.75 , 106.62 , 38.50 , 2
Annealing DNA Now
255 , 50.50 , 106.62 , 55.25 , 2
256 , 49.00 , 106.62 , 57.25 , 2
257 , 48.75 , 106.62 , 62.00 , 2
258 , 49.75 , 106.62 , 62.00 , 2
259 , 51.00 , 106.62 , 62.00 , 2
260 , 51.50 , 106.62 , 52.50 , 2
261 , 51.75 , 106.62 , 47.25 , 2
262 , 51.75 , 106.62 , 44.13 , 2
263 , 52.50 , 106.62 , 43.25 , 2
264 , 52.50 , 106.62 , 35.25 , 2
Going to Extension Temperature
265 , 52.25 , 125.00 , 35.25 , 2
266 , 53.00 , 125.00 , 35.25 , 2
267 , 54.50 , 125.00 , 35.25 , 2
268 , 56.25 , 125.00 , 35.25 , 2
269 , 57.75 , 125.00 , 35.25 , 2
270 , 60.25 , 125.00 , 35.25 , 2
271 , 61.50 , 125.00 , 35.25 , 2
272 , 63.75 , 125.00 , 35.25 , 2
273 , 65.00 , 125.00 , 35.25 , 2
274 , 67.00 , 125.00 , 35.25 , 2
275 , 68.25 , 125.00 , 35.25 , 2
Extending DNA Now
276 , 69.75 , 122.50 , 35.25 , 2
277 , 71.00 , 108.62 , 35.25 , 2
278 , 72.25 , 96.37 , 35.25 , 2
279 , 73.50 , 83.50 , 35.25 , 2
280 , 73.75 , 70.00 , 35.25 , 2
281 , 73.00 , 65.37 , 35.25 , 2
282 , 72.75 , 70.12 , 35.25 , 2
283 , 73.50 , 70.50 , 35.25 , 2
284 , 73.25 , 61.50 , 35.25 , 2
285 , 73.25 , 61.63 , 35.25 , 2
286 , 72.50 , 59.50 , 35.25 , 2
287 , 72.50 , 64.50 , 35.25 , 2
288 , 71.75 , 62.75 , 35.25 , 2
289 , 71.50 , 68.12 , 35.25 , 2
290 , 71.50 , 69.12 , 35.25 , 2
291 , 71.50 , 67.87 , 35.25 , 2
292 , 71.25 , 66.62 , 35.25 , 2
293 , 71.75 , 67.75 , 35.25 , 2
294 , 72.25 , 61.88 , 35.25 , 2
295 , 71.50 , 55.75 , 35.25 , 2
296 , 71.75 , 61.25 , 35.25 , 2
297 , 71.50 , 57.63 , 35.25 , 2
298 , 71.25 , 58.63 , 35.25 , 2
299 , 71.25 , 59.75 , 35.25 , 2
300 , 70.75 , 58.63 , 35.25 , 2
301 , 71.25 , 62.25 , 35.25 , 2
302 , 70.25 , 56.63 , 35.25 , 2
303 , 70.25 , 65.00 , 35.25 , 2
304 , 70.50 , 64.37 , 35.25 , 2
305 , 70.00 , 61.38 , 35.25 , 2
306 , 70.00 , 61.38 , 35.25 , 2
Going to Denaturing Temperature
307 , 69.50 , 125.00 , 35.25 , 3
308 , 70.25 , 125.00 , 35.25 , 3
309 , 71.25 , 125.00 , 35.25 , 3
310 , 72.75 , 125.00 , 35.25 , 3
311 , 74.25 , 125.00 , 35.25 , 3
312 , 75.50 , 125.00 , 35.25 , 3
313 , 77.00 , 125.00 , 35.25 , 3
314 , 78.00 , 125.00 , 35.25 , 3
315 , 79.25 , 125.00 , 35.25 , 3
316 , 80.50 , 125.00 , 35.25 , 3
317 , 81.00 , 125.00 , 35.25 , 3
318 , 82.00 , 125.00 , 35.25 , 3
319 , 83.00 , 125.00 , 35.25 , 3
320 , 84.00 , 125.00 , 35.25 , 3
321 , 84.75 , 125.00 , 35.25 , 3
322 , 85.75 , 125.00 , 35.25 , 3
323 , 86.50 , 125.00 , 35.25 , 3
324 , 86.50 , 125.00 , 35.25 , 3
325 , 87.50 , 125.00 , 35.25 , 3
326 , 88.25 , 125.00 , 35.25 , 3
327 , 88.75 , 125.00 , 35.25 , 3
328 , 89.25 , 125.00 , 35.25 , 3
329 , 90.25 , 125.00 , 35.25 , 3
330 , 90.25 , 125.00 , 35.25 , 3
331 , 91.25 , 125.00 , 35.25 , 3
332 , 91.25 , 125.00 , 35.25 , 3
333 , 92.25 , 125.00 , 35.25 , 3
Denaturing DNA Now
334 , 92.75 , 122.62 , 35.25 , 3
335 , 93.25 , 117.75 , 35.25 , 3
336 , 93.50 , 112.62 , 35.25 , 3
337 , 93.50 , 109.62 , 35.25 , 3
338 , 93.25 , 108.87 , 35.25 , 3
Going to Annealing Temperature
339 , 93.25 , 108.87 , 35.25 , 3
340 , 91.25 , 108.87 , 35.25 , 3
341 , 89.50 , 108.87 , 35.25 , 3
342 , 86.50 , 108.87 , 35.25 , 3
343 , 83.50 , 108.87 , 35.25 , 3
344 , 79.75 , 108.87 , 35.25 , 3
345 , 76.00 , 108.87 , 35.25 , 3
346 , 73.00 , 108.87 , 35.25 , 3
347 , 70.50 , 108.87 , 35.25 , 3
348 , 68.25 , 108.87 , 35.25 , 3
349 , 65.50 , 108.87 , 35.25 , 3
350 , 62.50 , 108.87 , 35.25 , 3
351 , 61.00 , 108.87 , 35.25 , 3
352 , 58.50 , 108.87 , 35.25 , 3
353 , 57.25 , 108.87 , 35.25 , 3
354 , 55.75 , 108.87 , 35.25 , 3
355 , 54.00 , 108.87 , 35.25 , 3
356 , 52.25 , 108.87 , 35.25 , 3
357 , 50.50 , 108.87 , 35.25 , 3
Annealing DNA Now
358 , 49.75 , 108.87 , 57.50 , 3
359 , 48.75 , 108.87 , 62.00 , 3
360 , 48.50 , 108.87 , 62.00 , 3
361 , 49.50 , 108.87 , 62.00 , 3
362 , 49.75 , 108.87 , 62.00 , 3
363 , 50.75 , 108.87 , 62.00 , 3
364 , 51.75 , 108.87 , 54.88 , 3
365 , 51.75 , 108.87 , 45.00 , 3
366 , 52.00 , 108.87 , 44.13 , 3
367 , 51.00 , 108.87 , 40.88 , 3
Going to Extension Temperature
368 , 52.00 , 125.00 , 40.88 , 3
369 , 53.00 , 125.00 , 40.88 , 3
370 , 54.00 , 125.00 , 40.88 , 3
371 , 55.50 , 125.00 , 40.88 , 3
372 , 57.25 , 125.00 , 40.88 , 3
373 , 59.50 , 125.00 , 40.88 , 3
374 , 61.00 , 125.00 , 40.88 , 3
375 , 62.75 , 125.00 , 40.88 , 3
376 , 64.50 , 125.00 , 40.88 , 3
377 , 65.75 , 125.00 , 40.88 , 3
378 , 67.00 , 125.00 , 40.88 , 3
379 , 68.50 , 125.00 , 40.88 , 3
Extending DNA Now
380 , 69.75 , 125.00 , 40.88 , 3
381 , 70.75 , 114.37 , 40.88 , 3
382 , 71.50 , 104.50 , 40.88 , 3
383 , 72.75 , 96.50 , 40.88 , 3
384 , 73.00 , 83.37 , 40.88 , 3
385 , 73.00 , 79.12 , 40.88 , 3
386 , 73.25 , 77.12 , 40.88 , 3
387 , 73.75 , 72.75 , 40.88 , 3
388 , 73.00 , 65.87 , 40.88 , 3
389 , 73.00 , 70.62 , 40.88 , 3
390 , 72.50 , 68.62 , 40.88 , 3
391 , 72.75 , 71.37 , 40.88 , 3
392 , 72.00 , 67.25 , 40.88 , 3
393 , 72.25 , 72.50 , 40.88 , 3
394 , 72.00 , 68.62 , 40.88 , 3
395 , 71.25 , 69.37 , 40.88 , 3
396 , 71.50 , 75.00 , 40.88 , 3
398 , 71.50 , 71.50 , 40.88 , 3
399 , 71.00 , 70.25 , 40.88 , 3
400 , 71.25 , 73.75 , 40.88 , 3
401 , 71.50 , 70.37 , 40.88 , 3
402 , 71.25 , 66.87 , 40.88 , 3
403 , 71.50 , 68.00 , 40.88 , 3
404 , 71.00 , 64.50 , 40.88 , 3
405 , 71.00 , 68.00 , 40.88 , 3
406 , 71.00 , 67.00 , 40.88 , 3
407 , 70.50 , 66.00 , 40.88 , 3
408 , 70.50 , 69.75 , 40.88 , 3
409 , 70.50 , 69.00 , 40.88 , 3
410 , 70.25 , 69.00 , 40.88 , 3
Going to Denaturing Temperature
411 , 70.75 , 125.00 , 40.88 , 4
412 , 70.75 , 125.00 , 40.88 , 4
413 , 72.00 , 125.00 , 40.88 , 4
414 , 73.25 , 125.00 , 40.88 , 4
415 , 74.75 , 125.00 , 40.88 , 4
416 , 76.00 , 125.00 , 40.88 , 4
417 , 77.00 , 125.00 , 40.88 , 4
418 , 77.75 , 125.00 , 40.88 , 4
419 , 78.50 , 125.00 , 40.88 , 4
420 , 79.25 , 125.00 , 40.88 , 4
421 , 80.25 , 125.00 , 40.88 , 4
422 , 80.50 , 125.00 , 40.88 , 4
423 , 81.50 , 125.00 , 40.88 , 4
424 , 82.25 , 125.00 , 40.88 , 4
425 , 83.25 , 125.00 , 40.88 , 4
426 , 83.50 , 125.00 , 40.88 , 4
427 , 84.50 , 125.00 , 40.88 , 4
428 , 85.25 , 125.00 , 40.88 , 4
429 , 86.00 , 125.00 , 40.88 , 4
430 , 86.00 , 125.00 , 40.88 , 4
431 , 87.00 , 125.00 , 40.88 , 4
432 , 87.50 , 125.00 , 40.88 , 4
433 , 88.25 , 125.00 , 40.88 , 4
434 , 88.25 , 125.00 , 40.88 , 4
435 , 89.25 , 125.00 , 40.88 , 4
436 , 89.75 , 125.00 , 40.88 , 4
437 , 90.25 , 125.00 , 40.88 , 4
438 , 90.25 , 125.00 , 40.88 , 4
439 , 91.00 , 125.00 , 40.88 , 4
440 , 91.00 , 125.00 , 40.88 , 4
441 , 92.00 , 125.00 , 40.88 , 4
Denaturing DNA Now
442 , 92.50 , 125.00 , 40.88 , 4
443 , 92.75 , 120.25 , 40.88 , 4
444 , 92.75 , 117.62 , 40.88 , 4
445 , 93.00 , 117.25 , 40.88 , 4
446 , 93.25 , 114.50 , 40.88 , 4
Going to Annealing Temperature
447 , 93.25 , 114.50 , 40.88 , 4
448 , 92.00 , 114.50 , 40.88 , 4
449 , 89.00 , 114.50 , 40.88 , 4
450 , 86.00 , 114.50 , 40.88 , 4
451 , 82.75 , 114.50 , 40.88 , 4
452 , 79.50 , 114.50 , 40.88 , 4
453 , 76.50 , 114.50 , 40.88 , 4
454 , 73.50 , 114.50 , 40.88 , 4
455 , 70.50 , 114.50 , 40.88 , 4
456 , 67.50 , 114.50 , 40.88 , 4
457 , 65.50 , 114.50 , 40.88 , 4
458 , 63.25 , 114.50 , 40.88 , 4
459 , 61.25 , 114.50 , 40.88 , 4
460 , 59.50 , 114.50 , 40.88 , 4
461 , 57.75 , 114.50 , 40.88 , 4
462 , 55.75 , 114.50 , 40.88 , 4
463 , 53.75 , 114.50 , 40.88 , 4
464 , 52.25 , 114.50 , 40.88 , 4
465 , 51.25 , 114.50 , 40.88 , 4
Annealing DNA Now
466 , 50.00 , 114.50 , 50.75 , 4
467 , 49.50 , 114.50 , 62.00 , 4
468 , 49.25 , 114.50 , 62.00 , 4
469 , 49.50 , 114.50 , 62.00 , 4
470 , 50.25 , 114.50 , 62.00 , 4
471 , 51.00 , 114.50 , 59.63 , 4
472 , 51.25 , 114.50 , 52.38 , 4
473 , 51.50 , 114.50 , 49.50 , 4
474 , 51.50 , 114.50 , 46.50 , 4
475 , 51.25 , 114.50 , 45.75 , 4
Going to Extension Temperature
476 , 51.75 , 125.00 , 45.75 , 4
477 , 52.75 , 125.00 , 45.75 , 4
478 , 54.00 , 125.00 , 45.75 , 4
479 , 55.50 , 125.00 , 45.75 , 4
480 , 57.50 , 125.00 , 45.75 , 4
481 , 59.00 , 125.00 , 45.75 , 4
482 , 60.75 , 125.00 , 45.75 , 4
483 , 62.25 , 125.00 , 45.75 , 4
484 , 63.25 , 125.00 , 45.75 , 4
485 , 65.00 , 125.00 , 45.75 , 4
486 , 65.50 , 125.00 , 45.75 , 4
487 , 67.50 , 125.00 , 45.75 , 4
Extending DNA Now
488 , 68.50 , 125.00 , 45.75 , 4
489 , 69.75 , 125.00 , 45.75 , 4
490 , 71.00 , 117.87 , 45.75 , 4
491 , 72.00 , 105.62 , 45.75 , 4
492 , 72.75 , 95.12 , 45.75 , 4
493 , 73.25 , 86.50 , 45.75 , 4
494 , 73.25 , 79.87 , 45.75 , 4
495 , 73.50 , 77.75 , 45.75 , 4
496 , 73.00 , 73.25 , 45.75 , 4
497 , 72.75 , 75.75 , 45.75 , 4
498 , 72.25 , 76.12 , 45.75 , 4
499 , 73.00 , 79.00 , 45.75 , 4
500 , 72.25 , 70.25 , 45.75 , 4
501 , 71.25 , 75.37 , 45.75 , 4
502 , 72.00 , 83.25 , 45.75 , 4
503 , 72.00 , 75.00 , 45.75 , 4
504 , 71.75 , 73.50 , 45.75 , 4
505 , 72.00 , 74.37 , 45.75 , 4
506 , 72.00 , 70.62 , 45.75 , 4
507 , 71.50 , 69.12 , 45.75 , 4
508 , 71.50 , 72.37 , 45.75 , 4
509 , 71.25 , 71.12 , 45.75 , 4
510 , 71.25 , 72.25 , 45.75 , 4
511 , 71.00 , 71.12 , 45.75 , 4
512 , 70.25 , 72.37 , 45.75 , 4
513 , 71.00 , 78.50 , 45.75 , 4
514 , 70.25 , 70.75 , 45.75 , 4
515 , 70.50 , 76.87 , 45.75 , 4
516 , 70.00 , 73.87 , 45.75 , 4
517 , 70.25 , 77.87 , 45.75 , 4
518 , 70.00 , 77.87 , 45.75 , 4
Going to Denaturing Temperature
519 , 70.00 , 125.00 , 45.75 , 5
520 , 70.75 , 125.00 , 45.75 , 5
521 , 71.00 , 125.00 , 45.75 , 5
522 , 72.25 , 125.00 , 45.75 , 5
523 , 74.00 , 125.00 , 45.75 , 5
524 , 75.00 , 125.00 , 45.75 , 5
525 , 76.00 , 125.00 , 45.75 , 5
526 , 76.50 , 125.00 , 45.75 , 5
527 , 77.50 , 125.00 , 45.75 , 5
528 , 78.25 , 125.00 , 45.75 , 5
529 , 79.25 , 125.00 , 45.75 , 5
530 , 79.00 , 125.00 , 45.75 , 5
531 , 80.75 , 125.00 , 45.75 , 5
532 , 81.00 , 125.00 , 45.75 , 5
533 , 82.25 , 125.00 , 45.75 , 5
534 , 82.25 , 125.00 , 45.75 , 5
535 , 83.00 , 125.00 , 45.75 , 5
536 , 84.00 , 125.00 , 45.75 , 5
537 , 84.00 , 125.00 , 45.75 , 5
538 , 84.25 , 125.00 , 45.75 , 5
539 , 85.50 , 125.00 , 45.75 , 5
540 , 85.75 , 125.00 , 45.75 , 5
541 , 86.75 , 125.00 , 45.75 , 5
542 , 87.25 , 125.00 , 45.75 , 5
543 , 87.25 , 125.00 , 45.75 , 5
544 , 88.00 , 125.00 , 45.75 , 5
545 , 88.25 , 125.00 , 45.75 , 5
546 , 88.75 , 125.00 , 45.75 , 5
547 , 89.50 , 125.00 , 45.75 , 5
548 , 89.50 , 125.00 , 45.75 , 5
549 , 89.75 , 125.00 , 45.75 , 5
550 , 90.25 , 125.00 , 45.75 , 5
551 , 91.00 , 125.00 , 45.75 , 5
552 , 91.75 , 125.00 , 45.75 , 5
553 , 92.00 , 125.00 , 45.75 , 5
Denaturing DNA Now
554 , 92.25 , 125.00 , 45.75 , 5
555 , 92.50 , 122.62 , 45.75 , 5
556 , 92.75 , 120.12 , 45.75 , 5
557 , 93.00 , 117.50 , 45.75 , 5
558 , 93.00 , 114.75 , 45.75 , 5
Going to Annealing Temperature
559 , 93.25 , 114.75 , 45.75 , 5
560 , 91.75 , 114.75 , 45.75 , 5
561 , 89.25 , 114.75 , 45.75 , 5
562 , 86.00 , 114.75 , 45.75 , 5
563 , 83.25 , 114.75 , 45.75 , 5
564 , 79.50 , 114.75 , 45.75 , 5
565 , 76.50 , 114.75 , 45.75 , 5
566 , 73.50 , 114.75 , 45.75 , 5
567 , 71.00 , 114.75 , 45.75 , 5
568 , 68.25 , 114.75 , 45.75 , 5
569 , 65.75 , 114.75 , 45.75 , 5
570 , 63.25 , 114.75 , 45.75 , 5
571 , 61.50 , 114.75 , 45.75 , 5
572 , 59.25 , 114.75 , 45.75 , 5
573 , 57.50 , 114.75 , 45.75 , 5
574 , 55.75 , 114.75 , 45.75 , 5
575 , 54.00 , 114.75 , 45.75 , 5
576 , 52.25 , 114.75 , 45.75 , 5
577 , 50.75 , 114.75 , 45.75 , 5
Annealing DNA Now
578 , 49.75 , 114.75 , 55.25 , 5
579 , 48.75 , 114.75 , 62.00 , 5
580 , 49.00 , 114.75 , 62.00 , 5
581 , 49.00 , 114.75 , 62.00 , 5
582 , 50.00 , 114.75 , 62.00 , 5
583 , 50.75 , 114.75 , 62.00 , 5
584 , 51.25 , 114.75 , 54.88 , 5
585 , 51.50 , 114.75 , 49.75 , 5
586 , 51.75 , 114.75 , 46.75 , 5
587 , 51.75 , 114.75 , 43.63 , 5
Going to Extension Temperature
588 , 52.00 , 125.00 , 43.63 , 5
589 , 52.75 , 125.00 , 43.63 , 5
590 , 53.75 , 125.00 , 43.63 , 5
591 , 55.25 , 125.00 , 43.63 , 5
592 , 56.75 , 125.00 , 43.63 , 5
593 , 57.75 , 125.00 , 43.63 , 5
594 , 59.75 , 125.00 , 43.63 , 5
595 , 61.25 , 125.00 , 43.63 , 5
596 , 62.25 , 125.00 , 43.63 , 5
597 , 63.50 , 125.00 , 43.63 , 5
598 , 65.25 , 125.00 , 43.63 , 5
599 , 66.50 , 125.00 , 43.63 , 5
600 , 67.25 , 125.00 , 43.63 , 5
601 , 68.50 , 125.00 , 43.63 , 5
Extending DNA Now
602 , 69.00 , 125.00 , 43.63 , 5
603 , 70.50 , 125.00 , 43.63 , 5
604 , 71.25 , 110.75 , 43.63 , 5
605 , 72.00 , 102.87 , 43.63 , 5
606 , 73.00 , 94.62 , 43.63 , 5
607 , 73.25 , 83.62 , 43.63 , 5
608 , 73.00 , 79.25 , 43.63 , 5
609 , 73.25 , 79.50 , 43.63 , 5
610 , 72.50 , 75.12 , 43.63 , 5
611 , 72.75 , 80.12 , 43.63 , 5
612 , 72.50 , 76.00 , 43.63 , 5
613 , 72.00 , 76.50 , 43.63 , 5
614 , 72.25 , 79.50 , 43.63 , 5
615 , 72.00 , 75.62 , 43.63 , 5
616 , 71.75 , 76.37 , 43.63 , 5
617 , 71.50 , 77.25 , 43.63 , 5
618 , 71.50 , 78.25 , 43.63 , 5
619 , 71.50 , 77.00 , 43.63 , 5
620 , 71.00 , 75.75 , 43.63 , 5
621 , 71.00 , 79.25 , 43.63 , 5
622 , 71.00 , 78.25 , 43.63 , 5
623 , 71.25 , 77.25 , 43.63 , 5
624 , 71.25 , 73.87 , 43.63 , 5
625 , 71.00 , 72.75 , 43.63 , 5
626 , 71.00 , 74.00 , 43.63 , 5
627 , 70.75 , 73.00 , 43.63 , 5
628 , 71.00 , 74.37 , 43.63 , 5
629 , 70.50 , 71.12 , 43.63 , 5
630 , 70.00 , 74.87 , 43.63 , 5
631 , 70.25 , 78.87 , 43.63 , 5
632 , 70.00 , 78.87 , 43.63 , 5
Going to Denaturing Temperature
633 , 70.00 , 125.00 , 43.63 , 6
634 , 70.75 , 125.00 , 43.63 , 6
635 , 71.25 , 125.00 , 43.63 , 6
636 , 72.50 , 125.00 , 43.63 , 6
637 , 73.50 , 125.00 , 43.63 , 6
638 , 74.00 , 125.00 , 43.63 , 6
639 , 75.25 , 125.00 , 43.63 , 6
640 , 76.25 , 125.00 , 43.63 , 6
641 , 77.00 , 125.00 , 43.63 , 6
642 , 77.75 , 125.00 , 43.63 , 6
643 , 78.00 , 125.00 , 43.63 , 6
644 , 79.00 , 125.00 , 43.63 , 6
645 , 79.75 , 125.00 , 43.63 , 6
646 , 80.25 , 125.00 , 43.63 , 6
647 , 80.50 , 125.00 , 43.63 , 6
648 , 81.25 , 125.00 , 43.63 , 6
649 , 81.50 , 125.00 , 43.63 , 6
650 , 82.50 , 125.00 , 43.63 , 6
651 , 82.75 , 125.00 , 43.63 , 6
652 , 83.25 , 125.00 , 43.63 , 6
653 , 84.00 , 125.00 , 43.63 , 6
654 , 84.00 , 125.00 , 43.63 , 6
655 , 84.50 , 125.00 , 43.63 , 6
656 , 84.75 , 125.00 , 43.63 , 6
657 , 85.25 , 125.00 , 43.63 , 6
658 , 85.75 , 125.00 , 43.63 , 6
659 , 85.75 , 125.00 , 43.63 , 6
660 , 86.50 , 125.00 , 43.63 , 6
661 , 86.75 , 125.00 , 43.63 , 6
662 , 86.75 , 125.00 , 43.63 , 6
663 , 87.25 , 125.00 , 43.63 , 6
664 , 87.50 , 125.00 , 43.63 , 6
665 , 87.50 , 125.00 , 43.63 , 6
666 , 88.00 , 125.00 , 43.63 , 6
667 , 88.75 , 125.00 , 43.63 , 6
668 , 88.00 , 125.00 , 43.63 , 6
669 , 89.00 , 125.00 , 43.63 , 6
670 , 88.75 , 125.00 , 43.63 , 6
671 , 89.00 , 125.00 , 43.63 , 6
672 , 89.25 , 125.00 , 43.63 , 6
673 , 89.75 , 125.00 , 43.63 , 6
674 , 90.00 , 125.00 , 43.63 , 6
675 , 90.50 , 125.00 , 43.63 , 6
676 , 90.50 , 125.00 , 43.63 , 6
677 , 90.75 , 125.00 , 43.63 , 6
678 , 91.00 , 125.00 , 43.63 , 6
679 , 91.25 , 125.00 , 43.63 , 6
680 , 91.25 , 125.00 , 43.63 , 6
681 , 91.50 , 125.00 , 43.63 , 6
682 , 91.50 , 125.00 , 43.63 , 6
683 , 91.75 , 125.00 , 43.63 , 6
684 , 92.00 , 125.00 , 43.63 , 6
Denaturing DNA Now
685 , 91.50 , 125.00 , 43.63 , 6
686 , 92.25 , 125.00 , 43.63 , 6
687 , 92.25 , 122.62 , 43.63 , 6
688 , 92.50 , 122.50 , 43.63 , 6
689 , 92.75 , 120.00 , 43.63 , 6
Going to Annealing Temperature
690 , 92.50 , 120.00 , 43.63 , 6
691 , 91.00 , 120.00 , 43.63 , 6
692 , 88.75 , 120.00 , 43.63 , 6
693 , 85.75 , 120.00 , 43.63 , 6
694 , 82.25 , 120.00 , 43.63 , 6
695 , 78.75 , 120.00 , 43.63 , 6
696 , 76.25 , 120.00 , 43.63 , 6
697 , 73.25 , 120.00 , 43.63 , 6
698 , 70.00 , 120.00 , 43.63 , 6
699 , 68.00 , 120.00 , 43.63 , 6
700 , 65.50 , 120.00 , 43.63 , 6
701 , 63.25 , 120.00 , 43.63 , 6
702 , 61.25 , 120.00 , 43.63 , 6
703 , 59.25 , 120.00 , 43.63 , 6
704 , 57.25 , 120.00 , 43.63 , 6
705 , 55.50 , 120.00 , 43.63 , 6
706 , 54.00 , 120.00 , 43.63 , 6
707 , 52.25 , 120.00 , 43.63 , 6
708 , 51.00 , 120.00 , 43.63 , 6
Annealing DNA Now
709 , 49.50 , 120.00 , 53.00 , 6
710 , 48.50 , 120.00 , 62.00 , 6
711 , 48.75 , 120.00 , 62.00 , 6
712 , 48.75 , 120.00 , 62.00 , 6
713 , 49.75 , 120.00 , 62.00 , 6
714 , 50.25 , 120.00 , 62.00 , 6
715 , 50.50 , 120.00 , 59.63 , 6
716 , 51.25 , 120.00 , 57.13 , 6
717 , 51.50 , 120.00 , 49.75 , 6
718 , 51.50 , 120.00 , 46.75 , 6
Going to Extension Temperature
719 , 51.75 , 125.00 , 46.75 , 6
720 , 52.50 , 125.00 , 46.75 , 6
721 , 53.50 , 125.00 , 46.75 , 6
722 , 55.00 , 125.00 , 46.75 , 6
723 , 56.25 , 125.00 , 46.75 , 6
724 , 57.25 , 125.00 , 46.75 , 6
725 , 59.00 , 125.00 , 46.75 , 6
726 , 60.25 , 125.00 , 46.75 , 6
727 , 61.25 , 125.00 , 46.75 , 6
728 , 63.25 , 125.00 , 46.75 , 6
729 , 63.75 , 125.00 , 46.75 , 6
730 , 65.25 , 125.00 , 46.75 , 6
731 , 66.00 , 125.00 , 46.75 , 6
732 , 67.00 , 125.00 , 46.75 , 6
733 , 67.75 , 125.00 , 46.75 , 6
Extending DNA Now
734 , 69.00 , 125.00 , 46.75 , 6
735 , 69.75 , 125.00 , 46.75 , 6
736 , 70.00 , 117.87 , 46.75 , 6
737 , 70.50 , 115.12 , 46.75 , 6
738 , 71.25 , 109.87 , 46.75 , 6
739 , 72.50 , 102.00 , 46.75 , 6
740 , 72.75 , 89.00 , 46.75 , 6
741 , 72.75 , 84.87 , 46.75 , 6
742 , 72.75 , 83.00 , 46.75 , 6
743 , 72.25 , 81.12 , 46.75 , 6
744 , 72.50 , 84.00 , 46.75 , 6
745 , 72.50 , 80.00 , 46.75 , 6
746 , 72.00 , 78.25 , 46.75 , 6
747 , 72.25 , 81.25 , 46.75 , 6
748 , 72.00 , 77.37 , 46.75 , 6
749 , 72.00 , 78.12 , 46.75 , 6
750 , 71.75 , 76.62 , 46.75 , 6
751 , 71.00 , 77.50 , 46.75 , 6
752 , 71.25 , 83.25 , 46.75 , 6
753 , 70.75 , 79.87 , 46.75 , 6
754 , 70.75 , 83.50 , 46.75 , 6
755 , 70.50 , 82.62 , 46.75 , 6
756 , 70.50 , 84.12 , 46.75 , 6
757 , 70.50 , 83.37 , 46.75 , 6
758 , 71.00 , 82.62 , 46.75 , 6
759 , 71.00 , 77.12 , 46.75 , 6
760 , 70.75 , 76.12 , 46.75 , 6
761 , 70.50 , 77.50 , 46.75 , 6
762 , 70.50 , 79.00 , 46.75 , 6
763 , 70.25 , 78.25 , 46.75 , 6
764 , 70.50 , 78.25 , 46.75 , 6
Going to Denaturing Temperature
765 , 69.75 , 125.00 , 46.75 , 7
766 , 70.25 , 125.00 , 46.75 , 7
767 , 70.75 , 125.00 , 46.75 , 7
768 , 71.25 , 125.00 , 46.75 , 7
769 , 72.75 , 125.00 , 46.75 , 7
770 , 73.50 , 125.00 , 46.75 , 7
771 , 74.00 , 125.00 , 46.75 , 7
772 , 75.00 , 125.00 , 46.75 , 7
773 , 75.75 , 125.00 , 46.75 , 7
774 , 76.50 , 125.00 , 46.75 , 7
775 , 76.50 , 125.00 , 46.75 , 7
776 , 77.50 , 125.00 , 46.75 , 7
777 , 78.25 , 125.00 , 46.75 , 7
778 , 78.75 , 125.00 , 46.75 , 7
779 , 79.25 , 125.00 , 46.75 , 7
780 , 79.25 , 125.00 , 46.75 , 7
781 , 80.00 , 125.00 , 46.75 , 7
782 , 79.50 , 125.00 , 46.75 , 7
783 , 81.00 , 125.00 , 46.75 , 7
784 , 81.25 , 125.00 , 46.75 , 7
785 , 81.75 , 125.00 , 46.75 , 7
786 , 82.00 , 125.00 , 46.75 , 7
787 , 82.50 , 125.00 , 46.75 , 7
788 , 82.50 , 125.00 , 46.75 , 7
789 , 83.00 , 125.00 , 46.75 , 7
790 , 83.50 , 125.00 , 46.75 , 7
791 , 83.75 , 125.00 , 46.75 , 7
792 , 84.25 , 125.00 , 46.75 , 7
793 , 84.50 , 125.00 , 46.75 , 7
794 , 84.50 , 125.00 , 46.75 , 7
795 , 85.00 , 125.00 , 46.75 , 7
796 , 85.50 , 125.00 , 46.75 , 7
797 , 85.50 , 125.00 , 46.75 , 7
798 , 86.00 , 125.00 , 46.75 , 7
799 , 86.00 , 125.00 , 46.75 , 7
800 , 85.75 , 125.00 , 46.75 , 7
801 , 86.75 , 125.00 , 46.75 , 7
802 , 87.25 , 125.00 , 46.75 , 7
803 , 87.25 , 125.00 , 46.75 , 7
804 , 87.50 , 125.00 , 46.75 , 7
805 , 87.25 , 125.00 , 46.75 , 7
806 , 87.50 , 125.00 , 46.75 , 7
807 , 88.00 , 125.00 , 46.75 , 7
808 , 88.00 , 125.00 , 46.75 , 7
809 , 88.25 , 125.00 , 46.75 , 7
810 , 88.75 , 125.00 , 46.75 , 7
811 , 88.75 , 125.00 , 46.75 , 7
812 , 88.75 , 125.00 , 46.75 , 7
813 , 88.50 , 125.00 , 46.75 , 7
814 , 88.75 , 125.00 , 46.75 , 7
815 , 89.00 , 125.00 , 46.75 , 7
816 , 89.50 , 125.00 , 46.75 , 7
817 , 89.25 , 125.00 , 46.75 , 7
818 , 90.00 , 125.00 , 46.75 , 7
819 , 90.00 , 125.00 , 46.75 , 7
820 , 90.00 , 125.00 , 46.75 , 7
821 , 90.00 , 125.00 , 46.75 , 7
822 , 90.25 , 125.00 , 46.75 , 7
823 , 90.50 , 125.00 , 46.75 , 7
824 , 90.00 , 125.00 , 46.75 , 7
825 , 90.00 , 125.00 , 46.75 , 7
826 , 90.50 , 125.00 , 46.75 , 7
827 , 90.50 , 125.00 , 46.75 , 7
828 , 90.75 , 125.00 , 46.75 , 7
829 , 91.00 , 125.00 , 46.75 , 7
830 , 90.50 , 125.00 , 46.75 , 7
831 , 91.25 , 125.00 , 46.75 , 7
832 , 91.50 , 125.00 , 46.75 , 7
833 , 92.00 , 125.00 , 46.75 , 7
Denaturing DNA Now
834 , 92.25 , 125.00 , 46.75 , 7
835 , 92.00 , 122.62 , 46.75 , 7
836 , 92.50 , 124.87 , 46.75 , 7
837 , 92.50 , 120.12 , 46.75 , 7
838 , 93.25 , 119.87 , 46.75 , 7
Going to Annealing Temperature
839 , 93.00 , 119.87 , 46.75 , 7
840 , 92.00 , 119.87 , 46.75 , 7
841 , 89.00 , 119.87 , 46.75 , 7
842 , 86.25 , 119.87 , 46.75 , 7
843 , 82.75 , 119.87 , 46.75 , 7
844 , 79.25 , 119.87 , 46.75 , 7
845 , 76.50 , 119.87 , 46.75 , 7
846 , 73.25 , 119.87 , 46.75 , 7
847 , 70.50 , 119.87 , 46.75 , 7
848 , 68.00 , 119.87 , 46.75 , 7
849 , 65.75 , 119.87 , 46.75 , 7
850 , 63.75 , 119.87 , 46.75 , 7
851 , 61.25 , 119.87 , 46.75 , 7
852 , 59.50 , 119.87 , 46.75 , 7
853 , 56.75 , 119.87 , 46.75 , 7
854 , 55.75 , 119.87 , 46.75 , 7
855 , 53.50 , 119.87 , 46.75 , 7
856 , 52.50 , 119.87 , 46.75 , 7
857 , 51.25 , 119.87 , 46.75 , 7
Annealing DNA Now
859 , 49.75 , 119.87 , 50.75 , 7
860 , 49.00 , 119.87 , 62.00 , 7
861 , 48.75 , 119.87 , 62.00 , 7
862 , 49.25 , 119.87 , 62.00 , 7
863 , 49.75 , 119.87 , 62.00 , 7
864 , 50.50 , 119.87 , 62.00 , 7
865 , 50.50 , 119.87 , 57.25 , 7
866 , 51.50 , 119.87 , 57.00 , 7
867 , 51.50 , 119.87 , 47.25 , 7
868 , 51.75 , 119.87 , 46.50 , 7
Going to Extension Temperature
869 , 51.25 , 125.00 , 46.50 , 7
870 , 52.25 , 125.00 , 46.50 , 7
871 , 53.00 , 125.00 , 46.50 , 7
872 , 54.50 , 125.00 , 46.50 , 7
873 , 56.00 , 125.00 , 46.50 , 7
874 , 57.75 , 125.00 , 46.50 , 7
875 , 59.00 , 125.00 , 46.50 , 7
876 , 60.50 , 125.00 , 46.50 , 7
877 , 62.00 , 125.00 , 46.50 , 7
878 , 63.00 , 125.00 , 46.50 , 7
879 , 64.75 , 125.00 , 46.50 , 7
880 , 65.75 , 125.00 , 46.50 , 7
881 , 66.75 , 125.00 , 46.50 , 7
882 , 68.00 , 125.00 , 46.50 , 7
Extending DNA Now
883 , 68.75 , 125.00 , 46.50 , 7
884 , 70.00 , 125.00 , 46.50 , 7
885 , 70.75 , 115.50 , 46.50 , 7
886 , 71.50 , 107.87 , 46.50 , 7
887 , 71.75 , 99.87 , 46.50 , 7
888 , 72.00 , 96.25 , 46.50 , 7
889 , 72.75 , 92.50 , 46.50 , 7
890 , 72.50 , 83.87 , 46.50 , 7
891 , 73.00 , 84.37 , 46.50 , 7
892 , 73.00 , 77.87 , 46.50 , 7
893 , 73.00 , 75.87 , 46.50 , 7
894 , 73.00 , 73.87 , 46.50 , 7
895 , 72.75 , 71.87 , 46.50 , 7
896 , 72.00 , 72.25 , 46.50 , 7
897 , 72.50 , 77.50 , 46.50 , 7
898 , 72.00 , 71.25 , 46.50 , 7
899 , 72.00 , 74.25 , 46.50 , 7
900 , 71.75 , 72.75 , 46.50 , 7
901 , 71.25 , 73.62 , 46.50 , 7
902 , 71.75 , 77.00 , 46.50 , 7
903 , 71.25 , 71.12 , 46.50 , 7
904 , 71.00 , 74.50 , 46.50 , 7
905 , 71.25 , 75.75 , 46.50 , 7
906 , 71.75 , 72.37 , 46.50 , 7
907 , 71.50 , 66.50 , 46.50 , 7
908 , 71.50 , 67.50 , 46.50 , 7
909 , 70.50 , 66.25 , 46.50 , 7
910 , 70.75 , 74.50 , 46.50 , 7
911 , 70.25 , 71.37 , 46.50 , 7
912 , 70.25 , 75.25 , 46.50 , 7
913 , 70.00 , 75.25 , 46.50 , 7
Going to Denaturing Temperature
914 , 69.50 , 125.00 , 46.50 , 8
915 , 70.25 , 125.00 , 46.50 , 8
916 , 70.50 , 125.00 , 46.50 , 8
917 , 71.75 , 125.00 , 46.50 , 8
918 , 72.25 , 125.00 , 46.50 , 8
919 , 73.25 , 125.00 , 46.50 , 8
920 , 74.00 , 125.00 , 46.50 , 8
921 , 74.75 , 125.00 , 46.50 , 8
922 , 75.00 , 125.00 , 46.50 , 8
923 , 76.00 , 125.00 , 46.50 , 8
924 , 76.50 , 125.00 , 46.50 , 8
925 , 76.75 , 125.00 , 46.50 , 8
926 , 77.00 , 125.00 , 46.50 , 8
927 , 78.00 , 125.00 , 46.50 , 8
928 , 78.25 , 125.00 , 46.50 , 8
929 , 78.25 , 125.00 , 46.50 , 8
930 , 79.25 , 125.00 , 46.50 , 8
931 , 79.75 , 125.00 , 46.50 , 8
932 , 80.25 , 125.00 , 46.50 , 8
933 , 80.75 , 125.00 , 46.50 , 8
934 , 80.50 , 125.00 , 46.50 , 8
935 , 81.25 , 125.00 , 46.50 , 8
936 , 81.00 , 125.00 , 46.50 , 8
937 , 82.25 , 125.00 , 46.50 , 8
938 , 81.75 , 125.00 , 46.50 , 8
939 , 82.50 , 125.00 , 46.50 , 8
940 , 82.25 , 125.00 , 46.50 , 8
941 , 82.50 , 125.00 , 46.50 , 8
942 , 83.25 , 125.00 , 46.50 , 8
943 , 83.75 , 125.00 , 46.50 , 8
944 , 84.75 , 125.00 , 46.50 , 8
945 , 84.75 , 125.00 , 46.50 , 8
946 , 85.75 , 125.00 , 46.50 , 8
947 , 85.25 , 125.00 , 46.50 , 8
948 , 86.00 , 125.00 , 46.50 , 8
949 , 85.50 , 125.00 , 46.50 , 8
950 , 86.50 , 125.00 , 46.50 , 8
951 , 86.25 , 125.00 , 46.50 , 8
952 , 86.50 , 125.00 , 46.50 , 8
953 , 87.25 , 125.00 , 46.50 , 8
954 , 87.25 , 125.00 , 46.50 , 8
955 , 87.75 , 125.00 , 46.50 , 8
956 , 88.00 , 125.00 , 46.50 , 8
957 , 88.00 , 125.00 , 46.50 , 8
958 , 88.25 , 125.00 , 46.50 , 8
959 , 88.25 , 125.00 , 46.50 , 8
960 , 88.50 , 125.00 , 46.50 , 8
961 , 88.75 , 125.00 , 46.50 , 8
962 , 88.75 , 125.00 , 46.50 , 8
963 , 89.00 , 125.00 , 46.50 , 8
964 , 88.75 , 125.00 , 46.50 , 8
965 , 89.00 , 125.00 , 46.50 , 8
966 , 88.75 , 125.00 , 46.50 , 8
967 , 89.25 , 125.00 , 46.50 , 8
968 , 88.75 , 125.00 , 46.50 , 8
969 , 89.25 , 125.00 , 46.50 , 8
970 , 88.75 , 125.00 , 46.50 , 8
971 , 89.50 , 125.00 , 46.50 , 8
972 , 89.00 , 125.00 , 46.50 , 8
973 , 89.00 , 125.00 , 46.50 , 8
974 , 89.50 , 125.00 , 46.50 , 8
975 , 89.50 , 125.00 , 46.50 , 8
976 , 89.50 , 125.00 , 46.50 , 8
977 , 89.25 , 125.00 , 46.50 , 8
978 , 89.75 , 125.00 , 46.50 , 8
979 , 89.50 , 125.00 , 46.50 , 8
980 , 89.50 , 125.00 , 46.50 , 8
981 , 89.25 , 125.00 , 46.50 , 8
982 , 89.75 , 125.00 , 46.50 , 8
983 , 89.75 , 125.00 , 46.50 , 8
984 , 89.50 , 125.00 , 46.50 , 8
985 , 89.50 , 125.00 , 46.50 , 8
986 , 89.75 , 125.00 , 46.50 , 8
987 , 90.00 , 125.00 , 46.50 , 8
988 , 90.25 , 125.00 , 46.50 , 8
989 , 89.75 , 125.00 , 46.50 , 8
990 , 90.25 , 125.00 , 46.50 , 8
991 , 90.50 , 125.00 , 46.50 , 8
992 , 89.75 , 125.00 , 46.50 , 8
993 , 90.75 , 125.00 , 46.50 , 8
994 , 90.75 , 125.00 , 46.50 , 8
995 , 90.50 , 125.00 , 46.50 , 8
996 , 90.25 , 125.00 , 46.50 , 8
997 , 90.75 , 125.00 , 46.50 , 8
998 , 90.00 , 125.00 , 46.50 , 8
999 , 90.50 , 125.00 , 46.50 , 8
1000 , 90.25 , 125.00 , 46.50 , 8
1001 , 91.00 , 125.00 , 46.50 , 8
1002 , 90.75 , 125.00 , 46.50 , 8
1003 , 90.75 , 125.00 , 46.50 , 8
1004 , 90.75 , 125.00 , 46.50 , 8
1005 , 90.75 , 125.00 , 46.50 , 8
1006 , 90.75 , 125.00 , 46.50 , 8
1007 , 90.75 , 125.00 , 46.50 , 8
1008 , 90.25 , 125.00 , 46.50 , 8
1009 , 90.50 , 125.00 , 46.50 , 8
1010 , 90.25 , 125.00 , 46.50 , 8
1011 , 90.75 , 125.00 , 46.50 , 8
1012 , 90.50 , 125.00 , 46.50 , 8
1013 , 90.50 , 125.00 , 46.50 , 8
1014 , 90.50 , 125.00 , 46.50 , 8
1015 , 90.25 , 125.00 , 46.50 , 8
1016 , 90.25 , 125.00 , 46.50 , 8
1017 , 90.00 , 125.00 , 46.50 , 8
1018 , 90.25 , 125.00 , 46.50 , 8
1019 , 89.75 , 125.00 , 46.50 , 8
1020 , 90.00 , 125.00 , 46.50 , 8
1021 , 90.00 , 125.00 , 46.50 , 8
1022 , 89.75 , 125.00 , 46.50 , 8
1023 , 89.50 , 125.00 , 46.50 , 8
1024 , 90.00 , 125.00 , 46.50 , 8
1025 , 89.50 , 125.00 , 46.50 , 8
1026 , 89.50 , 125.00 , 46.50 , 8
1027 , 89.75 , 125.00 , 46.50 , 8
1028 , 90.00 , 125.00 , 46.50 , 8
1029 , 90.25 , 125.00 , 46.50 , 8
1030 , 90.25 , 125.00 , 46.50 , 8
1031 , 89.75 , 125.00 , 46.50 , 8
1032 , 90.00 , 125.00 , 46.50 , 8
1033 , 90.25 , 125.00 , 46.50 , 8
1034 , 90.50 , 125.00 , 46.50 , 8
1035 , 90.00 , 125.00 , 46.50 , 8
1036 , 90.50 , 125.00 , 46.50 , 8
1037 , 91.50 , 125.00 , 46.50 , 8
1038 , 92.00 , 125.00 , 46.50 , 8
Denaturing DNA Now
1039 , 92.25 , 125.00 , 46.50 , 8
1040 , 91.50 , 122.62 , 46.50 , 8
1041 , 91.25 , 125.00 , 46.50 , 8
1042 , 92.00 , 125.00 , 46.50 , 8
1043 , 91.50 , 125.00 , 46.50 , 8
Going to Annealing Temperature
1044 , 92.00 , 125.00 , 46.50 , 8
1045 , 90.50 , 125.00 , 46.50 , 8
1046 , 87.50 , 125.00 , 46.50 , 8
1047 , 84.75 , 125.00 , 46.50 , 8
1048 , 81.75 , 125.00 , 46.50 , 8
1049 , 78.25 , 125.00 , 46.50 , 8
1050 , 75.75 , 125.00 , 46.50 , 8
1051 , 72.75 , 125.00 , 46.50 , 8
1052 , 70.00 , 125.00 , 46.50 , 8
1053 , 67.25 , 125.00 , 46.50 , 8
1054 , 65.25 , 125.00 , 46.50 , 8
1055 , 62.25 , 125.00 , 46.50 , 8
1056 , 60.50 , 125.00 , 46.50 , 8
1057 , 59.25 , 125.00 , 46.50 , 8
1058 , 57.50 , 125.00 , 46.50 , 8
1059 , 55.25 , 125.00 , 46.50 , 8
1060 , 54.00 , 125.00 , 46.50 , 8
1061 , 52.25 , 125.00 , 46.50 , 8
1062 , 51.25 , 125.00 , 46.50 , 8
Annealing DNA Now
1063 , 49.50 , 125.00 , 50.75 , 8
1064 , 49.00 , 125.00 , 62.00 , 8
1065 , 48.25 , 125.00 , 62.00 , 8
1066 , 49.00 , 125.00 , 62.00 , 8
1067 , 50.25 , 125.00 , 62.00 , 8
1068 , 50.50 , 125.00 , 59.63 , 8
1069 , 51.25 , 125.00 , 57.13 , 8
1070 , 51.50 , 125.00 , 49.75 , 8
1071 , 52.00 , 125.00 , 46.75 , 8
1072 , 51.75 , 125.00 , 41.25 , 8
Going to Extension Temperature
1073 , 51.75 , 125.00 , 41.25 , 8
1074 , 53.00 , 125.00 , 41.25 , 8
1075 , 53.75 , 125.00 , 41.25 , 8
1076 , 55.50 , 125.00 , 41.25 , 8
1077 , 56.25 , 125.00 , 41.25 , 8
1078 , 57.25 , 125.00 , 41.25 , 8
1079 , 58.25 , 125.00 , 41.25 , 8
1080 , 59.75 , 125.00 , 41.25 , 8
1081 , 61.00 , 125.00 , 41.25 , 8
1082 , 62.00 , 125.00 , 41.25 , 8
1083 , 63.25 , 125.00 , 41.25 , 8
1084 , 64.25 , 125.00 , 41.25 , 8
1085 , 65.00 , 125.00 , 41.25 , 8
1086 , 65.25 , 125.00 , 41.25 , 8
1087 , 66.25 , 125.00 , 41.25 , 8
1088 , 67.50 , 125.00 , 41.25 , 8
Extending DNA Now
1089 , 67.75 , 125.00 , 41.25 , 8
1090 , 68.50 , 125.00 , 41.25 , 8
1091 , 69.75 , 125.00 , 41.25 , 8
1092 , 70.00 , 117.87 , 41.25 , 8
1093 , 70.50 , 115.12 , 41.25 , 8
1094 , 71.25 , 109.87 , 41.25 , 8
1095 , 71.50 , 102.00 , 41.25 , 8
1096 , 72.00 , 98.50 , 41.25 , 8
1097 , 71.75 , 92.50 , 41.25 , 8
1098 , 72.25 , 93.37 , 41.25 , 8
1099 , 72.50 , 87.25 , 41.25 , 8
1100 , 72.75 , 83.25 , 41.25 , 8
1101 , 72.75 , 79.12 , 41.25 , 8
1102 , 72.75 , 77.25 , 41.25 , 8
1103 , 72.75 , 75.37 , 41.25 , 8
1104 , 71.75 , 73.50 , 41.25 , 8
1105 , 71.75 , 81.12 , 41.25 , 8
1106 , 71.50 , 79.75 , 41.25 , 8
1107 , 71.00 , 80.75 , 41.25 , 8
1108 , 71.25 , 84.25 , 41.25 , 8
1109 , 71.00 , 80.87 , 41.25 , 8
1110 , 71.25 , 82.12 , 41.25 , 8
1111 , 70.25 , 78.75 , 41.25 , 8
1112 , 70.25 , 87.12 , 41.25 , 8
1113 , 70.50 , 86.50 , 41.25 , 8
1114 , 70.25 , 83.50 , 41.25 , 8
1115 , 69.25 , 85.12 , 41.25 , 8
1116 , 70.00 , 94.00 , 41.25 , 8
1117 , 69.75 , 86.75 , 41.25 , 8
1118 , 70.00 , 88.62 , 41.25 , 8
1119 , 70.25 , 88.62 , 41.25 , 8
Going to Denaturing Temperature
1120 , 70.25 , 125.00 , 41.25 , 9
1121 , 70.25 , 125.00 , 41.25 , 9
1122 , 70.00 , 125.00 , 41.25 , 9
1123 , 71.25 , 125.00 , 41.25 , 9
1124 , 72.00 , 125.00 , 41.25 , 9
1125 , 72.75 , 125.00 , 41.25 , 9
1126 , 73.25 , 125.00 , 41.25 , 9
1127 , 73.75 , 125.00 , 41.25 , 9
1128 , 74.25 , 125.00 , 41.25 , 9
1129 , 74.50 , 125.00 , 41.25 , 9
1130 , 75.00 , 125.00 , 41.25 , 9
1131 , 75.25 , 125.00 , 41.25 , 9
1132 , 75.75 , 125.00 , 41.25 , 9
1133 , 75.75 , 125.00 , 41.25 , 9
1134 , 76.00 , 125.00 , 41.25 , 9
1135 , 76.25 , 125.00 , 41.25 , 9
1136 , 77.25 , 125.00 , 41.25 , 9
1137 , 77.50 , 125.00 , 41.25 , 9
1138 , 77.75 , 125.00 , 41.25 , 9
1139 , 77.75 , 125.00 , 41.25 , 9
1140 , 78.50 , 125.00 , 41.25 , 9
1141 , 78.25 , 125.00 , 41.25 , 9
1142 , 79.00 , 125.00 , 41.25 , 9
1143 , 79.25 , 125.00 , 41.25 , 9
1144 , 79.50 , 125.00 , 41.25 , 9
1145 , 79.75 , 125.00 , 41.25 , 9
1146 , 79.50 , 125.00 , 41.25 , 9
1147 , 79.75 , 125.00 , 41.25 , 9
1148 , 80.25 , 125.00 , 41.25 , 9
1149 , 80.25 , 125.00 , 41.25 , 9
1150 , 80.25 , 125.00 , 41.25 , 9
1151 , 80.75 , 125.00 , 41.25 , 9
1152 , 80.75 , 125.00 , 41.25 , 9
1153 , 81.50 , 125.00 , 41.25 , 9
1154 , 81.50 , 125.00 , 41.25 , 9
1155 , 82.00 , 125.00 , 41.25 , 9
1156 , 81.50 , 125.00 , 41.25 , 9
1157 , 82.00 , 125.00 , 41.25 , 9
1158 , 82.50 , 125.00 , 41.25 , 9
1159 , 82.25 , 125.00 , 41.25 , 9
1160 , 82.50 , 125.00 , 41.25 , 9
1161 , 82.50 , 125.00 , 41.25 , 9
1162 , 82.50 , 125.00 , 41.25 , 9
1163 , 82.50 , 125.00 , 41.25 , 9
1164 , 82.75 , 125.00 , 41.25 , 9
1165 , 83.00 , 125.00 , 41.25 , 9
1166 , 83.25 , 125.00 , 41.25 , 9
1167 , 83.25 , 125.00 , 41.25 , 9
1168 , 83.25 , 125.00 , 41.25 , 9
1169 , 83.25 , 125.00 , 41.25 , 9
1170 , 83.50 , 125.00 , 41.25 , 9
1171 , 83.50 , 125.00 , 41.25 , 9
1172 , 83.50 , 125.00 , 41.25 , 9
1173 , 83.50 , 125.00 , 41.25 , 9
1174 , 83.25 , 125.00 , 41.25 , 9
1175 , 83.50 , 125.00 , 41.25 , 9
1176 , 83.75 , 125.00 , 41.25 , 9
1177 , 83.75 , 125.00 , 41.25 , 9
1178 , 83.75 , 125.00 , 41.25 , 9
1179 , 83.75 , 125.00 , 41.25 , 9
1180 , 83.75 , 125.00 , 41.25 , 9
1181 , 83.75 , 125.00 , 41.25 , 9
1182 , 83.75 , 125.00 , 41.25 , 9
1183 , 83.50 , 125.00 , 41.25 , 9
1184 , 83.25 , 125.00 , 41.25 , 9
1185 , 83.50 , 125.00 , 41.25 , 9
1186 , 84.00 , 125.00 , 41.25 , 9
1187 , 83.50 , 125.00 , 41.25 , 9
1188 , 84.00 , 125.00 , 41.25 , 9
1189 , 83.75 , 125.00 , 41.25 , 9
1190 , 83.50 , 125.00 , 41.25 , 9
1191 , 84.00 , 125.00 , 41.25 , 9
1192 , 84.25 , 125.00 , 41.25 , 9
1193 , 84.00 , 125.00 , 41.25 , 9
1194 , 84.25 , 125.00 , 41.25 , 9
1195 , 84.25 , 125.00 , 41.25 , 9
1196 , 84.25 , 125.00 , 41.25 , 9
1197 , 84.25 , 125.00 , 41.25 , 9
1198 , 84.50 , 125.00 , 41.25 , 9
1199 , 84.50 , 125.00 , 41.25 , 9
1200 , 84.00 , 125.00 , 41.25 , 9
1201 , 84.75 , 125.00 , 41.25 , 9
1202 , 84.25 , 125.00 , 41.25 , 9
1203 , 84.50 , 125.00 , 41.25 , 9
1204 , 84.50 , 125.00 , 41.25 , 9
1205 , 84.50 , 125.00 , 41.25 , 9
1206 , 84.75 , 125.00 , 41.25 , 9
1207 , 84.75 , 125.00 , 41.25 , 9
1208 , 86.00 , 125.00 , 41.25 , 9
1209 , 86.50 , 125.00 , 41.25 , 9
1210 , 86.75 , 125.00 , 41.25 , 9
1211 , 86.75 , 125.00 , 41.25 , 9
1212 , 86.75 , 125.00 , 41.25 , 9
1213 , 87.00 , 125.00 , 41.25 , 9
1214 , 86.50 , 125.00 , 41.25 , 9
1215 , 87.00 , 125.00 , 41.25 , 9
1216 , 87.00 , 125.00 , 41.25 , 9
1217 , 87.00 , 125.00 , 41.25 , 9
1218 , 87.00 , 125.00 , 41.25 , 9
1219 , 86.50 , 125.00 , 41.25 , 9
1220 , 86.50 , 125.00 , 41.25 , 9
1221 , 87.00 , 125.00 , 41.25 , 9
1222 , 87.25 , 125.00 , 41.25 , 9
1223 , 87.50 , 125.00 , 41.25 , 9
1224 , 87.25 , 125.00 , 41.25 , 9
1225 , 88.00 , 125.00 , 41.25 , 9
1226 , 88.25 , 125.00 , 41.25 , 9
1227 , 88.00 , 125.00 , 41.25 , 9
1228 , 88.00 , 125.00 , 41.25 , 9
1229 , 88.25 , 125.00 , 41.25 , 9
1230 , 88.75 , 125.00 , 41.25 , 9
1231 , 88.75 , 125.00 , 41.25 , 9
1232 , 89.50 , 125.00 , 41.25 , 9
1233 , 90.25 , 125.00 , 41.25 , 9
1234 , 89.50 , 125.00 , 41.25 , 9
1235 , 90.00 , 125.00 , 41.25 , 9
1236 , 90.25 , 125.00 , 41.25 , 9
1237 , 89.75 , 125.00 , 41.25 , 9
1238 , 90.25 , 125.00 , 41.25 , 9
1239 , 90.00 , 125.00 , 41.25 , 9
1240 , 89.75 , 125.00 , 41.25 , 9
1241 , 89.50 , 125.00 , 41.25 , 9
1242 , 90.00 , 125.00 , 41.25 , 9
1243 , 90.00 , 125.00 , 41.25 , 9
1244 , 90.00 , 125.00 , 41.25 , 9
1245 , 89.50 , 125.00 , 41.25 , 9
1246 , 90.00 , 125.00 , 41.25 , 9
1247 , 89.75 , 125.00 , 41.25 , 9
1248 , 89.75 , 125.00 , 41.25 , 9
1249 , 90.00 , 125.00 , 41.25 , 9
1250 , 89.50 , 125.00 , 41.25 , 9
1251 , 90.00 , 125.00 , 41.25 , 9
1252 , 89.50 , 125.00 , 41.25 , 9
1253 , 90.00 , 125.00 , 41.25 , 9
1254 , 89.50 , 125.00 , 41.25 , 9
1255 , 90.00 , 125.00 , 41.25 , 9
1256 , 90.00 , 125.00 , 41.25 , 9
1257 , 90.00 , 125.00 , 41.25 , 9
1258 , 89.75 , 125.00 , 41.25 , 9
1259 , 90.00 , 125.00 , 41.25 , 9
1260 , 89.75 , 125.00 , 41.25 , 9
1261 , 90.25 , 125.00 , 41.25 , 9
1262 , 90.50 , 125.00 , 41.25 , 9
1263 , 90.75 , 125.00 , 41.25 , 9
1264 , 90.25 , 125.00 , 41.25 , 9
1265 , 90.25 , 125.00 , 41.25 , 9
1266 , 89.75 , 125.00 , 41.25 , 9
1267 , 90.25 , 125.00 , 41.25 , 9
1268 , 90.50 , 125.00 , 41.25 , 9
1269 , 90.75 , 125.00 , 41.25 , 9
1270 , 91.25 , 125.00 , 41.25 , 9
1271 , 91.75 , 125.00 , 41.25 , 9
1272 , 91.00 , 125.00 , 41.25 , 9
1273 , 92.00 , 125.00 , 41.25 , 9
Denaturing DNA Now
1274 , 91.75 , 125.00 , 41.25 , 9
1275 , 92.00 , 125.00 , 41.25 , 9
1276 , 92.50 , 125.00 , 41.25 , 9
1277 , 92.25 , 120.25 , 41.25 , 9
1278 , 92.50 , 122.37 , 41.25 , 9
Going to Annealing Temperature
1279 , 92.50 , 122.37 , 41.25 , 9
1280 , 89.00 , 122.37 , 41.25 , 9
1281 , 85.25 , 122.37 , 41.25 , 9
1282 , 82.50 , 122.37 , 41.25 , 9
1283 , 79.25 , 122.37 , 41.25 , 9
1284 , 76.00 , 122.37 , 41.25 , 9
1285 , 73.75 , 122.37 , 41.25 , 9
1286 , 70.00 , 122.37 , 41.25 , 9
1287 , 68.00 , 122.37 , 41.25 , 9
1288 , 65.75 , 122.37 , 41.25 , 9
1289 , 63.50 , 122.37 , 41.25 , 9
1290 , 61.50 , 122.37 , 41.25 , 9
1291 , 59.25 , 122.37 , 41.25 , 9
1292 , 57.00 , 122.37 , 41.25 , 9
1293 , 56.00 , 122.37 , 41.25 , 9
1294 , 54.50 , 122.37 , 41.25 , 9
1295 , 52.75 , 122.37 , 41.25 , 9
1296 , 51.00 , 122.37 , 41.25 , 9
Annealing DNA Now
1297 , 49.75 , 122.37 , 53.00 , 9
1298 , 49.50 , 122.37 , 62.00 , 9
1299 , 50.00 , 122.37 , 62.00 , 9
1300 , 50.50 , 122.37 , 62.00 , 9
1301 , 51.25 , 122.37 , 57.25 , 9
1302 , 51.75 , 122.37 , 49.88 , 9
1303 , 51.75 , 122.37 , 44.50 , 9
1304 , 51.75 , 122.37 , 43.63 , 9
1305 , 51.75 , 122.37 , 42.75 , 9
1306 , 51.50 , 122.37 , 41.88 , 9
Going to Extension Temperature
1307 , 51.00 , 125.00 , 41.88 , 9
1308 , 53.25 , 125.00 , 41.88 , 9
1309 , 56.25 , 125.00 , 41.88 , 9
1310 , 57.75 , 125.00 , 41.88 , 9
1311 , 59.25 , 125.00 , 41.88 , 9
1313 , 60.75 , 125.00 , 41.88 , 9
1314 , 62.00 , 125.00 , 41.88 , 9
1315 , 63.00 , 125.00 , 41.88 , 9
1316 , 63.75 , 125.00 , 41.88 , 9
1317 , 64.25 , 125.00 , 41.88 , 9
1318 , 65.00 , 125.00 , 41.88 , 9
1319 , 66.00 , 125.00 , 41.88 , 9
1320 , 66.25 , 125.00 , 41.88 , 9
1321 , 67.00 , 125.00 , 41.88 , 9
1322 , 66.75 , 125.00 , 41.88 , 9
1323 , 66.75 , 125.00 , 41.88 , 9
1324 , 67.25 , 125.00 , 41.88 , 9
1325 , 67.50 , 125.00 , 41.88 , 9
Extending DNA Now
1326 , 68.25 , 125.00 , 41.88 , 9
1327 , 69.00 , 125.00 , 41.88 , 9
1328 , 69.25 , 125.00 , 41.88 , 9
1329 , 69.50 , 122.62 , 41.88 , 9
1330 , 70.50 , 120.12 , 41.88 , 9
1331 , 71.00 , 110.37 , 41.88 , 9
1332 , 71.25 , 104.87 , 41.88 , 9
1333 , 71.25 , 101.50 , 41.88 , 9
1334 , 71.50 , 100.37 , 41.88 , 9
1335 , 71.75 , 96.87 , 41.88 , 9
1336 , 72.00 , 93.25 , 41.88 , 9
1337 , 72.00 , 89.50 , 41.88 , 9
1338 , 72.00 , 88.00 , 41.88 , 9
1339 , 72.25 , 86.50 , 41.88 , 9
1340 , 71.25 , 82.62 , 41.88 , 9
1341 , 71.75 , 90.50 , 41.88 , 9
1342 , 71.25 , 84.62 , 41.88 , 9
1343 , 71.25 , 88.00 , 41.88 , 9
1344 , 71.50 , 86.87 , 41.88 , 9
1345 , 71.00 , 83.37 , 41.88 , 9
1346 , 71.50 , 86.87 , 41.88 , 9
1347 , 71.00 , 81.12 , 41.88 , 9
1348 , 71.00 , 84.62 , 41.88 , 9
1349 , 71.00 , 83.62 , 41.88 , 9
1350 , 70.75 , 82.62 , 41.88 , 9
1351 , 70.75 , 84.00 , 41.88 , 9
1352 , 70.75 , 83.12 , 41.88 , 9
1353 , 71.00 , 82.25 , 41.88 , 9
1354 , 70.25 , 79.00 , 41.88 , 9
1355 , 70.50 , 85.12 , 41.88 , 9
1356 , 70.25 , 85.12 , 41.88 , 9
