Please wait for the temperature to reach 95
0 , 31.75 , 150.00 , 0.00 , 0
1 , 31.25 , 150.00 , 0.00 , 0
2 , 30.75 , 150.00 , 0.00 , 0
3 , 31.25 , 150.00 , 0.00 , 0
4 , 31.00 , 150.00 , 0.00 , 0
5 , 31.25 , 150.00 , 0.00 , 0
6 , 32.50 , 150.00 , 0.00 , 0
7 , 33.75 , 150.00 , 0.00 , 0
8 , 37.25 , 150.00 , 0.00 , 0
9 , 37.25 , 150.00 , 0.00 , 0
10 , 38.75 , 150.00 , 0.00 , 0
11 , 40.00 , 150.00 , 0.00 , 0
12 , 41.75 , 150.00 , 0.00 , 0
13 , 43.00 , 150.00 , 0.00 , 0
14 , 44.25 , 150.00 , 0.00 , 0
15 , 45.50 , 150.00 , 0.00 , 0
16 , 46.75 , 150.00 , 0.00 , 0
17 , 47.75 , 150.00 , 0.00 , 0
18 , 48.75 , 150.00 , 0.00 , 0
19 , 49.00 , 150.00 , 0.00 , 0
20 , 50.50 , 150.00 , 0.00 , 0
21 , 52.50 , 150.00 , 0.00 , 0
22 , 54.00 , 150.00 , 0.00 , 0
23 , 54.75 , 150.00 , 0.00 , 0
24 , 56.25 , 150.00 , 0.00 , 0
25 , 57.75 , 150.00 , 0.00 , 0
26 , 59.50 , 150.00 , 0.00 , 0
27 , 60.25 , 150.00 , 0.00 , 0
28 , 61.50 , 150.00 , 0.00 , 0
29 , 62.50 , 150.00 , 0.00 , 0
30 , 63.25 , 150.00 , 0.00 , 0
31 , 64.50 , 150.00 , 0.00 , 0
32 , 65.00 , 150.00 , 0.00 , 0
33 , 66.75 , 150.00 , 0.00 , 0
34 , 67.75 , 150.00 , 0.00 , 0
35 , 68.75 , 150.00 , 0.00 , 0
36 , 69.25 , 150.00 , 0.00 , 0
37 , 70.50 , 150.00 , 0.00 , 0
38 , 71.50 , 150.00 , 0.00 , 0
39 , 72.25 , 150.00 , 0.00 , 0
40 , 73.25 , 150.00 , 0.00 , 0
41 , 73.75 , 150.00 , 0.00 , 0
42 , 75.25 , 150.00 , 0.00 , 0
43 , 76.25 , 150.00 , 0.00 , 0
44 , 77.00 , 150.00 , 0.00 , 0
45 , 78.25 , 150.00 , 0.00 , 0
46 , 79.25 , 150.00 , 0.00 , 0
47 , 80.50 , 150.00 , 0.00 , 0
48 , 81.25 , 150.00 , 0.00 , 0
49 , 82.50 , 150.00 , 0.00 , 0
50 , 83.00 , 150.00 , 0.00 , 0
51 , 84.50 , 150.00 , 0.00 , 0
52 , 85.25 , 150.00 , 0.00 , 0
53 , 86.75 , 150.00 , 0.00 , 0
54 , 87.25 , 150.00 , 0.00 , 0
55 , 87.75 , 150.00 , 0.00 , 0
56 , 88.50 , 150.00 , 0.00 , 0
57 , 89.50 , 150.00 , 0.00 , 0
58 , 90.50 , 150.00 , 0.00 , 0
59 , 91.00 , 150.00 , 0.00 , 0
60 , 91.75 , 150.00 , 0.00 , 0
61 , 93.00 , 150.00 , 0.00 , 0
62 , 93.50 , 150.00 , 0.00 , 0
63 , 94.75 , 150.00 , 0.00 , 0
64 , 95.00 , 150.00 , 0.00 , 0
Temperature has reached 95, please wait 60s for the initial denaturing to complete
65 , 95.75 , 150.00 , 0.00 , 0
Initial Denaturing has completed, Amplification Loop will start now
Going to Denaturing Temperature
Denaturing DNA Now
66 , 97.25 , 142.88 , 0.00 , 1
67 , 97.50 , 128.25 , 0.00 , 1
68 , 98.00 , 124.75 , 0.00 , 1
69 , 98.25 , 118.75 , 0.00 , 1
70 , 98.25 , 114.87 , 0.00 , 1
Going to Annealing Temperature
71 , 98.25 , 114.87 , 0.00 , 1
72 , 95.50 , 114.87 , 0.00 , 1
73 , 93.50 , 114.87 , 0.00 , 1
74 , 91.00 , 114.87 , 0.00 , 1
75 , 88.50 , 114.87 , 0.00 , 1
76 , 86.00 , 114.87 , 0.00 , 1
77 , 83.75 , 114.87 , 0.00 , 1
78 , 81.00 , 114.87 , 0.00 , 1
79 , 79.00 , 114.87 , 0.00 , 1
80 , 76.75 , 114.87 , 0.00 , 1
81 , 73.75 , 114.87 , 0.00 , 1
82 , 72.25 , 114.87 , 0.00 , 1
83 , 70.50 , 114.87 , 0.00 , 1
84 , 68.75 , 114.87 , 0.00 , 1
85 , 67.25 , 114.87 , 0.00 , 1
86 , 65.75 , 114.87 , 0.00 , 1
87 , 64.00 , 114.87 , 0.00 , 1
88 , 62.50 , 114.87 , 0.00 , 1
89 , 61.00 , 114.87 , 0.00 , 1
90 , 60.25 , 114.87 , 0.00 , 1
91 , 58.50 , 114.87 , 0.00 , 1
92 , 57.50 , 114.87 , 0.00 , 1
93 , 56.50 , 114.87 , 0.00 , 1
94 , 55.25 , 114.87 , 0.00 , 1
95 , 55.00 , 114.87 , 0.00 , 1
Annealing DNA Now
96 , 54.00 , 114.87 , 57.00 , 1
97 , 52.75 , 114.87 , 65.50 , 1
98 , 54.00 , 114.87 , 75.00 , 1
99 , 55.00 , 114.87 , 65.12 , 1
100 , 56.25 , 114.87 , 55.13 , 1
101 , 56.25 , 114.87 , 42.25 , 1
102 , 56.50 , 114.87 , 40.63 , 1
103 , 56.75 , 114.87 , 36.63 , 1
104 , 56.75 , 114.87 , 32.50 , 1
105 , 56.50 , 114.87 , 30.62 , 1
Going to Extension Temperature
106 , 56.25 , 150.00 , 30.62 , 1
107 , 59.25 , 150.00 , 30.62 , 1
108 , 61.50 , 150.00 , 30.62 , 1
109 , 64.00 , 150.00 , 30.62 , 1
110 , 66.25 , 150.00 , 30.62 , 1
111 , 68.00 , 150.00 , 30.62 , 1
112 , 70.50 , 136.50 , 30.62 , 1
Extending DNA Now
113 , 71.50 , 114.75 , 30.62 , 1
114 , 72.50 , 106.00 , 30.62 , 1
115 , 73.50 , 96.75 , 30.62 , 1
116 , 74.00 , 87.00 , 30.62 , 1
117 , 74.75 , 81.50 , 30.62 , 1
118 , 74.50 , 73.37 , 30.62 , 1
119 , 74.75 , 74.37 , 30.62 , 1
120 , 74.50 , 70.75 , 30.62 , 1
121 , 74.50 , 71.75 , 30.62 , 1
122 , 73.50 , 70.50 , 30.62 , 1
123 , 74.00 , 78.75 , 30.62 , 1
124 , 74.25 , 73.25 , 30.62 , 1
125 , 74.00 , 69.87 , 30.62 , 1
126 , 74.00 , 71.12 , 30.62 , 1
127 , 74.25 , 70.12 , 30.62 , 1
128 , 74.00 , 66.75 , 30.62 , 1
129 , 74.00 , 68.00 , 30.62 , 1
130 , 73.50 , 67.00 , 30.62 , 1
131 , 73.50 , 70.75 , 30.62 , 1
132 , 74.00 , 70.00 , 30.62 , 1
133 , 73.25 , 64.50 , 30.62 , 1
134 , 73.50 , 70.62 , 30.62 , 1
135 , 73.50 , 67.62 , 30.62 , 1
136 , 73.25 , 66.87 , 30.62 , 1
137 , 72.75 , 68.50 , 30.62 , 1
138 , 72.75 , 72.62 , 30.62 , 1
139 , 73.00 , 72.25 , 30.62 , 1
140 , 73.25 , 69.50 , 30.62 , 1
141 , 73.00 , 66.62 , 30.62 , 1
142 , 72.50 , 68.37 , 30.62 , 1
143 , 73.00 , 68.37 , 30.62 , 1
Going to Denaturing Temperature
144 , 73.00 , 150.00 , 30.62 , 2
145 , 75.00 , 150.00 , 30.62 , 2
146 , 76.50 , 150.00 , 30.62 , 2
147 , 78.50 , 150.00 , 30.62 , 2
148 , 80.25 , 150.00 , 30.62 , 2
149 , 82.50 , 150.00 , 30.62 , 2
150 , 84.25 , 150.00 , 30.62 , 2
151 , 85.75 , 150.00 , 30.62 , 2
152 , 87.00 , 150.00 , 30.62 , 2
153 , 88.25 , 150.00 , 30.62 , 2
154 , 89.75 , 150.00 , 30.62 , 2
155 , 91.25 , 150.00 , 30.62 , 2
156 , 92.75 , 150.00 , 30.62 , 2
157 , 94.25 , 150.00 , 30.62 , 2
158 , 95.25 , 150.00 , 30.62 , 2
Denaturing DNA Now
159 , 96.50 , 147.63 , 30.62 , 2
160 , 97.25 , 135.63 , 30.62 , 2
161 , 98.00 , 127.75 , 30.62 , 2
162 , 97.75 , 119.50 , 30.62 , 2
163 , 99.00 , 120.37 , 30.62 , 2
Going to Annealing Temperature
164 , 99.00 , 120.37 , 30.62 , 2
165 , 94.75 , 120.37 , 30.62 , 2
166 , 92.50 , 120.37 , 30.62 , 2
167 , 91.00 , 120.37 , 30.62 , 2
168 , 88.00 , 120.37 , 30.62 , 2
169 , 86.00 , 120.37 , 30.62 , 2
170 , 83.25 , 120.37 , 30.62 , 2
171 , 80.75 , 120.37 , 30.62 , 2
172 , 78.25 , 120.37 , 30.62 , 2
173 , 76.25 , 120.37 , 30.62 , 2
174 , 74.75 , 120.37 , 30.62 , 2
175 , 73.00 , 120.37 , 30.62 , 2
176 , 70.75 , 120.37 , 30.62 , 2
177 , 69.75 , 120.37 , 30.62 , 2
178 , 68.00 , 120.37 , 30.62 , 2
179 , 66.00 , 120.37 , 30.62 , 2
180 , 64.50 , 120.37 , 30.62 , 2
181 , 63.00 , 120.37 , 30.62 , 2
182 , 60.75 , 120.37 , 30.62 , 2
183 , 60.25 , 120.37 , 30.62 , 2
184 , 59.25 , 120.37 , 30.62 , 2
185 , 57.75 , 120.37 , 30.62 , 2
186 , 56.75 , 120.37 , 30.62 , 2
187 , 55.75 , 120.37 , 30.62 , 2
188 , 54.25 , 120.37 , 30.62 , 2
Annealing DNA Now
189 , 53.25 , 120.37 , 63.75 , 2
190 , 52.75 , 120.37 , 72.62 , 2
191 , 54.25 , 120.37 , 75.00 , 2
192 , 55.50 , 120.37 , 63.13 , 2
193 , 56.00 , 120.37 , 50.63 , 2
194 , 56.50 , 120.37 , 44.63 , 2
195 , 57.00 , 120.37 , 38.38 , 2
196 , 56.25 , 120.37 , 31.87 , 2
197 , 56.50 , 120.37 , 37.00 , 2
198 , 56.25 , 120.37 , 33.00 , 2
Going to Extension Temperature
199 , 55.75 , 150.00 , 33.00 , 2
200 , 59.75 , 150.00 , 33.00 , 2
201 , 62.00 , 150.00 , 33.00 , 2
202 , 64.75 , 150.00 , 33.00 , 2
203 , 67.25 , 150.00 , 33.00 , 2
204 , 69.50 , 140.38 , 33.00 , 2
205 , 72.00 , 121.37 , 33.00 , 2
Extending DNA Now
206 , 73.00 , 98.87 , 33.00 , 2
207 , 73.75 , 89.37 , 33.00 , 2
208 , 73.75 , 81.75 , 33.00 , 2
209 , 75.00 , 80.87 , 33.00 , 2
210 , 75.00 , 68.12 , 33.00 , 2
211 , 75.00 , 66.62 , 33.00 , 2
212 , 74.50 , 65.12 , 33.00 , 2
213 , 74.50 , 68.37 , 33.00 , 2
214 , 74.75 , 67.12 , 33.00 , 2
215 , 74.25 , 63.50 , 33.00 , 2
216 , 74.25 , 66.87 , 33.00 , 2
217 , 73.75 , 65.75 , 33.00 , 2
218 , 73.50 , 69.37 , 33.00 , 2
219 , 73.75 , 70.87 , 33.00 , 2
220 , 74.00 , 67.75 , 33.00 , 2
221 , 73.75 , 64.50 , 33.00 , 2
222 , 73.75 , 65.87 , 33.00 , 2
223 , 73.25 , 65.00 , 33.00 , 2
224 , 73.25 , 68.87 , 33.00 , 2
225 , 73.00 , 68.25 , 33.00 , 2
226 , 73.50 , 70.00 , 33.00 , 2
227 , 73.75 , 64.75 , 33.00 , 2
228 , 72.75 , 61.63 , 33.00 , 2
229 , 73.25 , 70.25 , 33.00 , 2
230 , 73.25 , 65.12 , 33.00 , 2
231 , 73.25 , 64.50 , 33.00 , 2
232 , 73.00 , 63.88 , 33.00 , 2
233 , 73.00 , 65.62 , 33.00 , 2
234 , 72.75 , 65.12 , 33.00 , 2
235 , 72.75 , 67.00 , 33.00 , 2
236 , 72.25 , 67.00 , 33.00 , 2
Going to Denaturing Temperature
237 , 72.75 , 150.00 , 33.00 , 3
238 , 75.25 , 150.00 , 33.00 , 3
239 , 76.75 , 150.00 , 33.00 , 3
240 , 78.50 , 150.00 , 33.00 , 3
241 , 80.25 , 150.00 , 33.00 , 3
242 , 82.00 , 150.00 , 33.00 , 3
243 , 83.50 , 150.00 , 33.00 , 3
244 , 85.50 , 150.00 , 33.00 , 3
245 , 87.50 , 150.00 , 33.00 , 3
246 , 89.25 , 150.00 , 33.00 , 3
247 , 90.75 , 150.00 , 33.00 , 3
248 , 91.75 , 150.00 , 33.00 , 3
249 , 93.50 , 150.00 , 33.00 , 3
250 , 94.75 , 150.00 , 33.00 , 3
251 , 95.75 , 150.00 , 33.00 , 3
Denaturing DNA Now
252 , 96.75 , 142.88 , 33.00 , 3
253 , 98.25 , 133.00 , 33.00 , 3
254 , 98.75 , 117.87 , 33.00 , 3
255 , 99.00 , 111.50 , 33.00 , 3
256 , 99.25 , 107.25 , 33.00 , 3
Going to Annealing Temperature
257 , 99.25 , 107.25 , 33.00 , 3
258 , 96.25 , 107.25 , 33.00 , 3
259 , 93.75 , 107.25 , 33.00 , 3
260 , 91.25 , 107.25 , 33.00 , 3
261 , 88.25 , 107.25 , 33.00 , 3
262 , 86.25 , 107.25 , 33.00 , 3
263 , 84.00 , 107.25 , 33.00 , 3
264 , 82.00 , 107.25 , 33.00 , 3
265 , 79.75 , 107.25 , 33.00 , 3
266 , 77.00 , 107.25 , 33.00 , 3
267 , 75.75 , 107.25 , 33.00 , 3
268 , 73.50 , 107.25 , 33.00 , 3
269 , 71.50 , 107.25 , 33.00 , 3
270 , 70.00 , 107.25 , 33.00 , 3
271 , 68.00 , 107.25 , 33.00 , 3
272 , 66.00 , 107.25 , 33.00 , 3
273 , 65.00 , 107.25 , 33.00 , 3
274 , 62.75 , 107.25 , 33.00 , 3
275 , 61.75 , 107.25 , 33.00 , 3
276 , 60.25 , 107.25 , 33.00 , 3
277 , 59.25 , 107.25 , 33.00 , 3
278 , 57.50 , 107.25 , 33.00 , 3
279 , 56.50 , 107.25 , 33.00 , 3
280 , 55.25 , 107.25 , 33.00 , 3
281 , 54.50 , 107.25 , 33.00 , 3
Annealing DNA Now
282 , 53.50 , 107.25 , 61.50 , 3
283 , 53.00 , 107.25 , 70.25 , 3
284 , 54.00 , 107.25 , 74.75 , 3
285 , 55.75 , 107.25 , 65.25 , 3
286 , 56.50 , 107.25 , 48.13 , 3
287 , 56.50 , 107.25 , 39.63 , 3
288 , 57.25 , 107.25 , 37.88 , 3
289 , 57.00 , 107.25 , 29.00 , 3
290 , 56.75 , 107.25 , 29.25 , 3
291 , 56.25 , 107.25 , 29.62 , 3
Going to Extension Temperature
292 , 56.50 , 150.00 , 29.62 , 3
293 , 59.50 , 150.00 , 29.62 , 3
294 , 62.25 , 150.00 , 29.62 , 3
295 , 64.50 , 150.00 , 29.62 , 3
296 , 67.25 , 150.00 , 29.62 , 3
297 , 69.75 , 139.00 , 29.62 , 3
298 , 71.75 , 117.62 , 29.62 , 3
Extending DNA Now
299 , 72.75 , 99.75 , 29.62 , 3
300 , 73.75 , 90.37 , 29.62 , 3
301 , 74.25 , 80.50 , 29.62 , 3
302 , 74.50 , 74.87 , 29.62 , 3
303 , 74.50 , 71.37 , 29.62 , 3
304 , 74.50 , 70.12 , 29.62 , 3
305 , 74.25 , 68.87 , 29.62 , 3
306 , 74.25 , 70.00 , 29.62 , 3
307 , 74.50 , 68.87 , 29.62 , 3
308 , 74.25 , 65.37 , 29.62 , 3
309 , 74.50 , 66.50 , 29.62 , 3
310 , 74.25 , 63.00 , 29.62 , 3
311 , 74.00 , 64.12 , 29.62 , 3
312 , 73.75 , 65.37 , 29.62 , 3
313 , 73.75 , 66.75 , 29.62 , 3
314 , 73.75 , 65.87 , 29.62 , 3
315 , 73.75 , 65.00 , 29.62 , 3
316 , 73.50 , 64.12 , 29.62 , 3
317 , 73.25 , 65.62 , 29.62 , 3
318 , 73.50 , 67.25 , 29.62 , 3
319 , 73.50 , 64.25 , 29.62 , 3
320 , 73.00 , 63.50 , 29.62 , 3
321 , 73.25 , 67.50 , 29.62 , 3
322 , 73.25 , 64.62 , 29.62 , 3
323 , 73.00 , 64.00 , 29.62 , 3
324 , 73.00 , 65.75 , 29.62 , 3
325 , 73.25 , 65.25 , 29.62 , 3
326 , 73.00 , 62.38 , 29.62 , 3
327 , 72.75 , 64.12 , 29.62 , 3
328 , 72.75 , 66.00 , 29.62 , 3
329 , 73.00 , 66.00 , 29.62 , 3
Going to Denaturing Temperature
330 , 72.50 , 150.00 , 29.62 , 4
331 , 75.00 , 150.00 , 29.62 , 4
332 , 77.00 , 150.00 , 29.62 , 4
333 , 78.50 , 150.00 , 29.62 , 4
334 , 80.75 , 150.00 , 29.62 , 4
335 , 82.25 , 150.00 , 29.62 , 4
336 , 84.00 , 150.00 , 29.62 , 4
337 , 86.25 , 150.00 , 29.62 , 4
338 , 87.50 , 150.00 , 29.62 , 4
339 , 88.75 , 150.00 , 29.62 , 4
340 , 90.50 , 150.00 , 29.62 , 4
341 , 92.00 , 150.00 , 29.62 , 4
342 , 93.75 , 150.00 , 29.62 , 4
343 , 94.25 , 150.00 , 29.62 , 4
344 , 96.00 , 150.00 , 29.62 , 4
Denaturing DNA Now
345 , 96.75 , 140.50 , 29.62 , 4
346 , 97.25 , 132.88 , 29.62 , 4
347 , 98.25 , 127.25 , 29.62 , 4
348 , 98.75 , 116.62 , 29.62 , 4
349 , 99.00 , 110.25 , 29.62 , 4
Going to Annealing Temperature
350 , 99.25 , 110.25 , 29.62 , 4
351 , 96.25 , 110.25 , 29.62 , 4
352 , 93.75 , 110.25 , 29.62 , 4
353 , 91.25 , 110.25 , 29.62 , 4
354 , 88.75 , 110.25 , 29.62 , 4
355 , 85.75 , 110.25 , 29.62 , 4
356 , 84.25 , 110.25 , 29.62 , 4
357 , 81.50 , 110.25 , 29.62 , 4
358 , 79.00 , 110.25 , 29.62 , 4
359 , 77.25 , 110.25 , 29.62 , 4
360 , 75.50 , 110.25 , 29.62 , 4
361 , 72.75 , 110.25 , 29.62 , 4
362 , 71.75 , 110.25 , 29.62 , 4
363 , 69.50 , 110.25 , 29.62 , 4
364 , 67.50 , 110.25 , 29.62 , 4
365 , 65.75 , 110.25 , 29.62 , 4
366 , 64.75 , 110.25 , 29.62 , 4
367 , 63.50 , 110.25 , 29.62 , 4
368 , 61.75 , 110.25 , 29.62 , 4
369 , 60.25 , 110.25 , 29.62 , 4
370 , 59.50 , 110.25 , 29.62 , 4
371 , 58.50 , 110.25 , 29.62 , 4
372 , 56.75 , 110.25 , 29.62 , 4
373 , 56.25 , 110.25 , 29.62 , 4
374 , 54.75 , 110.25 , 29.62 , 4
Annealing DNA Now
375 , 54.00 , 110.25 , 59.25 , 4
376 , 53.75 , 110.25 , 65.50 , 4
377 , 54.50 , 110.25 , 67.37 , 4
378 , 55.25 , 110.25 , 59.88 , 4
379 , 56.50 , 110.25 , 52.00 , 4
380 , 56.50 , 110.25 , 39.00 , 4
381 , 56.75 , 110.25 , 37.25 , 4
382 , 56.50 , 110.25 , 33.13 , 4
383 , 56.25 , 110.25 , 33.63 , 4
384 , 56.25 , 110.25 , 34.25 , 4
Going to Extension Temperature
385 , 56.25 , 150.00 , 34.25 , 4
386 , 60.00 , 150.00 , 34.25 , 4
387 , 62.25 , 150.00 , 34.25 , 4
388 , 64.50 , 150.00 , 34.25 , 4
389 , 67.00 , 150.00 , 34.25 , 4
390 , 68.50 , 141.38 , 34.25 , 4
391 , 71.00 , 129.63 , 34.25 , 4
Extending DNA Now
392 , 72.50 , 107.62 , 34.25 , 4
393 , 73.50 , 93.87 , 34.25 , 4
394 , 73.75 , 84.12 , 34.25 , 4
395 , 74.25 , 81.00 , 34.25 , 4
396 , 73.75 , 75.37 , 34.25 , 4
398 , 73.75 , 79.00 , 34.25 , 4
399 , 74.00 , 78.12 , 34.25 , 4
400 , 74.50 , 74.87 , 34.25 , 4
401 , 74.00 , 69.12 , 34.25 , 4
402 , 74.75 , 72.62 , 34.25 , 4
403 , 74.50 , 64.50 , 34.25 , 4
404 , 74.25 , 65.50 , 34.25 , 4
405 , 74.25 , 66.62 , 34.25 , 4
406 , 74.25 , 65.50 , 34.25 , 4
407 , 73.75 , 64.37 , 34.25 , 4
408 , 73.75 , 68.00 , 34.25 , 4
409 , 73.00 , 67.12 , 34.25 , 4
410 , 74.00 , 73.37 , 34.25 , 4
411 , 73.00 , 63.38 , 34.25 , 4
412 , 73.50 , 71.87 , 34.25 , 4
413 , 73.75 , 66.62 , 34.25 , 4
414 , 73.50 , 63.50 , 34.25 , 4
415 , 73.50 , 65.00 , 34.25 , 4
416 , 73.25 , 64.25 , 34.25 , 4
417 , 72.75 , 65.87 , 34.25 , 4
418 , 73.75 , 70.00 , 34.25 , 4
419 , 73.25 , 60.13 , 34.25 , 4
420 , 72.75 , 64.00 , 34.25 , 4
421 , 73.00 , 68.12 , 34.25 , 4
422 , 73.25 , 68.12 , 34.25 , 4
Going to Denaturing Temperature
423 , 73.00 , 150.00 , 34.25 , 5
424 , 75.50 , 150.00 , 34.25 , 5
425 , 76.75 , 150.00 , 34.25 , 5
426 , 78.75 , 150.00 , 34.25 , 5
427 , 80.75 , 150.00 , 34.25 , 5
428 , 82.00 , 150.00 , 34.25 , 5
429 , 83.75 , 150.00 , 34.25 , 5
430 , 85.00 , 150.00 , 34.25 , 5
431 , 86.50 , 150.00 , 34.25 , 5
432 , 87.50 , 150.00 , 34.25 , 5
433 , 89.00 , 150.00 , 34.25 , 5
434 , 90.75 , 150.00 , 34.25 , 5
435 , 91.75 , 150.00 , 34.25 , 5
436 , 93.00 , 150.00 , 34.25 , 5
437 , 94.25 , 150.00 , 34.25 , 5
438 , 95.25 , 150.00 , 34.25 , 5
Denaturing DNA Now
439 , 96.50 , 147.63 , 34.25 , 5
440 , 98.00 , 135.63 , 34.25 , 5
441 , 98.50 , 120.62 , 34.25 , 5
442 , 99.00 , 114.37 , 34.25 , 5
443 , 98.75 , 107.87 , 34.25 , 5
Going to Annealing Temperature
444 , 98.50 , 107.87 , 34.25 , 5
445 , 95.75 , 107.87 , 34.25 , 5
446 , 93.25 , 107.87 , 34.25 , 5
447 , 90.75 , 107.87 , 34.25 , 5
448 , 88.25 , 107.87 , 34.25 , 5
449 , 85.75 , 107.87 , 34.25 , 5
450 , 83.25 , 107.87 , 34.25 , 5
451 , 81.50 , 107.87 , 34.25 , 5
452 , 78.75 , 107.87 , 34.25 , 5
453 , 77.25 , 107.87 , 34.25 , 5
454 , 75.00 , 107.87 , 34.25 , 5
455 , 72.50 , 107.87 , 34.25 , 5
456 , 71.25 , 107.87 , 34.25 , 5
457 , 69.50 , 107.87 , 34.25 , 5
458 , 68.00 , 107.87 , 34.25 , 5
459 , 65.75 , 107.87 , 34.25 , 5
460 , 64.25 , 107.87 , 34.25 , 5
461 , 63.00 , 107.87 , 34.25 , 5
462 , 61.25 , 107.87 , 34.25 , 5
463 , 60.75 , 107.87 , 34.25 , 5
464 , 59.25 , 107.87 , 34.25 , 5
465 , 58.25 , 107.87 , 34.25 , 5
466 , 57.25 , 107.87 , 34.25 , 5
467 , 56.00 , 107.87 , 34.25 , 5
468 , 54.50 , 107.87 , 34.25 , 5
Annealing DNA Now
469 , 53.75 , 107.87 , 61.50 , 5
470 , 52.75 , 107.87 , 67.87 , 5
471 , 54.25 , 107.87 , 75.00 , 5
472 , 55.75 , 107.87 , 62.88 , 5
473 , 56.25 , 107.87 , 48.00 , 5
474 , 56.50 , 107.87 , 41.88 , 5
475 , 56.50 , 107.87 , 37.88 , 5
476 , 56.25 , 107.87 , 36.13 , 5
477 , 56.50 , 107.87 , 36.75 , 5
478 , 56.00 , 107.87 , 32.75 , 5
Going to Extension Temperature
479 , 56.25 , 150.00 , 32.75 , 5
480 , 59.50 , 150.00 , 32.75 , 5
481 , 62.25 , 150.00 , 32.75 , 5
482 , 64.50 , 150.00 , 32.75 , 5
483 , 66.75 , 150.00 , 32.75 , 5
484 , 69.25 , 144.88 , 32.75 , 5
485 , 70.75 , 123.75 , 32.75 , 5
Extending DNA Now
486 , 71.75 , 110.87 , 32.75 , 5
487 , 73.00 , 102.00 , 32.75 , 5
488 , 74.00 , 90.25 , 32.75 , 5
489 , 74.50 , 80.25 , 32.75 , 5
490 , 74.50 , 74.50 , 32.75 , 5
491 , 73.75 , 73.25 , 32.75 , 5
492 , 73.75 , 79.12 , 32.75 , 5
493 , 74.50 , 78.25 , 32.75 , 5
494 , 74.00 , 70.25 , 32.75 , 5
495 , 74.00 , 73.75 , 32.75 , 5
496 , 74.00 , 72.75 , 32.75 , 5
497 , 73.75 , 71.75 , 32.75 , 5
498 , 74.25 , 73.12 , 32.75 , 5
499 , 74.00 , 67.50 , 32.75 , 5
500 , 74.00 , 68.75 , 32.75 , 5
501 , 74.25 , 67.75 , 32.75 , 5
502 , 73.25 , 64.37 , 32.75 , 5
503 , 73.25 , 72.75 , 32.75 , 5
504 , 74.00 , 72.12 , 32.75 , 5
505 , 74.00 , 64.37 , 32.75 , 5
506 , 73.25 , 63.38 , 32.75 , 5
507 , 73.00 , 69.50 , 32.75 , 5
508 , 73.00 , 71.25 , 32.75 , 5
509 , 73.50 , 70.75 , 32.75 , 5
510 , 73.25 , 65.50 , 32.75 , 5
511 , 73.00 , 67.12 , 32.75 , 5
512 , 72.75 , 68.87 , 32.75 , 5
513 , 73.00 , 70.75 , 32.75 , 5
514 , 72.75 , 68.00 , 32.75 , 5
515 , 73.25 , 69.87 , 32.75 , 5
516 , 73.50 , 69.87 , 32.75 , 5
Going to Denaturing Temperature
517 , 73.00 , 150.00 , 32.75 , 6
518 , 75.75 , 150.00 , 32.75 , 6
519 , 77.00 , 150.00 , 32.75 , 6
520 , 79.00 , 150.00 , 32.75 , 6
521 , 80.25 , 150.00 , 32.75 , 6
522 , 81.50 , 150.00 , 32.75 , 6
523 , 83.25 , 150.00 , 32.75 , 6
524 , 85.25 , 150.00 , 32.75 , 6
525 , 86.50 , 150.00 , 32.75 , 6
526 , 87.50 , 150.00 , 32.75 , 6
527 , 88.25 , 150.00 , 32.75 , 6
528 , 89.50 , 150.00 , 32.75 , 6
529 , 91.00 , 150.00 , 32.75 , 6
530 , 92.25 , 150.00 , 32.75 , 6
531 , 93.75 , 150.00 , 32.75 , 6
532 , 94.75 , 150.00 , 32.75 , 6
533 , 96.00 , 150.00 , 32.75 , 6
Denaturing DNA Now
534 , 95.75 , 140.50 , 32.75 , 6
535 , 97.00 , 142.38 , 32.75 , 6
536 , 98.00 , 130.13 , 32.75 , 6
537 , 98.25 , 119.62 , 32.75 , 6
538 , 98.25 , 115.75 , 32.75 , 6
Going to Annealing Temperature
539 , 98.50 , 115.75 , 32.75 , 6
540 , 95.00 , 115.75 , 32.75 , 6
541 , 93.00 , 115.75 , 32.75 , 6
542 , 90.75 , 115.75 , 32.75 , 6
543 , 88.00 , 115.75 , 32.75 , 6
544 , 85.25 , 115.75 , 32.75 , 6
545 , 83.00 , 115.75 , 32.75 , 6
546 , 81.50 , 115.75 , 32.75 , 6
547 , 79.00 , 115.75 , 32.75 , 6
548 , 77.00 , 115.75 , 32.75 , 6
549 , 74.50 , 115.75 , 32.75 , 6
550 , 72.75 , 115.75 , 32.75 , 6
551 , 71.50 , 115.75 , 32.75 , 6
552 , 69.50 , 115.75 , 32.75 , 6
553 , 68.00 , 115.75 , 32.75 , 6
554 , 66.25 , 115.75 , 32.75 , 6
555 , 64.25 , 115.75 , 32.75 , 6
556 , 63.25 , 115.75 , 32.75 , 6
557 , 62.25 , 115.75 , 32.75 , 6
558 , 60.25 , 115.75 , 32.75 , 6
559 , 59.50 , 115.75 , 32.75 , 6
560 , 58.25 , 115.75 , 32.75 , 6
561 , 56.50 , 115.75 , 32.75 , 6
562 , 55.50 , 115.75 , 32.75 , 6
563 , 55.25 , 115.75 , 32.75 , 6
564 , 53.50 , 115.75 , 32.75 , 6
Annealing DNA Now
565 , 52.25 , 115.75 , 70.50 , 6
566 , 52.00 , 115.75 , 75.00 , 6
567 , 53.75 , 115.75 , 75.00 , 6
568 , 55.00 , 115.75 , 67.87 , 6
569 , 55.75 , 115.75 , 55.63 , 6
570 , 56.75 , 115.75 , 47.50 , 6
571 , 56.50 , 115.75 , 36.63 , 6
572 , 56.50 , 115.75 , 37.13 , 6
573 , 56.25 , 115.75 , 35.38 , 6
574 , 55.75 , 115.75 , 36.00 , 6
Going to Extension Temperature
575 , 56.00 , 150.00 , 36.00 , 6
576 , 59.50 , 150.00 , 36.00 , 6
577 , 62.25 , 150.00 , 36.00 , 6
578 , 64.25 , 150.00 , 36.00 , 6
579 , 66.50 , 150.00 , 36.00 , 6
580 , 68.25 , 148.63 , 36.00 , 6
581 , 70.25 , 134.75 , 36.00 , 6
582 , 71.50 , 117.62 , 36.00 , 6
Extending DNA Now
583 , 72.75 , 106.62 , 36.00 , 6
584 , 73.75 , 95.00 , 36.00 , 6
585 , 74.00 , 85.12 , 36.00 , 6
586 , 74.00 , 81.87 , 36.00 , 6
587 , 74.25 , 80.87 , 36.00 , 6
588 , 74.50 , 77.50 , 36.00 , 6
589 , 74.25 , 74.00 , 36.00 , 6
590 , 74.25 , 75.12 , 36.00 , 6
591 , 74.25 , 74.00 , 36.00 , 6
592 , 74.50 , 72.87 , 36.00 , 6
593 , 74.50 , 69.37 , 36.00 , 6
594 , 73.75 , 68.12 , 36.00 , 6
595 , 73.75 , 74.00 , 36.00 , 6
596 , 74.00 , 73.12 , 36.00 , 6
597 , 74.00 , 69.87 , 36.00 , 6
598 , 73.25 , 68.87 , 36.00 , 6
599 , 73.75 , 75.00 , 36.00 , 6
600 , 73.25 , 69.62 , 36.00 , 6
601 , 73.50 , 73.50 , 36.00 , 6
602 , 73.25 , 70.50 , 36.00 , 6
603 , 73.00 , 72.12 , 36.00 , 6
604 , 73.50 , 73.87 , 36.00 , 6
605 , 73.25 , 68.62 , 36.00 , 6
606 , 72.75 , 70.25 , 36.00 , 6
607 , 73.25 , 74.37 , 36.00 , 6
608 , 73.25 , 69.25 , 36.00 , 6
609 , 73.00 , 68.62 , 36.00 , 6
610 , 73.00 , 70.37 , 36.00 , 6
611 , 73.00 , 69.87 , 36.00 , 6
612 , 73.00 , 69.37 , 36.00 , 6
613 , 72.50 , 69.37 , 36.00 , 6
Going to Denaturing Temperature
614 , 72.25 , 150.00 , 36.00 , 7
615 , 75.00 , 150.00 , 36.00 , 7
616 , 76.00 , 150.00 , 36.00 , 7
617 , 77.75 , 150.00 , 36.00 , 7
618 , 79.50 , 150.00 , 36.00 , 7
619 , 80.75 , 150.00 , 36.00 , 7
620 , 82.00 , 150.00 , 36.00 , 7
621 , 84.00 , 150.00 , 36.00 , 7
622 , 85.00 , 150.00 , 36.00 , 7
623 , 86.25 , 150.00 , 36.00 , 7
624 , 87.75 , 150.00 , 36.00 , 7
625 , 88.25 , 150.00 , 36.00 , 7
626 , 89.75 , 150.00 , 36.00 , 7
627 , 91.25 , 150.00 , 36.00 , 7
628 , 92.00 , 150.00 , 36.00 , 7
629 , 93.50 , 150.00 , 36.00 , 7
630 , 94.50 , 150.00 , 36.00 , 7
631 , 95.50 , 150.00 , 36.00 , 7
Denaturing DNA Now
632 , 96.75 , 145.25 , 36.00 , 7
633 , 97.00 , 133.13 , 36.00 , 7
634 , 97.75 , 129.88 , 36.00 , 7
635 , 97.75 , 121.75 , 36.00 , 7
636 , 98.00 , 120.37 , 36.00 , 7
Going to Annealing Temperature
637 , 98.75 , 120.37 , 36.00 , 7
638 , 95.25 , 120.37 , 36.00 , 7
639 , 92.50 , 120.37 , 36.00 , 7
640 , 90.25 , 120.37 , 36.00 , 7
641 , 87.75 , 120.37 , 36.00 , 7
642 , 85.50 , 120.37 , 36.00 , 7
643 , 83.00 , 120.37 , 36.00 , 7
644 , 80.50 , 120.37 , 36.00 , 7
645 , 78.50 , 120.37 , 36.00 , 7
646 , 76.00 , 120.37 , 36.00 , 7
647 , 74.25 , 120.37 , 36.00 , 7
648 , 73.00 , 120.37 , 36.00 , 7
649 , 70.75 , 120.37 , 36.00 , 7
650 , 69.00 , 120.37 , 36.00 , 7
651 , 67.50 , 120.37 , 36.00 , 7
652 , 65.75 , 120.37 , 36.00 , 7
653 , 64.25 , 120.37 , 36.00 , 7
654 , 62.25 , 120.37 , 36.00 , 7
655 , 61.50 , 120.37 , 36.00 , 7
656 , 59.50 , 120.37 , 36.00 , 7
657 , 59.25 , 120.37 , 36.00 , 7
658 , 58.00 , 120.37 , 36.00 , 7
659 , 56.50 , 120.37 , 36.00 , 7
660 , 55.50 , 120.37 , 36.00 , 7
661 , 54.75 , 120.37 , 36.00 , 7
Annealing DNA Now
662 , 53.75 , 120.37 , 59.25 , 7
663 , 52.75 , 120.37 , 67.87 , 7
664 , 53.75 , 120.37 , 75.00 , 7
665 , 55.50 , 120.37 , 67.62 , 7
666 , 56.50 , 120.37 , 50.63 , 7
667 , 56.50 , 120.37 , 39.88 , 7
668 , 56.50 , 120.37 , 38.13 , 7
669 , 56.25 , 120.37 , 36.38 , 7
670 , 56.75 , 120.37 , 37.00 , 7
671 , 56.00 , 120.37 , 30.62 , 7
Going to Extension Temperature
672 , 56.00 , 150.00 , 30.62 , 7
673 , 59.00 , 150.00 , 30.62 , 7
674 , 61.50 , 150.00 , 30.62 , 7
675 , 63.75 , 150.00 , 30.62 , 7
676 , 65.00 , 150.00 , 30.62 , 7
677 , 67.75 , 150.00 , 30.62 , 7
678 , 69.50 , 140.13 , 30.62 , 7
679 , 70.50 , 125.62 , 30.62 , 7
Extending DNA Now
680 , 71.75 , 117.37 , 30.62 , 7
681 , 73.00 , 106.25 , 30.62 , 7
682 , 73.00 , 94.50 , 30.62 , 7
683 , 74.00 , 94.00 , 30.62 , 7
684 , 74.25 , 84.00 , 30.62 , 7
685 , 73.75 , 80.62 , 30.62 , 7
686 , 74.50 , 84.25 , 30.62 , 7
687 , 74.25 , 76.25 , 30.62 , 7
688 , 74.50 , 77.37 , 30.62 , 7
689 , 73.75 , 73.87 , 30.62 , 7
690 , 74.25 , 79.75 , 30.62 , 7
691 , 74.50 , 74.12 , 30.62 , 7
692 , 74.25 , 70.62 , 30.62 , 7
693 , 74.00 , 71.75 , 30.62 , 7
694 , 74.25 , 73.00 , 30.62 , 7
695 , 73.50 , 69.62 , 30.62 , 7
696 , 73.25 , 75.62 , 30.62 , 7
697 , 73.25 , 77.25 , 30.62 , 7
698 , 73.50 , 76.62 , 30.62 , 7
699 , 74.00 , 73.62 , 30.62 , 7
700 , 73.25 , 68.12 , 30.62 , 7
701 , 73.50 , 74.25 , 30.62 , 7
702 , 73.50 , 71.25 , 30.62 , 7
703 , 73.25 , 70.50 , 30.62 , 7
704 , 73.50 , 72.12 , 30.62 , 7
705 , 73.00 , 69.12 , 30.62 , 7
706 , 73.50 , 73.12 , 30.62 , 7
707 , 73.50 , 67.87 , 30.62 , 7
708 , 73.25 , 67.12 , 30.62 , 7
709 , 73.00 , 68.75 , 30.62 , 7
710 , 72.75 , 68.75 , 30.62 , 7
Going to Denaturing Temperature
711 , 72.75 , 150.00 , 30.62 , 8
712 , 74.25 , 150.00 , 30.62 , 8
713 , 76.00 , 150.00 , 30.62 , 8
714 , 77.50 , 150.00 , 30.62 , 8
715 , 79.25 , 150.00 , 30.62 , 8
716 , 80.50 , 150.00 , 30.62 , 8
717 , 81.25 , 150.00 , 30.62 , 8
718 , 83.50 , 150.00 , 30.62 , 8
719 , 84.25 , 150.00 , 30.62 , 8
720 , 85.25 , 150.00 , 30.62 , 8
721 , 86.25 , 150.00 , 30.62 , 8
722 , 86.75 , 150.00 , 30.62 , 8
723 , 88.50 , 150.00 , 30.62 , 8
724 , 89.50 , 150.00 , 30.62 , 8
725 , 90.25 , 150.00 , 30.62 , 8
726 , 91.25 , 150.00 , 30.62 , 8
727 , 91.75 , 150.00 , 30.62 , 8
728 , 93.25 , 150.00 , 30.62 , 8
729 , 93.50 , 150.00 , 30.62 , 8
730 , 94.75 , 150.00 , 30.62 , 8
731 , 95.50 , 150.00 , 30.62 , 8
Denaturing DNA Now
732 , 96.00 , 145.25 , 30.62 , 8
733 , 96.50 , 140.25 , 30.62 , 8
734 , 97.25 , 135.00 , 30.62 , 8
735 , 97.50 , 127.12 , 30.62 , 8
736 , 97.75 , 123.62 , 30.62 , 8
Going to Annealing Temperature
737 , 97.50 , 123.62 , 30.62 , 8
738 , 94.50 , 123.62 , 30.62 , 8
739 , 91.50 , 123.62 , 30.62 , 8
740 , 89.75 , 123.62 , 30.62 , 8
741 , 86.75 , 123.62 , 30.62 , 8
742 , 85.00 , 123.62 , 30.62 , 8
743 , 82.50 , 123.62 , 30.62 , 8
744 , 79.75 , 123.62 , 30.62 , 8
745 , 77.75 , 123.62 , 30.62 , 8
746 , 75.25 , 123.62 , 30.62 , 8
747 , 73.75 , 123.62 , 30.62 , 8
748 , 72.00 , 123.62 , 30.62 , 8
749 , 70.25 , 123.62 , 30.62 , 8
750 , 68.25 , 123.62 , 30.62 , 8
751 , 67.25 , 123.62 , 30.62 , 8
752 , 65.50 , 123.62 , 30.62 , 8
753 , 63.50 , 123.62 , 30.62 , 8
754 , 62.50 , 123.62 , 30.62 , 8
755 , 61.00 , 123.62 , 30.62 , 8
756 , 60.00 , 123.62 , 30.62 , 8
757 , 58.75 , 123.62 , 30.62 , 8
758 , 57.25 , 123.62 , 30.62 , 8
759 , 56.50 , 123.62 , 30.62 , 8
760 , 55.50 , 123.62 , 30.62 , 8
761 , 54.50 , 123.62 , 30.62 , 8
Annealing DNA Now
762 , 53.00 , 123.62 , 61.50 , 8
763 , 52.75 , 123.62 , 75.00 , 8
764 , 54.25 , 123.62 , 75.00 , 8
765 , 55.25 , 123.62 , 63.13 , 8
766 , 55.75 , 123.62 , 53.00 , 8
767 , 56.00 , 123.62 , 47.13 , 8
768 , 56.00 , 123.62 , 43.38 , 8
769 , 56.00 , 123.62 , 41.88 , 8
770 , 56.00 , 123.62 , 40.38 , 8
771 , 56.75 , 123.62 , 38.88 , 8
Going to Extension Temperature
772 , 56.25 , 150.00 , 38.88 , 8
773 , 59.25 , 150.00 , 38.88 , 8
774 , 61.25 , 150.00 , 38.88 , 8
775 , 63.00 , 150.00 , 38.88 , 8
776 , 65.00 , 150.00 , 38.88 , 8
777 , 66.75 , 150.00 , 38.88 , 8
778 , 68.50 , 150.00 , 38.88 , 8
779 , 70.75 , 137.00 , 38.88 , 8
Extending DNA Now
780 , 71.75 , 117.37 , 38.88 , 8
781 , 72.75 , 108.50 , 38.88 , 8
782 , 72.75 , 99.12 , 38.88 , 8
783 , 73.75 , 98.75 , 38.88 , 8
784 , 73.25 , 88.87 , 38.88 , 8
785 , 74.25 , 92.75 , 38.88 , 8
786 , 74.00 , 82.62 , 38.88 , 8
787 , 74.25 , 83.87 , 38.88 , 8
788 , 74.50 , 80.50 , 38.88 , 8
789 , 74.75 , 77.00 , 38.88 , 8
790 , 74.50 , 73.37 , 38.88 , 8
791 , 74.25 , 74.37 , 38.88 , 8
792 , 74.25 , 75.50 , 38.88 , 8
793 , 74.25 , 74.37 , 38.88 , 8
794 , 74.50 , 73.25 , 38.88 , 8
795 , 74.00 , 69.75 , 38.88 , 8
796 , 74.00 , 73.25 , 38.88 , 8
797 , 73.75 , 72.25 , 38.88 , 8
798 , 74.25 , 73.62 , 38.88 , 8
799 , 74.00 , 68.00 , 38.88 , 8
800 , 73.50 , 69.25 , 38.88 , 8
801 , 73.50 , 73.00 , 38.88 , 8
802 , 74.00 , 72.25 , 38.88 , 8
803 , 73.25 , 66.75 , 38.88 , 8
804 , 73.25 , 72.87 , 38.88 , 8
805 , 73.25 , 72.25 , 38.88 , 8
806 , 73.50 , 71.62 , 38.88 , 8
807 , 73.25 , 68.62 , 38.88 , 8
808 , 72.75 , 70.25 , 38.88 , 8
809 , 73.00 , 74.37 , 38.88 , 8
810 , 73.00 , 74.37 , 38.88 , 8
Going to Denaturing Temperature
811 , 73.25 , 150.00 , 38.88 , 9
812 , 75.00 , 150.00 , 38.88 , 9
813 , 75.75 , 150.00 , 38.88 , 9
814 , 77.75 , 150.00 , 38.88 , 9
815 , 79.00 , 150.00 , 38.88 , 9
816 , 80.50 , 150.00 , 38.88 , 9
817 , 81.75 , 150.00 , 38.88 , 9
818 , 83.00 , 150.00 , 38.88 , 9
819 , 84.25 , 150.00 , 38.88 , 9
820 , 85.50 , 150.00 , 38.88 , 9
821 , 86.25 , 150.00 , 38.88 , 9
822 , 87.75 , 150.00 , 38.88 , 9
823 , 88.25 , 150.00 , 38.88 , 9
824 , 89.50 , 150.00 , 38.88 , 9
825 , 90.25 , 150.00 , 38.88 , 9
826 , 91.00 , 150.00 , 38.88 , 9
827 , 91.75 , 150.00 , 38.88 , 9
828 , 92.75 , 150.00 , 38.88 , 9
829 , 93.25 , 150.00 , 38.88 , 9
830 , 94.00 , 150.00 , 38.88 , 9
831 , 95.25 , 150.00 , 38.88 , 9
Denaturing DNA Now
832 , 95.75 , 147.63 , 38.88 , 9
833 , 96.25 , 142.75 , 38.88 , 9
834 , 97.00 , 137.63 , 38.88 , 9
835 , 97.25 , 129.88 , 38.88 , 9
836 , 97.75 , 126.50 , 38.88 , 9
Going to Annealing Temperature
837 , 97.75 , 126.50 , 38.88 , 9
838 , 94.00 , 126.50 , 38.88 , 9
839 , 92.25 , 126.50 , 38.88 , 9
840 , 90.00 , 126.50 , 38.88 , 9
841 , 87.50 , 126.50 , 38.88 , 9
842 , 85.00 , 126.50 , 38.88 , 9
843 , 82.75 , 126.50 , 38.88 , 9
844 , 80.50 , 126.50 , 38.88 , 9
845 , 78.25 , 126.50 , 38.88 , 9
846 , 76.25 , 126.50 , 38.88 , 9
847 , 74.25 , 126.50 , 38.88 , 9
848 , 72.25 , 126.50 , 38.88 , 9
849 , 70.75 , 126.50 , 38.88 , 9
850 , 69.25 , 126.50 , 38.88 , 9
851 , 67.50 , 126.50 , 38.88 , 9
852 , 66.25 , 126.50 , 38.88 , 9
853 , 64.75 , 126.50 , 38.88 , 9
854 , 63.25 , 126.50 , 38.88 , 9
855 , 61.75 , 126.50 , 38.88 , 9
856 , 60.25 , 126.50 , 38.88 , 9
858 , 59.50 , 126.50 , 38.88 , 9
859 , 58.25 , 126.50 , 38.88 , 9
860 , 57.00 , 126.50 , 38.88 , 9
861 , 56.00 , 126.50 , 38.88 , 9
862 , 55.00 , 126.50 , 38.88 , 9
Annealing DNA Now
863 , 53.25 , 126.50 , 57.00 , 9
864 , 53.50 , 126.50 , 72.62 , 9
865 , 54.75 , 126.50 , 70.12 , 9
866 , 55.25 , 126.50 , 58.00 , 9
867 , 55.75 , 126.50 , 52.38 , 9
868 , 55.25 , 126.50 , 46.50 , 9
869 , 55.75 , 126.50 , 49.88 , 9
870 , 56.00 , 126.50 , 44.00 , 9
871 , 55.75 , 126.50 , 40.25 , 9
872 , 55.75 , 126.50 , 41.13 , 9
Going to Extension Temperature
873 , 56.50 , 150.00 , 41.13 , 9
874 , 59.50 , 150.00 , 41.13 , 9
875 , 61.00 , 150.00 , 41.13 , 9
876 , 62.75 , 150.00 , 41.13 , 9
877 , 65.25 , 150.00 , 41.13 , 9
878 , 66.75 , 150.00 , 41.13 , 9
879 , 68.75 , 150.00 , 41.13 , 9
880 , 70.00 , 135.00 , 41.13 , 9
881 , 71.50 , 124.75 , 41.13 , 9
Extending DNA Now
882 , 72.25 , 111.50 , 41.13 , 9
883 , 73.00 , 104.62 , 41.13 , 9
884 , 73.50 , 97.37 , 41.13 , 9
885 , 73.50 , 92.12 , 41.13 , 9
886 , 73.75 , 91.37 , 41.13 , 9
887 , 73.75 , 88.25 , 41.13 , 9
888 , 74.00 , 87.37 , 41.13 , 9
889 , 74.25 , 84.12 , 41.13 , 9
890 , 74.00 , 80.75 , 41.13 , 9
891 , 74.25 , 82.00 , 41.13 , 9
892 , 74.25 , 78.62 , 41.13 , 9
893 , 74.00 , 77.50 , 41.13 , 9
894 , 73.75 , 78.75 , 41.13 , 9
895 , 73.75 , 80.12 , 41.13 , 9
896 , 74.25 , 79.25 , 41.13 , 9
897 , 74.00 , 73.62 , 41.13 , 9
898 , 74.00 , 74.87 , 41.13 , 9
899 , 73.75 , 73.87 , 41.13 , 9
900 , 73.50 , 75.25 , 41.13 , 9
901 , 73.75 , 76.75 , 41.13 , 9
902 , 73.75 , 73.62 , 41.13 , 9
903 , 73.50 , 72.75 , 41.13 , 9
904 , 73.50 , 74.25 , 41.13 , 9
905 , 73.25 , 73.50 , 41.13 , 9
906 , 73.00 , 75.12 , 41.13 , 9
907 , 72.75 , 76.87 , 41.13 , 9
908 , 73.25 , 78.75 , 41.13 , 9
909 , 72.75 , 73.62 , 41.13 , 9
910 , 73.25 , 77.75 , 41.13 , 9
911 , 73.00 , 72.62 , 41.13 , 9
912 , 72.75 , 72.62 , 41.13 , 9
Going to Denaturing Temperature
913 , 72.75 , 150.00 , 41.13 , 10
914 , 75.00 , 150.00 , 41.13 , 10
915 , 76.25 , 150.00 , 41.13 , 10
916 , 77.50 , 150.00 , 41.13 , 10
917 , 78.50 , 150.00 , 41.13 , 10
918 , 80.00 , 150.00 , 41.13 , 10
919 , 81.00 , 150.00 , 41.13 , 10
920 , 81.50 , 150.00 , 41.13 , 10
921 , 83.50 , 150.00 , 41.13 , 10
922 , 84.00 , 150.00 , 41.13 , 10
923 , 85.25 , 150.00 , 41.13 , 10
924 , 86.00 , 150.00 , 41.13 , 10
925 , 87.50 , 150.00 , 41.13 , 10
926 , 87.50 , 150.00 , 41.13 , 10
927 , 88.75 , 150.00 , 41.13 , 10
928 , 90.00 , 150.00 , 41.13 , 10
929 , 90.75 , 150.00 , 41.13 , 10
930 , 91.00 , 150.00 , 41.13 , 10
931 , 92.00 , 150.00 , 41.13 , 10
932 , 92.75 , 150.00 , 41.13 , 10
933 , 93.00 , 150.00 , 41.13 , 10
934 , 94.00 , 150.00 , 41.13 , 10
935 , 94.75 , 150.00 , 41.13 , 10
936 , 95.00 , 150.00 , 41.13 , 10
Denaturing DNA Now
937 , 95.50 , 150.00 , 41.13 , 10
938 , 95.75 , 145.25 , 41.13 , 10
939 , 96.25 , 142.63 , 41.13 , 10
940 , 97.25 , 137.50 , 41.13 , 10
941 , 97.25 , 127.37 , 41.13 , 10
Going to Annealing Temperature
942 , 97.75 , 127.37 , 41.13 , 10
943 , 94.50 , 127.37 , 41.13 , 10
944 , 92.25 , 127.37 , 41.13 , 10
945 , 90.00 , 127.37 , 41.13 , 10
946 , 87.25 , 127.37 , 41.13 , 10
947 , 85.00 , 127.37 , 41.13 , 10
948 , 82.25 , 127.37 , 41.13 , 10
949 , 80.25 , 127.37 , 41.13 , 10
950 , 78.25 , 127.37 , 41.13 , 10
951 , 76.25 , 127.37 , 41.13 , 10
952 , 74.25 , 127.37 , 41.13 , 10
953 , 72.50 , 127.37 , 41.13 , 10
954 , 70.50 , 127.37 , 41.13 , 10
955 , 69.00 , 127.37 , 41.13 , 10
956 , 67.50 , 127.37 , 41.13 , 10
957 , 66.25 , 127.37 , 41.13 , 10
958 , 64.00 , 127.37 , 41.13 , 10
959 , 63.00 , 127.37 , 41.13 , 10
960 , 61.75 , 127.37 , 41.13 , 10
961 , 60.50 , 127.37 , 41.13 , 10
962 , 59.00 , 127.37 , 41.13 , 10
963 , 58.25 , 127.37 , 41.13 , 10
964 , 56.50 , 127.37 , 41.13 , 10
965 , 56.00 , 127.37 , 41.13 , 10
966 , 55.00 , 127.37 , 41.13 , 10
Annealing DNA Now
967 , 53.75 , 127.37 , 57.00 , 10
968 , 53.50 , 127.37 , 67.87 , 10
969 , 54.00 , 127.37 , 69.87 , 10
970 , 55.00 , 127.37 , 64.87 , 10
971 , 55.50 , 127.37 , 54.88 , 10
972 , 55.75 , 127.37 , 49.13 , 10
973 , 56.50 , 127.37 , 45.50 , 10
974 , 56.25 , 127.37 , 37.00 , 10
975 , 55.75 , 127.37 , 37.63 , 10
976 , 55.75 , 127.37 , 40.75 , 10
Going to Extension Temperature
977 , 55.75 , 150.00 , 40.75 , 10
978 , 59.00 , 150.00 , 40.75 , 10
979 , 60.75 , 150.00 , 40.75 , 10
980 , 62.50 , 150.00 , 40.75 , 10
981 , 64.25 , 150.00 , 40.75 , 10
982 , 66.25 , 150.00 , 40.75 , 10
983 , 68.00 , 150.00 , 40.75 , 10
984 , 68.75 , 143.38 , 40.75 , 10
985 , 70.75 , 138.25 , 40.75 , 10
Extending DNA Now
986 , 71.75 , 120.87 , 40.75 , 10
987 , 72.25 , 112.00 , 40.75 , 10
988 , 72.50 , 107.37 , 40.75 , 10
989 , 73.50 , 104.87 , 40.75 , 10
990 , 73.75 , 95.12 , 40.75 , 10
991 , 73.75 , 92.00 , 40.75 , 10
992 , 74.50 , 91.12 , 40.75 , 10
993 , 74.00 , 83.12 , 40.75 , 10
994 , 74.00 , 86.62 , 40.75 , 10
995 , 74.50 , 85.62 , 40.75 , 10
996 , 74.50 , 79.87 , 40.75 , 10
997 , 74.50 , 78.62 , 40.75 , 10
998 , 74.25 , 77.37 , 40.75 , 10
999 , 74.00 , 78.50 , 40.75 , 10
1000 , 73.75 , 79.75 , 40.75 , 10
1001 , 73.75 , 81.12 , 40.75 , 10
1002 , 74.00 , 80.25 , 40.75 , 10
1003 , 74.25 , 77.00 , 40.75 , 10
1004 , 73.50 , 73.62 , 40.75 , 10
1005 , 73.75 , 79.62 , 40.75 , 10
1006 , 73.75 , 76.50 , 40.75 , 10
1007 , 73.50 , 75.62 , 40.75 , 10
1008 , 73.50 , 77.12 , 40.75 , 10
1009 , 73.50 , 76.37 , 40.75 , 10
1010 , 73.25 , 75.62 , 40.75 , 10
1011 , 73.50 , 77.25 , 40.75 , 10
1012 , 73.50 , 74.25 , 40.75 , 10
1013 , 73.50 , 73.50 , 40.75 , 10
1014 , 72.75 , 72.75 , 40.75 , 10
1015 , 72.75 , 79.12 , 40.75 , 10
1016 , 73.00 , 79.12 , 40.75 , 10
Going to Denaturing Temperature
1017 , 73.25 , 150.00 , 40.75 , 11
1018 , 75.00 , 150.00 , 40.75 , 11
1019 , 76.00 , 150.00 , 40.75 , 11
1020 , 76.50 , 150.00 , 40.75 , 11
1021 , 78.50 , 150.00 , 40.75 , 11
1022 , 79.25 , 150.00 , 40.75 , 11
1023 , 80.50 , 150.00 , 40.75 , 11
1024 , 81.75 , 150.00 , 40.75 , 11
1025 , 82.75 , 150.00 , 40.75 , 11
1026 , 83.00 , 150.00 , 40.75 , 11
1027 , 84.25 , 150.00 , 40.75 , 11
1028 , 85.50 , 150.00 , 40.75 , 11
1029 , 86.00 , 150.00 , 40.75 , 11
1030 , 86.75 , 150.00 , 40.75 , 11
1031 , 87.50 , 150.00 , 40.75 , 11
1032 , 88.75 , 150.00 , 40.75 , 11
1033 , 89.75 , 150.00 , 40.75 , 11
1034 , 90.00 , 150.00 , 40.75 , 11
1035 , 89.75 , 150.00 , 40.75 , 11
1036 , 91.50 , 150.00 , 40.75 , 11
1037 , 92.00 , 150.00 , 40.75 , 11
1038 , 92.00 , 150.00 , 40.75 , 11
1039 , 92.75 , 150.00 , 40.75 , 11
1040 , 93.75 , 150.00 , 40.75 , 11
1041 , 93.75 , 150.00 , 40.75 , 11
1042 , 94.50 , 150.00 , 40.75 , 11
1043 , 95.25 , 150.00 , 40.75 , 11
Denaturing DNA Now
1044 , 95.50 , 147.63 , 40.75 , 11
1045 , 96.00 , 145.13 , 40.75 , 11
1046 , 96.75 , 140.13 , 40.75 , 11
1047 , 97.00 , 132.50 , 40.75 , 11
1048 , 97.00 , 129.25 , 40.75 , 11
Going to Annealing Temperature
1049 , 96.75 , 129.25 , 40.75 , 11
1050 , 93.75 , 129.25 , 40.75 , 11
1051 , 90.50 , 129.25 , 40.75 , 11
1052 , 88.75 , 129.25 , 40.75 , 11
1053 , 85.50 , 129.25 , 40.75 , 11
1054 , 83.50 , 129.25 , 40.75 , 11
1055 , 81.25 , 129.25 , 40.75 , 11
1056 , 79.25 , 129.25 , 40.75 , 11
1057 , 77.25 , 129.25 , 40.75 , 11
1058 , 75.00 , 129.25 , 40.75 , 11
1059 , 73.00 , 129.25 , 40.75 , 11
1060 , 71.75 , 129.25 , 40.75 , 11
1061 , 69.50 , 129.25 , 40.75 , 11
1062 , 67.75 , 129.25 , 40.75 , 11
1063 , 66.50 , 129.25 , 40.75 , 11
1064 , 65.00 , 129.25 , 40.75 , 11
1065 , 63.50 , 129.25 , 40.75 , 11
1066 , 62.25 , 129.25 , 40.75 , 11
1067 , 60.50 , 129.25 , 40.75 , 11
1068 , 59.75 , 129.25 , 40.75 , 11
1069 , 58.50 , 129.25 , 40.75 , 11
1070 , 57.25 , 129.25 , 40.75 , 11
1071 , 56.25 , 129.25 , 40.75 , 11
1072 , 55.25 , 129.25 , 40.75 , 11
1073 , 53.75 , 129.25 , 40.75 , 11
Annealing DNA Now
1074 , 52.75 , 129.25 , 68.25 , 11
1075 , 52.75 , 129.25 , 75.00 , 11
1076 , 54.00 , 129.25 , 75.00 , 11
1077 , 54.75 , 129.25 , 65.50 , 11
1078 , 55.50 , 129.25 , 57.88 , 11
1079 , 55.50 , 129.25 , 49.88 , 11
1080 , 56.00 , 129.25 , 48.63 , 11
1081 , 55.75 , 129.25 , 42.63 , 11
1082 , 55.50 , 129.25 , 43.50 , 11
1083 , 55.75 , 129.25 , 44.50 , 11
Going to Extension Temperature
1084 , 55.50 , 150.00 , 44.50 , 11
1085 , 58.00 , 150.00 , 44.50 , 11
1086 , 60.50 , 150.00 , 44.50 , 11
1087 , 62.00 , 150.00 , 44.50 , 11
1088 , 64.50 , 150.00 , 44.50 , 11
1089 , 66.00 , 150.00 , 44.50 , 11
1090 , 67.25 , 150.00 , 44.50 , 11
1091 , 69.25 , 150.00 , 44.50 , 11
1092 , 70.75 , 136.38 , 44.50 , 11
Extending DNA Now
1093 , 71.25 , 123.50 , 44.50 , 11
1094 , 72.50 , 119.37 , 44.50 , 11
1095 , 72.25 , 107.87 , 44.50 , 11
1096 , 73.75 , 110.00 , 44.50 , 11
1097 , 73.75 , 95.62 , 44.50 , 11
1098 , 74.00 , 94.75 , 44.50 , 11
1099 , 74.50 , 91.50 , 44.50 , 11
1100 , 74.50 , 85.75 , 44.50 , 11
1101 , 74.25 , 84.50 , 44.50 , 11
1102 , 74.00 , 85.62 , 44.50 , 11
1103 , 74.75 , 86.87 , 44.50 , 11
1104 , 74.75 , 78.75 , 44.50 , 11
1105 , 74.50 , 77.37 , 44.50 , 11
1106 , 74.50 , 78.37 , 44.50 , 11
1107 , 74.00 , 77.12 , 44.50 , 11
1108 , 74.25 , 80.62 , 44.50 , 11
1109 , 73.75 , 77.25 , 44.50 , 11
1110 , 73.50 , 80.87 , 44.50 , 11
1111 , 73.50 , 82.37 , 44.50 , 11
1112 , 73.50 , 81.62 , 44.50 , 11
1113 , 74.00 , 80.87 , 44.50 , 11
1114 , 73.50 , 75.37 , 44.50 , 11
1115 , 73.50 , 79.12 , 44.50 , 11
1116 , 73.25 , 78.37 , 44.50 , 11
1117 , 73.25 , 80.00 , 44.50 , 11
1118 , 73.50 , 79.37 , 44.50 , 11
1119 , 73.50 , 76.37 , 44.50 , 11
1120 , 73.25 , 75.62 , 44.50 , 11
1121 , 73.00 , 77.25 , 44.50 , 11
1122 , 72.50 , 79.00 , 44.50 , 11
1123 , 73.00 , 79.00 , 44.50 , 11
Going to Denaturing Temperature
1124 , 72.75 , 150.00 , 44.50 , 12
1125 , 75.00 , 150.00 , 44.50 , 12
1126 , 76.25 , 150.00 , 44.50 , 12
1127 , 77.00 , 150.00 , 44.50 , 12
1128 , 78.00 , 150.00 , 44.50 , 12
1129 , 79.25 , 150.00 , 44.50 , 12
1130 , 80.50 , 150.00 , 44.50 , 12
1131 , 81.25 , 150.00 , 44.50 , 12
1132 , 82.00 , 150.00 , 44.50 , 12
1133 , 82.50 , 150.00 , 44.50 , 12
1134 , 84.00 , 150.00 , 44.50 , 12
1135 , 85.00 , 150.00 , 44.50 , 12
1136 , 85.75 , 150.00 , 44.50 , 12
1137 , 85.50 , 150.00 , 44.50 , 12
1138 , 87.25 , 150.00 , 44.50 , 12
1139 , 88.00 , 150.00 , 44.50 , 12
1140 , 88.50 , 150.00 , 44.50 , 12
1141 , 88.75 , 150.00 , 44.50 , 12
1142 , 90.00 , 150.00 , 44.50 , 12
1143 , 90.75 , 150.00 , 44.50 , 12
1144 , 91.25 , 150.00 , 44.50 , 12
1145 , 92.25 , 150.00 , 44.50 , 12
1146 , 92.50 , 150.00 , 44.50 , 12
1147 , 92.75 , 150.00 , 44.50 , 12
1148 , 93.50 , 150.00 , 44.50 , 12
1149 , 94.25 , 150.00 , 44.50 , 12
1150 , 94.50 , 150.00 , 44.50 , 12
1151 , 95.00 , 150.00 , 44.50 , 12
Denaturing DNA Now
1152 , 95.25 , 150.00 , 44.50 , 12
1153 , 96.25 , 147.63 , 44.50 , 12
1154 , 95.50 , 138.00 , 44.50 , 12
1155 , 95.50 , 144.50 , 44.50 , 12
1156 , 96.50 , 144.25 , 44.50 , 12
Going to Annealing Temperature
1157 , 96.50 , 144.25 , 44.50 , 12
1158 , 93.00 , 144.25 , 44.50 , 12
1159 , 91.00 , 144.25 , 44.50 , 12
1160 , 88.25 , 144.25 , 44.50 , 12
1161 , 86.25 , 144.25 , 44.50 , 12
1162 , 83.75 , 144.25 , 44.50 , 12
1163 , 81.50 , 144.25 , 44.50 , 12
1164 , 79.25 , 144.25 , 44.50 , 12
1165 , 77.00 , 144.25 , 44.50 , 12
1166 , 75.00 , 144.25 , 44.50 , 12
1167 , 73.50 , 144.25 , 44.50 , 12
1168 , 71.25 , 144.25 , 44.50 , 12
1169 , 69.75 , 144.25 , 44.50 , 12
1170 , 68.25 , 144.25 , 44.50 , 12
1171 , 66.00 , 144.25 , 44.50 , 12
1172 , 65.25 , 144.25 , 44.50 , 12
1173 , 63.75 , 144.25 , 44.50 , 12
1174 , 62.25 , 144.25 , 44.50 , 12
1175 , 60.75 , 144.25 , 44.50 , 12
1176 , 59.50 , 144.25 , 44.50 , 12
1177 , 58.50 , 144.25 , 44.50 , 12
1178 , 57.25 , 144.25 , 44.50 , 12
1179 , 56.00 , 144.25 , 44.50 , 12
1180 , 54.50 , 144.25 , 44.50 , 12
Annealing DNA Now
1181 , 53.75 , 144.25 , 61.50 , 12
1182 , 52.75 , 144.25 , 67.87 , 12
1183 , 53.75 , 144.25 , 75.00 , 12
1184 , 55.00 , 144.25 , 67.62 , 12
1185 , 55.75 , 144.25 , 55.38 , 12
1186 , 56.25 , 144.25 , 47.25 , 12
1187 , 56.00 , 144.25 , 41.13 , 12
1188 , 55.75 , 144.25 , 41.88 , 12
1189 , 55.75 , 144.25 , 42.75 , 12
1190 , 55.75 , 144.25 , 41.38 , 12
Going to Extension Temperature
1191 , 55.50 , 150.00 , 41.38 , 12
1192 , 58.50 , 150.00 , 41.38 , 12
1193 , 60.50 , 150.00 , 41.38 , 12
1194 , 62.00 , 150.00 , 41.38 , 12
1195 , 64.25 , 150.00 , 41.38 , 12
1196 , 65.50 , 150.00 , 41.38 , 12
1197 , 67.25 , 150.00 , 41.38 , 12
1198 , 68.75 , 150.00 , 41.38 , 12
1199 , 70.00 , 140.38 , 41.38 , 12
1200 , 70.75 , 130.13 , 41.38 , 12
Extending DNA Now
1201 , 71.75 , 124.00 , 41.38 , 12
1202 , 72.75 , 115.12 , 41.38 , 12
1203 , 73.00 , 105.75 , 41.38 , 12
1204 , 73.25 , 103.00 , 41.38 , 12
1205 , 73.75 , 100.12 , 41.38 , 12
1206 , 73.75 , 94.75 , 41.38 , 12
1207 , 73.75 , 93.87 , 41.38 , 12
1208 , 73.75 , 93.00 , 41.38 , 12
1209 , 74.00 , 92.12 , 41.38 , 12
1210 , 74.25 , 88.87 , 41.38 , 12
1211 , 74.50 , 85.50 , 41.38 , 12
1212 , 73.75 , 82.00 , 41.38 , 12
1213 , 73.75 , 87.87 , 41.38 , 12
1214 , 73.25 , 87.00 , 41.38 , 12
1215 , 73.50 , 90.87 , 41.38 , 12
1216 , 74.00 , 87.87 , 41.38 , 12
1217 , 73.75 , 82.37 , 41.38 , 12
1218 , 73.50 , 83.75 , 41.38 , 12
1219 , 73.50 , 85.25 , 41.38 , 12
1220 , 74.00 , 84.50 , 41.38 , 12
1221 , 73.25 , 79.00 , 41.38 , 12
1222 , 73.50 , 85.12 , 41.38 , 12
1223 , 73.50 , 82.12 , 41.38 , 12
1224 , 73.75 , 81.37 , 41.38 , 12
1225 , 73.75 , 78.25 , 41.38 , 12
1226 , 74.00 , 77.37 , 41.38 , 12
1227 , 73.25 , 74.12 , 41.38 , 12
1228 , 72.75 , 80.25 , 41.38 , 12
1229 , 72.75 , 84.37 , 41.38 , 12
1230 , 73.00 , 84.00 , 41.38 , 12
1231 , 73.25 , 84.00 , 41.38 , 12
Going to Denaturing Temperature
1232 , 72.75 , 150.00 , 41.38 , 13
1233 , 74.25 , 150.00 , 41.38 , 13
1234 , 75.75 , 150.00 , 41.38 , 13
1235 , 76.50 , 150.00 , 41.38 , 13
1236 , 78.00 , 150.00 , 41.38 , 13
1237 , 79.00 , 150.00 , 41.38 , 13
1238 , 79.25 , 150.00 , 41.38 , 13
1239 , 80.50 , 150.00 , 41.38 , 13
1240 , 81.00 , 150.00 , 41.38 , 13
1241 , 82.25 , 150.00 , 41.38 , 13
1242 , 82.75 , 150.00 , 41.38 , 13
1243 , 83.75 , 150.00 , 41.38 , 13
1244 , 84.50 , 150.00 , 41.38 , 13
1245 , 84.75 , 150.00 , 41.38 , 13
1246 , 85.50 , 150.00 , 41.38 , 13
1247 , 86.50 , 150.00 , 41.38 , 13
1248 , 87.00 , 150.00 , 41.38 , 13
1249 , 87.25 , 150.00 , 41.38 , 13
1250 , 88.25 , 150.00 , 41.38 , 13
1251 , 88.00 , 150.00 , 41.38 , 13
1252 , 89.00 , 150.00 , 41.38 , 13
1253 , 89.25 , 150.00 , 41.38 , 13
1254 , 90.25 , 150.00 , 41.38 , 13
1255 , 90.75 , 150.00 , 41.38 , 13
1256 , 91.50 , 150.00 , 41.38 , 13
1257 , 91.50 , 150.00 , 41.38 , 13
1258 , 92.25 , 150.00 , 41.38 , 13
1259 , 93.00 , 150.00 , 41.38 , 13
1260 , 92.75 , 150.00 , 41.38 , 13
1261 , 93.75 , 150.00 , 41.38 , 13
1262 , 94.00 , 150.00 , 41.38 , 13
1263 , 94.50 , 150.00 , 41.38 , 13
1264 , 94.75 , 150.00 , 41.38 , 13
1265 , 94.75 , 150.00 , 41.38 , 13
1266 , 95.00 , 150.00 , 41.38 , 13
Denaturing DNA Now
1267 , 95.75 , 150.00 , 41.38 , 13
1268 , 96.00 , 142.88 , 41.38 , 13
1269 , 96.00 , 140.13 , 41.38 , 13
1270 , 96.00 , 139.63 , 41.38 , 13
1271 , 95.75 , 139.13 , 41.38 , 13
Going to Annealing Temperature
1272 , 96.25 , 139.13 , 41.38 , 13
1273 , 92.75 , 139.13 , 41.38 , 13
1274 , 90.25 , 139.13 , 41.38 , 13
1275 , 88.00 , 139.13 , 41.38 , 13
1276 , 85.75 , 139.13 , 41.38 , 13
1277 , 83.00 , 139.13 , 41.38 , 13
1278 , 81.25 , 139.13 , 41.38 , 13
1279 , 79.25 , 139.13 , 41.38 , 13
1280 , 77.00 , 139.13 , 41.38 , 13
1281 , 75.00 , 139.13 , 41.38 , 13
1282 , 73.25 , 139.13 , 41.38 , 13
1283 , 71.25 , 139.13 , 41.38 , 13
1284 , 69.50 , 139.13 , 41.38 , 13
1285 , 67.75 , 139.13 , 41.38 , 13
1286 , 65.75 , 139.13 , 41.38 , 13
1287 , 64.50 , 139.13 , 41.38 , 13
1288 , 63.25 , 139.13 , 41.38 , 13
1289 , 62.25 , 139.13 , 41.38 , 13
1290 , 60.75 , 139.13 , 41.38 , 13
1291 , 59.50 , 139.13 , 41.38 , 13
1292 , 57.50 , 139.13 , 41.38 , 13
1293 , 57.00 , 139.13 , 41.38 , 13
1294 , 56.00 , 139.13 , 41.38 , 13
1295 , 54.25 , 139.13 , 41.38 , 13
Annealing DNA Now
1296 , 54.00 , 139.13 , 63.75 , 13
1297 , 53.75 , 139.13 , 65.50 , 13
1298 , 54.50 , 139.13 , 67.37 , 13
1300 , 55.25 , 139.13 , 59.88 , 13
1301 , 55.50 , 139.13 , 52.00 , 13
1302 , 55.50 , 139.13 , 48.50 , 13
1303 , 55.75 , 139.13 , 47.25 , 13
1304 , 55.75 , 139.13 , 43.63 , 13
1305 , 55.25 , 139.13 , 42.25 , 13
Going to Extension Temperature
1306 , 55.25 , 150.00 , 42.25 , 13
1307 , 58.50 , 150.00 , 42.25 , 13
1308 , 60.25 , 150.00 , 42.25 , 13
1309 , 62.00 , 150.00 , 42.25 , 13
1310 , 63.75 , 150.00 , 42.25 , 13
1311 , 65.25 , 150.00 , 42.25 , 13
1312 , 66.75 , 150.00 , 42.25 , 13
1313 , 68.00 , 150.00 , 42.25 , 13
1314 , 69.25 , 149.50 , 42.25 , 13
1315 , 69.75 , 139.63 , 42.25 , 13
1316 , 71.00 , 136.25 , 42.25 , 13
Extending DNA Now
1317 , 72.00 , 125.50 , 42.25 , 13
1318 , 72.25 , 116.50 , 42.25 , 13
1319 , 73.00 , 114.12 , 42.25 , 13
1320 , 73.50 , 106.87 , 42.25 , 13
1321 , 73.50 , 101.62 , 42.25 , 13
1322 , 74.00 , 100.87 , 42.25 , 13
1323 , 74.00 , 95.37 , 42.25 , 13
1324 , 74.25 , 94.37 , 42.25 , 13
1325 , 74.00 , 91.00 , 42.25 , 13
1326 , 74.25 , 92.25 , 42.25 , 13
1327 , 74.00 , 88.87 , 42.25 , 13
1328 , 73.50 , 90.12 , 42.25 , 13
1329 , 74.25 , 93.87 , 42.25 , 13
1330 , 74.25 , 86.00 , 42.25 , 13
1331 , 74.25 , 84.87 , 42.25 , 13
1332 , 74.25 , 83.75 , 42.25 , 13
1333 , 74.00 , 82.62 , 42.25 , 13
1334 , 74.00 , 83.87 , 42.25 , 13
1335 , 73.75 , 82.87 , 42.25 , 13
1336 , 73.75 , 84.25 , 42.25 , 13
1337 , 74.00 , 83.37 , 42.25 , 13
1338 , 73.50 , 80.12 , 42.25 , 13
1339 , 73.50 , 83.87 , 42.25 , 13
1340 , 73.00 , 83.12 , 42.25 , 13
1341 , 73.25 , 87.12 , 42.25 , 13
1342 , 73.75 , 84.25 , 42.25 , 13
1343 , 73.25 , 78.87 , 42.25 , 13
1344 , 73.50 , 82.75 , 42.25 , 13
1345 , 73.75 , 79.75 , 42.25 , 13
1346 , 73.75 , 76.62 , 42.25 , 13
1347 , 73.50 , 76.62 , 42.25 , 13
Going to Denaturing Temperature
1348 , 73.50 , 150.00 , 42.25 , 14
1349 , 75.25 , 150.00 , 42.25 , 14
1350 , 75.50 , 150.00 , 42.25 , 14
1351 , 77.00 , 150.00 , 42.25 , 14
1352 , 78.00 , 150.00 , 42.25 , 14
1353 , 79.25 , 150.00 , 42.25 , 14
1354 , 80.00 , 150.00 , 42.25 , 14
1355 , 81.50 , 150.00 , 42.25 , 14
1356 , 81.75 , 150.00 , 42.25 , 14
1357 , 83.00 , 150.00 , 42.25 , 14
1358 , 83.75 , 150.00 , 42.25 , 14
1359 , 84.25 , 150.00 , 42.25 , 14
1360 , 85.00 , 150.00 , 42.25 , 14
1361 , 85.75 , 150.00 , 42.25 , 14
1362 , 86.00 , 150.00 , 42.25 , 14
1363 , 86.00 , 150.00 , 42.25 , 14
1364 , 87.25 , 150.00 , 42.25 , 14
1365 , 87.75 , 150.00 , 42.25 , 14
1366 , 88.25 , 150.00 , 42.25 , 14
1367 , 88.25 , 150.00 , 42.25 , 14
1368 , 89.25 , 150.00 , 42.25 , 14
1369 , 89.50 , 150.00 , 42.25 , 14
1370 , 90.25 , 150.00 , 42.25 , 14
1371 , 90.00 , 150.00 , 42.25 , 14
1372 , 91.25 , 150.00 , 42.25 , 14
1373 , 91.75 , 150.00 , 42.25 , 14
1374 , 92.00 , 150.00 , 42.25 , 14
1375 , 92.50 , 150.00 , 42.25 , 14
1376 , 92.50 , 150.00 , 42.25 , 14
1377 , 93.25 , 150.00 , 42.25 , 14
1378 , 93.75 , 150.00 , 42.25 , 14
1379 , 94.00 , 150.00 , 42.25 , 14
1380 , 93.75 , 150.00 , 42.25 , 14
1381 , 93.75 , 150.00 , 42.25 , 14
1382 , 94.25 , 150.00 , 42.25 , 14
1383 , 95.00 , 150.00 , 42.25 , 14
Denaturing DNA Now
1384 , 95.00 , 150.00 , 42.25 , 14
1385 , 95.25 , 150.00 , 42.25 , 14
1386 , 95.25 , 147.63 , 42.25 , 14
1387 , 96.25 , 147.50 , 42.25 , 14
1388 , 96.25 , 137.88 , 42.25 , 14
Going to Annealing Temperature
1389 , 96.50 , 137.88 , 42.25 , 14
1390 , 92.75 , 137.88 , 42.25 , 14
1391 , 90.75 , 137.88 , 42.25 , 14
1392 , 88.00 , 137.88 , 42.25 , 14
1393 , 86.00 , 137.88 , 42.25 , 14
1394 , 83.50 , 137.88 , 42.25 , 14
1395 , 81.25 , 137.88 , 42.25 , 14
1396 , 79.00 , 137.88 , 42.25 , 14
1397 , 76.50 , 137.88 , 42.25 , 14
1398 , 74.75 , 137.88 , 42.25 , 14
1399 , 73.00 , 137.88 , 42.25 , 14
1400 , 71.00 , 137.88 , 42.25 , 14
1401 , 69.50 , 137.88 , 42.25 , 14
1402 , 67.75 , 137.88 , 42.25 , 14
1403 , 66.25 , 137.88 , 42.25 , 14
1404 , 64.75 , 137.88 , 42.25 , 14
1405 , 63.00 , 137.88 , 42.25 , 14
1406 , 61.75 , 137.88 , 42.25 , 14
1407 , 60.75 , 137.88 , 42.25 , 14
1408 , 59.50 , 137.88 , 42.25 , 14
1409 , 58.25 , 137.88 , 42.25 , 14
1410 , 57.00 , 137.88 , 42.25 , 14
1411 , 56.25 , 137.88 , 42.25 , 14
1412 , 55.25 , 137.88 , 42.25 , 14
1413 , 53.50 , 137.88 , 42.25 , 14
Annealing DNA Now
1414 , 52.75 , 137.88 , 70.50 , 14
1415 , 52.75 , 137.88 , 75.00 , 14
1416 , 53.75 , 137.88 , 75.00 , 14
1417 , 54.50 , 137.88 , 67.87 , 14
1418 , 54.75 , 137.88 , 60.38 , 14
1419 , 55.75 , 137.88 , 57.25 , 14
1420 , 55.75 , 137.88 , 46.88 , 14
1421 , 55.75 , 137.88 , 45.50 , 14
1422 , 55.50 , 137.88 , 44.13 , 14
1423 , 55.75 , 137.88 , 45.13 , 14
Going to Extension Temperature
1424 , 55.50 , 150.00 , 45.13 , 14
1425 , 58.50 , 150.00 , 45.13 , 14
1426 , 60.50 , 150.00 , 45.13 , 14
1427 , 61.50 , 150.00 , 45.13 , 14
1428 , 62.75 , 150.00 , 45.13 , 14
1429 , 64.00 , 150.00 , 45.13 , 14
1430 , 65.75 , 150.00 , 45.13 , 14
1431 , 66.75 , 150.00 , 45.13 , 14
1432 , 68.25 , 150.00 , 45.13 , 14
1433 , 68.75 , 150.00 , 45.13 , 14
1434 , 70.25 , 148.88 , 45.13 , 14
1435 , 71.25 , 136.25 , 45.13 , 14
Extending DNA Now
1436 , 72.50 , 127.62 , 45.13 , 14
1437 , 72.75 , 116.12 , 45.13 , 14
1438 , 73.25 , 113.50 , 45.13 , 14
1439 , 73.75 , 108.37 , 45.13 , 14
1440 , 73.75 , 103.00 , 45.13 , 14
1441 , 74.00 , 102.12 , 45.13 , 14
1442 , 74.25 , 98.87 , 45.13 , 14
1443 , 74.25 , 95.50 , 45.13 , 14
1444 , 74.00 , 94.37 , 45.13 , 14
1445 , 74.25 , 95.62 , 45.13 , 14
1446 , 74.50 , 92.25 , 45.13 , 14
1447 , 73.75 , 88.75 , 45.13 , 14
1448 , 73.50 , 94.62 , 45.13 , 14
1449 , 74.00 , 96.12 , 45.13 , 14
1450 , 74.50 , 90.62 , 45.13 , 14
1451 , 74.25 , 84.87 , 45.13 , 14
1452 , 73.75 , 86.00 , 45.13 , 14
1453 , 73.50 , 89.62 , 45.13 , 14
1454 , 74.00 , 91.12 , 45.13 , 14
1455 , 74.50 , 85.62 , 45.13 , 14
1456 , 74.00 , 79.87 , 45.13 , 14
1457 , 74.00 , 83.37 , 45.13 , 14
1458 , 74.25 , 82.37 , 45.13 , 14
1459 , 73.75 , 79.00 , 45.13 , 14
1460 , 74.00 , 82.62 , 45.13 , 14
1461 , 73.75 , 79.37 , 45.13 , 14
1462 , 73.50 , 80.75 , 45.13 , 14
1463 , 73.50 , 82.25 , 45.13 , 14
1464 , 73.00 , 81.50 , 45.13 , 14
1465 , 73.25 , 85.50 , 45.13 , 14
1466 , 73.25 , 85.50 , 45.13 , 14
Going to Denaturing Temperature
1467 , 72.75 , 150.00 , 45.13 , 15
1468 , 73.75 , 150.00 , 45.13 , 15
1469 , 75.25 , 150.00 , 45.13 , 15
1470 , 76.00 , 150.00 , 45.13 , 15
1471 , 77.50 , 150.00 , 45.13 , 15
1472 , 78.00 , 150.00 , 45.13 , 15
1473 , 78.75 , 150.00 , 45.13 , 15
1474 , 79.75 , 150.00 , 45.13 , 15
1475 , 80.50 , 150.00 , 45.13 , 15
1476 , 81.25 , 150.00 , 45.13 , 15
1477 , 81.50 , 150.00 , 45.13 , 15
1478 , 82.75 , 150.00 , 45.13 , 15
1479 , 82.75 , 150.00 , 45.13 , 15
1480 , 83.50 , 150.00 , 45.13 , 15
1481 , 84.00 , 150.00 , 45.13 , 15
1482 , 84.50 , 150.00 , 45.13 , 15
1483 , 85.50 , 150.00 , 45.13 , 15
1484 , 86.00 , 150.00 , 45.13 , 15
1485 , 86.50 , 150.00 , 45.13 , 15
1486 , 86.50 , 150.00 , 45.13 , 15
1487 , 87.25 , 150.00 , 45.13 , 15
1488 , 87.75 , 150.00 , 45.13 , 15
1489 , 87.75 , 150.00 , 45.13 , 15
1490 , 88.75 , 150.00 , 45.13 , 15
1491 , 89.75 , 150.00 , 45.13 , 15
1492 , 90.00 , 150.00 , 45.13 , 15
1493 , 90.25 , 150.00 , 45.13 , 15
1494 , 90.25 , 150.00 , 45.13 , 15
1495 , 90.75 , 150.00 , 45.13 , 15
1496 , 91.25 , 150.00 , 45.13 , 15
1497 , 91.00 , 150.00 , 45.13 , 15
1498 , 91.50 , 150.00 , 45.13 , 15
1499 , 92.25 , 150.00 , 45.13 , 15
1500 , 92.50 , 150.00 , 45.13 , 15
1501 , 92.75 , 150.00 , 45.13 , 15
1502 , 93.00 , 150.00 , 45.13 , 15
1503 , 93.50 , 150.00 , 45.13 , 15
1504 , 94.00 , 150.00 , 45.13 , 15
1505 , 93.50 , 150.00 , 45.13 , 15
1506 , 94.25 , 150.00 , 45.13 , 15
1507 , 94.50 , 150.00 , 45.13 , 15
1508 , 95.00 , 150.00 , 45.13 , 15
Denaturing DNA Now
1509 , 95.25 , 150.00 , 45.13 , 15
1510 , 95.00 , 147.63 , 45.13 , 15
1511 , 94.75 , 149.88 , 45.13 , 15
1512 , 95.50 , 150.00 , 45.13 , 15
1513 , 95.75 , 145.25 , 45.13 , 15
Going to Annealing Temperature
1514 , 95.25 , 145.25 , 45.13 , 15
1515 , 92.50 , 145.25 , 45.13 , 15
1516 , 89.75 , 145.25 , 45.13 , 15
1517 , 88.00 , 145.25 , 45.13 , 15
1518 , 86.00 , 145.25 , 45.13 , 15
1519 , 83.50 , 145.25 , 45.13 , 15
1520 , 81.00 , 145.25 , 45.13 , 15
1521 , 79.50 , 145.25 , 45.13 , 15
1522 , 76.50 , 145.25 , 45.13 , 15
1523 , 74.75 , 145.25 , 45.13 , 15
1524 , 73.25 , 145.25 , 45.13 , 15
1525 , 71.50 , 145.25 , 45.13 , 15
1526 , 69.75 , 145.25 , 45.13 , 15
1527 , 68.25 , 145.25 , 45.13 , 15
1528 , 66.50 , 145.25 , 45.13 , 15
1529 , 65.00 , 145.25 , 45.13 , 15
1530 , 62.75 , 145.25 , 45.13 , 15
1531 , 61.75 , 145.25 , 45.13 , 15
1532 , 60.50 , 145.25 , 45.13 , 15
1533 , 59.75 , 145.25 , 45.13 , 15
1534 , 58.50 , 145.25 , 45.13 , 15
1535 , 56.25 , 145.25 , 45.13 , 15
1536 , 56.00 , 145.25 , 45.13 , 15
1537 , 55.25 , 145.25 , 45.13 , 15
1538 , 53.50 , 145.25 , 45.13 , 15
Annealing DNA Now
1539 , 52.75 , 145.25 , 70.50 , 15
1540 , 52.75 , 145.25 , 75.00 , 15
1541 , 54.00 , 145.25 , 75.00 , 15
1542 , 54.75 , 145.25 , 65.50 , 15
1543 , 55.25 , 145.25 , 57.88 , 15
1544 , 55.00 , 145.25 , 52.25 , 15
1545 , 55.25 , 145.25 , 53.50 , 15
1546 , 55.75 , 145.25 , 50.13 , 15
1547 , 55.25 , 145.25 , 44.25 , 15
1548 , 55.50 , 145.25 , 47.63 , 15
Going to Extension Temperature
1549 , 55.25 , 150.00 , 47.63 , 15
1550 , 58.50 , 150.00 , 47.63 , 15
1551 , 59.75 , 150.00 , 47.63 , 15
1552 , 61.75 , 150.00 , 47.63 , 15
1553 , 62.75 , 150.00 , 47.63 , 15
1554 , 64.25 , 150.00 , 47.63 , 15
1555 , 65.50 , 150.00 , 47.63 , 15
1556 , 67.00 , 150.00 , 47.63 , 15
1557 , 68.00 , 150.00 , 47.63 , 15
1558 , 68.50 , 150.00 , 47.63 , 15
1559 , 69.50 , 150.00 , 47.63 , 15
1560 , 70.50 , 144.25 , 47.63 , 15
Extending DNA Now
1561 , 72.25 , 136.00 , 47.63 , 15
1562 , 72.75 , 120.12 , 47.63 , 15
1563 , 73.25 , 115.25 , 47.63 , 15
1564 , 73.50 , 110.12 , 47.63 , 15
1565 , 73.25 , 107.12 , 47.63 , 15
1566 , 73.75 , 108.75 , 47.63 , 15
1567 , 74.00 , 103.37 , 47.63 , 15
1568 , 73.75 , 100.12 , 47.63 , 15
1569 , 73.75 , 101.50 , 47.63 , 15
1570 , 74.00 , 100.62 , 47.63 , 15
1571 , 74.25 , 97.37 , 47.63 , 15
1572 , 74.00 , 94.00 , 47.63 , 15
1573 , 74.25 , 95.25 , 47.63 , 15
1574 , 74.00 , 91.87 , 47.63 , 15
1575 , 74.50 , 93.12 , 47.63 , 15
1576 , 74.50 , 87.37 , 47.63 , 15
1577 , 74.00 , 86.12 , 47.63 , 15
1578 , 73.50 , 89.62 , 47.63 , 15
1579 , 74.00 , 93.37 , 47.63 , 15
1580 , 74.25 , 87.87 , 47.63 , 15
1581 , 73.75 , 84.50 , 47.63 , 15
1582 , 73.50 , 88.12 , 47.63 , 15
1583 , 73.50 , 89.62 , 47.63 , 15
1584 , 73.50 , 88.87 , 47.63 , 15
1585 , 72.75 , 88.12 , 47.63 , 15
1586 , 73.00 , 94.50 , 47.63 , 15
1587 , 73.50 , 91.75 , 47.63 , 15
1588 , 73.25 , 86.50 , 47.63 , 15
1589 , 72.25 , 88.12 , 47.63 , 15
1590 , 72.75 , 97.00 , 47.63 , 15
1591 , 73.25 , 97.00 , 47.63 , 15
