Please wait for the temperature to reach 95
0 , 30.75 , 150.00 , 0.00 , 0
1 , 30.25 , 150.00 , 0.00 , 0
2 , 29.75 , 150.00 , 0.00 , 0
3 , 30.50 , 150.00 , 0.00 , 0
4 , 30.50 , 150.00 , 0.00 , 0
5 , 31.00 , 150.00 , 0.00 , 0
6 , 35.25 , 150.00 , 0.00 , 0
7 , 34.50 , 150.00 , 0.00 , 0
8 , 34.75 , 150.00 , 0.00 , 0
9 , 36.00 , 150.00 , 0.00 , 0
10 , 37.25 , 150.00 , 0.00 , 0
11 , 38.50 , 150.00 , 0.00 , 0
12 , 39.50 , 150.00 , 0.00 , 0
13 , 43.50 , 150.00 , 0.00 , 0
14 , 45.25 , 150.00 , 0.00 , 0
15 , 47.25 , 150.00 , 0.00 , 0
16 , 49.50 , 150.00 , 0.00 , 0
17 , 51.75 , 150.00 , 0.00 , 0
18 , 53.50 , 150.00 , 0.00 , 0
19 , 55.25 , 150.00 , 0.00 , 0
20 , 57.00 , 150.00 , 0.00 , 0
21 , 58.75 , 150.00 , 0.00 , 0
22 , 60.00 , 150.00 , 0.00 , 0
23 , 61.50 , 150.00 , 0.00 , 0
24 , 63.00 , 150.00 , 0.00 , 0
25 , 65.00 , 150.00 , 0.00 , 0
26 , 66.25 , 150.00 , 0.00 , 0
27 , 67.25 , 150.00 , 0.00 , 0
28 , 69.00 , 150.00 , 0.00 , 0
29 , 69.50 , 150.00 , 0.00 , 0
30 , 70.50 , 150.00 , 0.00 , 0
31 , 72.50 , 150.00 , 0.00 , 0
32 , 72.75 , 150.00 , 0.00 , 0
33 , 74.25 , 150.00 , 0.00 , 0
34 , 76.00 , 150.00 , 0.00 , 0
35 , 76.75 , 150.00 , 0.00 , 0
36 , 78.50 , 150.00 , 0.00 , 0
37 , 79.50 , 150.00 , 0.00 , 0
38 , 80.75 , 150.00 , 0.00 , 0
39 , 81.75 , 150.00 , 0.00 , 0
40 , 82.75 , 150.00 , 0.00 , 0
41 , 84.25 , 150.00 , 0.00 , 0
42 , 85.50 , 150.00 , 0.00 , 0
43 , 86.50 , 150.00 , 0.00 , 0
44 , 87.75 , 150.00 , 0.00 , 0
45 , 88.00 , 150.00 , 0.00 , 0
46 , 89.75 , 150.00 , 0.00 , 0
47 , 91.00 , 150.00 , 0.00 , 0
48 , 91.25 , 150.00 , 0.00 , 0
49 , 92.75 , 150.00 , 0.00 , 0
50 , 93.25 , 150.00 , 0.00 , 0
51 , 95.00 , 150.00 , 0.00 , 0
Temperature has reached 95, please wait 60s for the initial denaturing to complete
52 , 96.00 , 150.00 , 0.00 , 0
Initial Denaturing has completed, Amplification Loop will start now
Going to Denaturing Temperature
Denaturing DNA Now
53 , 97.50 , 140.50 , 0.00 , 1
54 , 97.50 , 125.75 , 0.00 , 1
55 , 98.25 , 124.50 , 0.00 , 1
56 , 99.25 , 116.12 , 0.00 , 1
57 , 99.25 , 105.00 , 0.00 , 1
Going to Annealing Temperature
58 , 99.75 , 105.00 , 0.00 , 1
59 , 97.00 , 105.00 , 0.00 , 1
60 , 94.50 , 105.00 , 0.00 , 1
61 , 92.25 , 105.00 , 0.00 , 1
62 , 89.50 , 105.00 , 0.00 , 1
63 , 87.00 , 105.00 , 0.00 , 1
64 , 84.00 , 105.00 , 0.00 , 1
65 , 81.50 , 105.00 , 0.00 , 1
66 , 78.75 , 105.00 , 0.00 , 1
67 , 76.75 , 105.00 , 0.00 , 1
68 , 74.50 , 105.00 , 0.00 , 1
69 , 72.50 , 105.00 , 0.00 , 1
70 , 71.25 , 105.00 , 0.00 , 1
71 , 68.75 , 105.00 , 0.00 , 1
72 , 67.25 , 105.00 , 0.00 , 1
73 , 65.75 , 105.00 , 0.00 , 1
74 , 63.75 , 105.00 , 0.00 , 1
75 , 62.75 , 105.00 , 0.00 , 1
76 , 61.25 , 105.00 , 0.00 , 1
77 , 60.00 , 105.00 , 0.00 , 1
78 , 58.75 , 105.00 , 0.00 , 1
79 , 57.50 , 105.00 , 0.00 , 1
80 , 56.25 , 105.00 , 0.00 , 1
81 , 55.00 , 105.00 , 0.00 , 1
Annealing DNA Now
82 , 54.00 , 105.00 , 57.00 , 1
83 , 53.50 , 105.00 , 65.50 , 1
84 , 54.25 , 105.00 , 69.75 , 1
85 , 55.00 , 105.00 , 62.38 , 1
86 , 55.50 , 105.00 , 54.63 , 1
87 , 56.00 , 105.00 , 48.88 , 1
88 , 56.25 , 105.00 , 42.88 , 1
89 , 56.25 , 105.00 , 39.00 , 1
90 , 56.00 , 105.00 , 37.38 , 1
91 , 56.75 , 105.00 , 38.13 , 1
Going to Extension Temperature
92 , 56.75 , 150.00 , 38.13 , 1
93 , 59.75 , 150.00 , 38.13 , 1
94 , 62.00 , 150.00 , 38.13 , 1
95 , 64.75 , 150.00 , 38.13 , 1
96 , 67.25 , 150.00 , 38.13 , 1
97 , 69.25 , 140.25 , 38.13 , 1
98 , 71.50 , 123.62 , 38.13 , 1
Extending DNA Now
99 , 72.75 , 103.62 , 38.13 , 1
100 , 73.75 , 92.00 , 38.13 , 1
101 , 74.75 , 82.12 , 38.13 , 1
102 , 75.25 , 71.75 , 38.13 , 1
103 , 75.00 , 65.62 , 38.13 , 1
104 , 75.00 , 66.37 , 38.13 , 1
105 , 75.00 , 64.87 , 38.13 , 1
106 , 75.50 , 63.38 , 38.13 , 1
107 , 75.50 , 57.13 , 38.13 , 1
108 , 75.00 , 55.38 , 38.13 , 1
109 , 74.75 , 58.38 , 38.13 , 1
110 , 74.50 , 59.25 , 38.13 , 1
111 , 75.00 , 60.25 , 38.13 , 1
112 , 74.50 , 54.25 , 38.13 , 1
113 , 74.75 , 57.50 , 38.13 , 1
114 , 74.50 , 53.88 , 38.13 , 1
115 , 73.75 , 54.88 , 38.13 , 1
116 , 74.00 , 60.75 , 38.13 , 1
117 , 73.25 , 57.50 , 38.13 , 1
118 , 73.50 , 63.63 , 38.13 , 1
119 , 73.75 , 60.63 , 38.13 , 1
120 , 73.25 , 57.50 , 38.13 , 1
121 , 73.25 , 61.38 , 38.13 , 1
122 , 73.25 , 60.75 , 38.13 , 1
123 , 73.25 , 60.13 , 38.13 , 1
124 , 73.25 , 59.50 , 38.13 , 1
125 , 73.00 , 58.88 , 38.13 , 1
126 , 73.00 , 60.63 , 38.13 , 1
127 , 72.75 , 60.13 , 38.13 , 1
128 , 73.00 , 62.00 , 38.13 , 1
129 , 73.00 , 62.00 , 38.13 , 1
Going to Denaturing Temperature
130 , 73.00 , 150.00 , 38.13 , 2
131 , 75.00 , 150.00 , 38.13 , 2
132 , 77.75 , 150.00 , 38.13 , 2
133 , 79.50 , 150.00 , 38.13 , 2
134 , 81.50 , 150.00 , 38.13 , 2
135 , 84.00 , 150.00 , 38.13 , 2
136 , 85.75 , 150.00 , 38.13 , 2
137 , 87.00 , 150.00 , 38.13 , 2
138 , 89.25 , 150.00 , 38.13 , 2
139 , 90.75 , 150.00 , 38.13 , 2
140 , 92.25 , 150.00 , 38.13 , 2
141 , 94.25 , 150.00 , 38.13 , 2
142 , 95.50 , 150.00 , 38.13 , 2
Denaturing DNA Now
143 , 96.75 , 140.00 , 38.13 , 2
144 , 98.00 , 127.87 , 38.13 , 2
145 , 99.00 , 115.12 , 38.13 , 2
146 , 99.00 , 104.12 , 38.13 , 2
147 , 98.50 , 102.12 , 38.13 , 2
Going to Annealing Temperature
148 , 99.00 , 102.12 , 38.13 , 2
149 , 96.00 , 102.12 , 38.13 , 2
150 , 94.00 , 102.12 , 38.13 , 2
151 , 91.75 , 102.12 , 38.13 , 2
152 , 88.75 , 102.12 , 38.13 , 2
153 , 86.25 , 102.12 , 38.13 , 2
154 , 84.00 , 102.12 , 38.13 , 2
155 , 81.25 , 102.12 , 38.13 , 2
156 , 78.50 , 102.12 , 38.13 , 2
157 , 76.75 , 102.12 , 38.13 , 2
158 , 74.50 , 102.12 , 38.13 , 2
159 , 72.25 , 102.12 , 38.13 , 2
160 , 69.75 , 102.12 , 38.13 , 2
161 , 68.75 , 102.12 , 38.13 , 2
162 , 66.75 , 102.12 , 38.13 , 2
163 , 65.00 , 102.12 , 38.13 , 2
164 , 63.25 , 102.12 , 38.13 , 2
165 , 62.00 , 102.12 , 38.13 , 2
166 , 60.00 , 102.12 , 38.13 , 2
167 , 59.25 , 102.12 , 38.13 , 2
168 , 57.50 , 102.12 , 38.13 , 2
169 , 55.50 , 102.12 , 38.13 , 2
170 , 55.50 , 102.12 , 38.13 , 2
171 , 54.00 , 102.12 , 38.13 , 2
Annealing DNA Now
172 , 53.00 , 102.12 , 66.00 , 2
173 , 52.25 , 102.12 , 75.00 , 2
174 , 53.75 , 102.12 , 75.00 , 2
175 , 55.25 , 102.12 , 67.87 , 2
176 , 56.25 , 102.12 , 53.25 , 2
177 , 56.50 , 102.12 , 42.63 , 2
178 , 56.25 , 102.12 , 38.63 , 2
179 , 56.50 , 102.12 , 39.25 , 2
180 , 56.75 , 102.12 , 35.25 , 2
181 , 56.50 , 102.12 , 31.12 , 2
Going to Extension Temperature
182 , 56.50 , 150.00 , 31.12 , 2
183 , 59.50 , 150.00 , 31.12 , 2
184 , 62.75 , 150.00 , 31.12 , 2
185 , 64.75 , 150.00 , 31.12 , 2
186 , 67.25 , 150.00 , 31.12 , 2
187 , 69.50 , 140.00 , 31.12 , 2
188 , 71.25 , 121.00 , 31.12 , 2
Extending DNA Now
189 , 73.00 , 105.62 , 31.12 , 2
190 , 73.75 , 89.37 , 31.12 , 2
191 , 75.00 , 81.75 , 31.12 , 2
192 , 75.00 , 69.00 , 31.12 , 2
193 , 75.00 , 67.50 , 31.12 , 2
194 , 75.50 , 66.00 , 31.12 , 2
195 , 75.00 , 59.75 , 31.12 , 2
196 , 75.25 , 62.75 , 31.12 , 2
197 , 75.25 , 58.88 , 31.12 , 2
198 , 74.75 , 57.25 , 31.12 , 2
199 , 74.50 , 60.38 , 31.12 , 2
200 , 74.75 , 61.38 , 31.12 , 2
201 , 74.25 , 57.75 , 31.12 , 2
202 , 74.25 , 61.13 , 31.12 , 2
203 , 74.25 , 60.00 , 31.12 , 2
204 , 74.25 , 58.88 , 31.12 , 2
205 , 74.00 , 57.75 , 31.12 , 2
206 , 73.50 , 59.00 , 31.12 , 2
207 , 73.00 , 62.75 , 31.12 , 2
208 , 73.75 , 66.75 , 31.12 , 2
209 , 73.25 , 59.13 , 31.12 , 2
210 , 73.50 , 63.00 , 31.12 , 2
211 , 73.75 , 60.00 , 31.12 , 2
212 , 73.50 , 56.88 , 31.12 , 2
213 , 73.00 , 58.38 , 31.12 , 2
214 , 72.50 , 62.38 , 31.12 , 2
215 , 73.00 , 66.62 , 31.12 , 2
216 , 73.00 , 61.63 , 31.12 , 2
217 , 72.75 , 61.13 , 31.12 , 2
218 , 73.00 , 63.00 , 31.12 , 2
219 , 72.75 , 63.00 , 31.12 , 2
Going to Denaturing Temperature
220 , 73.00 , 150.00 , 31.12 , 3
221 , 75.50 , 150.00 , 31.12 , 3
222 , 77.25 , 150.00 , 31.12 , 3
223 , 79.50 , 150.00 , 31.12 , 3
224 , 81.25 , 150.00 , 31.12 , 3
225 , 83.75 , 150.00 , 31.12 , 3
226 , 85.00 , 150.00 , 31.12 , 3
227 , 87.25 , 150.00 , 31.12 , 3
228 , 89.25 , 150.00 , 31.12 , 3
229 , 90.75 , 150.00 , 31.12 , 3
230 , 92.25 , 150.00 , 31.12 , 3
231 , 94.00 , 150.00 , 31.12 , 3
232 , 94.75 , 150.00 , 31.12 , 3
233 , 96.25 , 148.88 , 31.12 , 3
Denaturing DNA Now
234 , 97.75 , 134.75 , 31.12 , 3
235 , 98.50 , 119.87 , 31.12 , 3
236 , 99.00 , 111.37 , 31.12 , 3
237 , 99.50 , 104.87 , 31.12 , 3
238 , 99.50 , 98.12 , 31.12 , 3
Going to Annealing Temperature
239 , 99.75 , 98.12 , 31.12 , 3
240 , 96.50 , 98.12 , 31.12 , 3
241 , 94.50 , 98.12 , 31.12 , 3
242 , 91.50 , 98.12 , 31.12 , 3
243 , 89.25 , 98.12 , 31.12 , 3
244 , 86.50 , 98.12 , 31.12 , 3
245 , 84.00 , 98.12 , 31.12 , 3
246 , 81.00 , 98.12 , 31.12 , 3
247 , 78.25 , 98.12 , 31.12 , 3
248 , 76.25 , 98.12 , 31.12 , 3
249 , 74.00 , 98.12 , 31.12 , 3
250 , 71.25 , 98.12 , 31.12 , 3
251 , 69.75 , 98.12 , 31.12 , 3
252 , 68.00 , 98.12 , 31.12 , 3
253 , 66.25 , 98.12 , 31.12 , 3
254 , 64.75 , 98.12 , 31.12 , 3
255 , 63.25 , 98.12 , 31.12 , 3
256 , 61.50 , 98.12 , 31.12 , 3
257 , 60.00 , 98.12 , 31.12 , 3
258 , 58.75 , 98.12 , 31.12 , 3
259 , 56.75 , 98.12 , 31.12 , 3
260 , 55.75 , 98.12 , 31.12 , 3
261 , 54.25 , 98.12 , 31.12 , 3
Annealing DNA Now
262 , 53.25 , 98.12 , 63.75 , 3
263 , 53.25 , 98.12 , 72.62 , 3
264 , 53.25 , 98.12 , 72.50 , 3
265 , 55.50 , 98.12 , 72.37 , 3
266 , 56.25 , 98.12 , 50.88 , 3
267 , 56.25 , 98.12 , 42.50 , 3
268 , 56.50 , 98.12 , 40.88 , 3
269 , 56.75 , 98.12 , 36.88 , 3
270 , 57.00 , 98.12 , 32.75 , 3
271 , 56.75 , 98.12 , 28.50 , 3
Going to Extension Temperature
272 , 56.50 , 150.00 , 28.50 , 3
273 , 60.00 , 150.00 , 28.50 , 3
274 , 61.75 , 150.00 , 28.50 , 3
275 , 64.75 , 150.00 , 28.50 , 3
276 , 67.00 , 150.00 , 28.50 , 3
277 , 69.75 , 142.13 , 28.50 , 3
278 , 71.75 , 118.50 , 28.50 , 3
Extending DNA Now
279 , 73.00 , 100.62 , 28.50 , 3
280 , 73.75 , 88.87 , 28.50 , 3
281 , 74.75 , 81.25 , 28.50 , 3
282 , 74.75 , 70.87 , 28.50 , 3
283 , 75.25 , 69.50 , 28.50 , 3
284 , 75.50 , 63.38 , 28.50 , 3
285 , 75.25 , 59.38 , 28.50 , 3
286 , 75.00 , 60.00 , 28.50 , 3
287 , 75.00 , 60.75 , 28.50 , 3
288 , 74.75 , 59.25 , 28.50 , 3
289 , 74.25 , 60.13 , 28.50 , 3
290 , 74.50 , 63.50 , 28.50 , 3
291 , 74.50 , 60.00 , 28.50 , 3
292 , 74.00 , 58.75 , 28.50 , 3
293 , 74.25 , 62.25 , 28.50 , 3
294 , 73.75 , 58.88 , 28.50 , 3
295 , 74.00 , 62.50 , 28.50 , 3
296 , 73.75 , 59.25 , 28.50 , 3
297 , 73.75 , 60.63 , 28.50 , 3
298 , 73.50 , 59.75 , 28.50 , 3
299 , 74.00 , 61.25 , 28.50 , 3
300 , 73.75 , 55.75 , 28.50 , 3
301 , 73.00 , 57.13 , 28.50 , 3
302 , 73.00 , 63.38 , 28.50 , 3
303 , 73.25 , 62.88 , 28.50 , 3
304 , 73.25 , 60.00 , 28.50 , 3
305 , 73.25 , 59.38 , 28.50 , 3
306 , 73.25 , 58.75 , 28.50 , 3
307 , 73.00 , 58.13 , 28.50 , 3
308 , 72.75 , 59.88 , 28.50 , 3
309 , 72.25 , 59.88 , 28.50 , 3
Going to Denaturing Temperature
310 , 73.00 , 150.00 , 28.50 , 4
311 , 75.25 , 150.00 , 28.50 , 4
312 , 77.00 , 150.00 , 28.50 , 4
313 , 78.50 , 150.00 , 28.50 , 4
314 , 80.75 , 150.00 , 28.50 , 4
315 , 82.75 , 150.00 , 28.50 , 4
316 , 84.75 , 150.00 , 28.50 , 4
317 , 86.25 , 150.00 , 28.50 , 4
318 , 88.25 , 150.00 , 28.50 , 4
319 , 89.50 , 150.00 , 28.50 , 4
320 , 91.25 , 150.00 , 28.50 , 4
321 , 92.75 , 150.00 , 28.50 , 4
322 , 94.25 , 150.00 , 28.50 , 4
323 , 95.50 , 150.00 , 28.50 , 4
Denaturing DNA Now
324 , 97.00 , 145.25 , 28.50 , 4
325 , 97.75 , 130.75 , 28.50 , 4
326 , 98.75 , 122.62 , 28.50 , 4
327 , 99.25 , 111.75 , 28.50 , 4
328 , 99.25 , 105.12 , 28.50 , 4
Going to Annealing Temperature
329 , 99.25 , 105.12 , 28.50 , 4
330 , 96.25 , 105.12 , 28.50 , 4
331 , 94.75 , 105.12 , 28.50 , 4
332 , 92.00 , 105.12 , 28.50 , 4
333 , 88.75 , 105.12 , 28.50 , 4
334 , 86.25 , 105.12 , 28.50 , 4
335 , 83.25 , 105.12 , 28.50 , 4
336 , 81.25 , 105.12 , 28.50 , 4
337 , 79.00 , 105.12 , 28.50 , 4
338 , 76.50 , 105.12 , 28.50 , 4
339 , 74.00 , 105.12 , 28.50 , 4
340 , 72.00 , 105.12 , 28.50 , 4
341 , 70.50 , 105.12 , 28.50 , 4
342 , 68.00 , 105.12 , 28.50 , 4
343 , 67.00 , 105.12 , 28.50 , 4
344 , 65.25 , 105.12 , 28.50 , 4
345 , 63.50 , 105.12 , 28.50 , 4
346 , 62.00 , 105.12 , 28.50 , 4
347 , 60.50 , 105.12 , 28.50 , 4
348 , 59.00 , 105.12 , 28.50 , 4
349 , 58.00 , 105.12 , 28.50 , 4
350 , 56.50 , 105.12 , 28.50 , 4
351 , 55.00 , 105.12 , 28.50 , 4
Annealing DNA Now
352 , 54.25 , 105.12 , 57.00 , 4
353 , 53.25 , 105.12 , 63.13 , 4
354 , 53.25 , 105.12 , 72.00 , 4
355 , 55.50 , 105.12 , 71.87 , 4
356 , 56.50 , 105.12 , 50.38 , 4
357 , 56.50 , 105.12 , 39.63 , 4
358 , 56.25 , 105.12 , 37.88 , 4
359 , 56.75 , 105.12 , 38.50 , 4
360 , 57.25 , 105.12 , 32.13 , 4
361 , 56.50 , 105.12 , 25.50 , 4
Going to Extension Temperature
362 , 55.75 , 150.00 , 25.50 , 4
363 , 59.25 , 150.00 , 25.50 , 4
364 , 62.50 , 150.00 , 25.50 , 4
365 , 64.25 , 150.00 , 25.50 , 4
366 , 67.00 , 150.00 , 25.50 , 4
367 , 69.50 , 142.13 , 25.50 , 4
368 , 71.25 , 120.87 , 25.50 , 4
Extending DNA Now
369 , 72.75 , 105.50 , 25.50 , 4
370 , 73.50 , 91.62 , 25.50 , 4
371 , 74.00 , 84.12 , 25.50 , 4
372 , 74.25 , 78.62 , 25.50 , 4
373 , 74.75 , 75.25 , 25.50 , 4
374 , 75.25 , 69.37 , 25.50 , 4
375 , 75.25 , 63.25 , 25.50 , 4
376 , 74.50 , 61.63 , 25.50 , 4
377 , 74.25 , 67.12 , 25.50 , 4
378 , 74.25 , 68.25 , 25.50 , 4
379 , 74.25 , 67.12 , 25.50 , 4
380 , 75.00 , 66.00 , 25.50 , 4
381 , 74.75 , 57.75 , 25.50 , 4
382 , 74.25 , 58.63 , 25.50 , 4
383 , 74.00 , 62.00 , 25.50 , 4
384 , 73.50 , 63.25 , 25.50 , 4
385 , 74.00 , 67.00 , 25.50 , 4
386 , 73.75 , 61.50 , 25.50 , 4
387 , 74.00 , 62.88 , 25.50 , 4
388 , 73.50 , 59.63 , 25.50 , 4
389 , 73.50 , 63.38 , 25.50 , 4
390 , 72.75 , 62.63 , 25.50 , 4
391 , 73.25 , 69.00 , 25.50 , 4
392 , 73.50 , 63.88 , 25.50 , 4
393 , 73.50 , 60.88 , 25.50 , 4
394 , 73.25 , 60.13 , 25.50 , 4
395 , 73.25 , 61.75 , 25.50 , 4
397 , 72.25 , 61.13 , 25.50 , 4
398 , 72.75 , 70.00 , 25.50 , 4
399 , 73.25 , 70.00 , 25.50 , 4
Going to Denaturing Temperature
400 , 73.25 , 150.00 , 25.50 , 5
401 , 76.00 , 150.00 , 25.50 , 5
402 , 77.50 , 150.00 , 25.50 , 5
403 , 79.75 , 150.00 , 25.50 , 5
404 , 81.00 , 150.00 , 25.50 , 5
405 , 83.00 , 150.00 , 25.50 , 5
406 , 84.50 , 150.00 , 25.50 , 5
407 , 85.25 , 150.00 , 25.50 , 5
408 , 87.75 , 150.00 , 25.50 , 5
409 , 88.75 , 150.00 , 25.50 , 5
410 , 90.50 , 150.00 , 25.50 , 5
411 , 91.50 , 150.00 , 25.50 , 5
412 , 92.50 , 150.00 , 25.50 , 5
413 , 94.25 , 150.00 , 25.50 , 5
414 , 95.50 , 150.00 , 25.50 , 5
Denaturing DNA Now
415 , 97.00 , 145.25 , 25.50 , 5
416 , 97.75 , 130.75 , 25.50 , 5
417 , 98.25 , 122.62 , 25.50 , 5
418 , 98.75 , 116.50 , 25.50 , 5
419 , 99.00 , 110.12 , 25.50 , 5
Going to Annealing Temperature
420 , 99.25 , 110.12 , 25.50 , 5
421 , 95.75 , 110.12 , 25.50 , 5
422 , 93.25 , 110.12 , 25.50 , 5
423 , 91.25 , 110.12 , 25.50 , 5
424 , 88.75 , 110.12 , 25.50 , 5
425 , 85.50 , 110.12 , 25.50 , 5
426 , 83.25 , 110.12 , 25.50 , 5
427 , 80.50 , 110.12 , 25.50 , 5
428 , 78.25 , 110.12 , 25.50 , 5
429 , 75.75 , 110.12 , 25.50 , 5
430 , 73.75 , 110.12 , 25.50 , 5
431 , 71.50 , 110.12 , 25.50 , 5
432 , 69.75 , 110.12 , 25.50 , 5
433 , 67.50 , 110.12 , 25.50 , 5
434 , 66.25 , 110.12 , 25.50 , 5
435 , 64.50 , 110.12 , 25.50 , 5
436 , 63.00 , 110.12 , 25.50 , 5
437 , 61.75 , 110.12 , 25.50 , 5
438 , 60.00 , 110.12 , 25.50 , 5
439 , 58.75 , 110.12 , 25.50 , 5
440 , 57.50 , 110.12 , 25.50 , 5
441 , 55.25 , 110.12 , 25.50 , 5
442 , 55.00 , 110.12 , 25.50 , 5
Annealing DNA Now
443 , 53.75 , 110.12 , 57.00 , 5
444 , 52.50 , 110.12 , 67.87 , 5
445 , 54.25 , 110.12 , 75.00 , 5
446 , 55.75 , 110.12 , 63.00 , 5
447 , 56.00 , 110.12 , 48.13 , 5
448 , 56.25 , 110.12 , 44.38 , 5
449 , 56.25 , 110.12 , 40.50 , 5
450 , 56.75 , 110.12 , 38.88 , 5
451 , 57.00 , 110.12 , 32.50 , 5
452 , 56.00 , 110.12 , 28.25 , 5
Going to Extension Temperature
453 , 56.25 , 150.00 , 28.25 , 5
454 , 60.00 , 150.00 , 28.25 , 5
455 , 62.25 , 150.00 , 28.25 , 5
456 , 64.50 , 150.00 , 28.25 , 5
457 , 67.00 , 150.00 , 28.25 , 5
458 , 69.00 , 142.25 , 28.25 , 5
459 , 70.75 , 125.75 , 28.25 , 5
Extending DNA Now
460 , 72.00 , 110.62 , 28.25 , 5
461 , 73.50 , 99.37 , 28.25 , 5
462 , 74.00 , 85.12 , 28.25 , 5
463 , 74.00 , 79.62 , 28.25 , 5
464 , 74.75 , 78.62 , 28.25 , 5
465 , 74.75 , 70.50 , 28.25 , 5
466 , 75.00 , 69.12 , 28.25 , 5
467 , 75.00 , 65.37 , 28.25 , 5
468 , 74.75 , 63.88 , 28.25 , 5
469 , 74.25 , 64.75 , 28.25 , 5
470 , 74.25 , 68.12 , 28.25 , 5
471 , 74.00 , 67.00 , 28.25 , 5
472 , 74.25 , 68.25 , 28.25 , 5
473 , 74.25 , 64.87 , 28.25 , 5
474 , 73.75 , 63.75 , 28.25 , 5
475 , 74.00 , 67.37 , 28.25 , 5
476 , 74.00 , 64.12 , 28.25 , 5
477 , 73.50 , 63.13 , 28.25 , 5
478 , 72.75 , 66.87 , 28.25 , 5
479 , 74.00 , 73.25 , 28.25 , 5
480 , 73.25 , 61.00 , 28.25 , 5
481 , 73.75 , 67.12 , 28.25 , 5
482 , 73.00 , 61.75 , 28.25 , 5
483 , 73.50 , 68.00 , 28.25 , 5
484 , 73.50 , 62.75 , 28.25 , 5
485 , 73.25 , 62.00 , 28.25 , 5
486 , 73.00 , 63.63 , 28.25 , 5
487 , 73.25 , 65.37 , 28.25 , 5
488 , 72.75 , 62.50 , 28.25 , 5
489 , 73.00 , 66.62 , 28.25 , 5
490 , 73.25 , 66.62 , 28.25 , 5
Going to Denaturing Temperature
491 , 72.75 , 150.00 , 28.25 , 6
492 , 75.50 , 150.00 , 28.25 , 6
493 , 77.00 , 150.00 , 28.25 , 6
494 , 77.50 , 150.00 , 28.25 , 6
495 , 80.50 , 150.00 , 28.25 , 6
496 , 82.00 , 150.00 , 28.25 , 6
497 , 83.50 , 150.00 , 28.25 , 6
498 , 85.00 , 150.00 , 28.25 , 6
499 , 86.50 , 150.00 , 28.25 , 6
500 , 87.75 , 150.00 , 28.25 , 6
501 , 89.25 , 150.00 , 28.25 , 6
502 , 90.75 , 150.00 , 28.25 , 6
503 , 92.00 , 150.00 , 28.25 , 6
504 , 93.00 , 150.00 , 28.25 , 6
505 , 94.50 , 150.00 , 28.25 , 6
506 , 95.75 , 150.00 , 28.25 , 6
Denaturing DNA Now
507 , 96.50 , 142.88 , 28.25 , 6
508 , 97.25 , 135.38 , 28.25 , 6
509 , 98.50 , 127.50 , 28.25 , 6
510 , 98.75 , 114.50 , 28.25 , 6
511 , 99.00 , 110.37 , 28.25 , 6
Going to Annealing Temperature
512 , 99.00 , 110.37 , 28.25 , 6
513 , 95.50 , 110.37 , 28.25 , 6
514 , 93.75 , 110.37 , 28.25 , 6
515 , 91.50 , 110.37 , 28.25 , 6
516 , 88.25 , 110.37 , 28.25 , 6
517 , 85.75 , 110.37 , 28.25 , 6
518 , 83.25 , 110.37 , 28.25 , 6
519 , 80.50 , 110.37 , 28.25 , 6
520 , 77.75 , 110.37 , 28.25 , 6
521 , 75.50 , 110.37 , 28.25 , 6
522 , 73.50 , 110.37 , 28.25 , 6
523 , 71.75 , 110.37 , 28.25 , 6
524 , 69.50 , 110.37 , 28.25 , 6
525 , 67.75 , 110.37 , 28.25 , 6
526 , 65.75 , 110.37 , 28.25 , 6
527 , 64.25 , 110.37 , 28.25 , 6
528 , 62.75 , 110.37 , 28.25 , 6
529 , 61.00 , 110.37 , 28.25 , 6
530 , 59.50 , 110.37 , 28.25 , 6
531 , 58.75 , 110.37 , 28.25 , 6
532 , 57.50 , 110.37 , 28.25 , 6
533 , 56.25 , 110.37 , 28.25 , 6
534 , 54.25 , 110.37 , 28.25 , 6
Annealing DNA Now
535 , 53.75 , 110.37 , 63.75 , 6
536 , 53.25 , 110.37 , 67.87 , 6
537 , 53.50 , 110.37 , 72.25 , 6
538 , 55.25 , 110.37 , 69.75 , 6
539 , 56.25 , 110.37 , 52.88 , 6
540 , 56.25 , 110.37 , 42.25 , 6
541 , 56.00 , 110.37 , 40.63 , 6
542 , 56.50 , 110.37 , 41.38 , 6
543 , 56.25 , 110.37 , 35.13 , 6
544 , 56.75 , 110.37 , 35.75 , 6
Going to Extension Temperature
545 , 56.25 , 150.00 , 35.75 , 6
546 , 59.50 , 150.00 , 35.75 , 6
547 , 61.75 , 150.00 , 35.75 , 6
548 , 64.50 , 150.00 , 35.75 , 6
549 , 66.25 , 150.00 , 35.75 , 6
550 , 68.75 , 150.00 , 35.75 , 6
551 , 70.00 , 129.38 , 35.75 , 6
552 , 71.75 , 119.12 , 35.75 , 6
Extending DNA Now
553 , 72.50 , 103.50 , 35.75 , 6
554 , 73.50 , 96.50 , 35.75 , 6
555 , 74.25 , 86.75 , 35.75 , 6
556 , 74.75 , 78.87 , 35.75 , 6
557 , 74.00 , 73.00 , 35.75 , 6
558 , 74.75 , 78.75 , 35.75 , 6
559 , 74.50 , 70.62 , 35.75 , 6
560 , 75.00 , 71.62 , 35.75 , 6
561 , 74.75 , 65.62 , 35.75 , 6
562 , 74.25 , 66.50 , 35.75 , 6
563 , 74.00 , 69.87 , 35.75 , 6
564 , 74.00 , 71.12 , 35.75 , 6
565 , 74.75 , 70.12 , 35.75 , 6
566 , 74.75 , 62.00 , 35.75 , 6
567 , 74.50 , 60.63 , 35.75 , 6
568 , 73.75 , 61.63 , 35.75 , 6
569 , 74.25 , 67.50 , 35.75 , 6
570 , 74.25 , 61.88 , 35.75 , 6
571 , 73.50 , 60.75 , 35.75 , 6
572 , 74.00 , 66.75 , 35.75 , 6
573 , 73.75 , 61.25 , 35.75 , 6
574 , 73.25 , 62.63 , 35.75 , 6
575 , 73.00 , 66.50 , 35.75 , 6
576 , 73.25 , 68.25 , 35.75 , 6
577 , 73.75 , 65.37 , 35.75 , 6
578 , 73.00 , 60.00 , 35.75 , 6
579 , 73.00 , 66.25 , 35.75 , 6
580 , 73.25 , 65.75 , 35.75 , 6
581 , 72.75 , 62.88 , 35.75 , 6
582 , 73.25 , 67.00 , 35.75 , 6
583 , 73.25 , 67.00 , 35.75 , 6
Going to Denaturing Temperature
584 , 72.50 , 150.00 , 35.75 , 7
585 , 75.00 , 150.00 , 35.75 , 7
586 , 77.00 , 150.00 , 35.75 , 7
587 , 78.50 , 150.00 , 35.75 , 7
588 , 80.25 , 150.00 , 35.75 , 7
589 , 81.75 , 150.00 , 35.75 , 7
590 , 83.25 , 150.00 , 35.75 , 7
591 , 84.75 , 150.00 , 35.75 , 7
592 , 85.50 , 150.00 , 35.75 , 7
593 , 87.50 , 150.00 , 35.75 , 7
594 , 88.50 , 150.00 , 35.75 , 7
595 , 90.00 , 150.00 , 35.75 , 7
596 , 90.75 , 150.00 , 35.75 , 7
597 , 92.25 , 150.00 , 35.75 , 7
598 , 93.50 , 150.00 , 35.75 , 7
599 , 94.50 , 150.00 , 35.75 , 7
600 , 94.75 , 150.00 , 35.75 , 7
601 , 96.25 , 150.00 , 35.75 , 7
Denaturing DNA Now
602 , 96.75 , 138.13 , 35.75 , 7
603 , 97.50 , 132.75 , 35.75 , 7
604 , 98.25 , 124.75 , 35.75 , 7
605 , 98.75 , 116.37 , 35.75 , 7
606 , 98.50 , 110.00 , 35.75 , 7
Going to Annealing Temperature
607 , 99.00 , 110.00 , 35.75 , 7
608 , 95.50 , 110.00 , 35.75 , 7
609 , 93.50 , 110.00 , 35.75 , 7
610 , 90.75 , 110.00 , 35.75 , 7
611 , 87.75 , 110.00 , 35.75 , 7
612 , 85.50 , 110.00 , 35.75 , 7
613 , 82.50 , 110.00 , 35.75 , 7
614 , 79.75 , 110.00 , 35.75 , 7
615 , 77.50 , 110.00 , 35.75 , 7
616 , 75.25 , 110.00 , 35.75 , 7
617 , 73.00 , 110.00 , 35.75 , 7
618 , 70.75 , 110.00 , 35.75 , 7
619 , 69.25 , 110.00 , 35.75 , 7
620 , 67.50 , 110.00 , 35.75 , 7
621 , 65.75 , 110.00 , 35.75 , 7
622 , 64.00 , 110.00 , 35.75 , 7
623 , 62.50 , 110.00 , 35.75 , 7
624 , 61.00 , 110.00 , 35.75 , 7
625 , 59.50 , 110.00 , 35.75 , 7
626 , 58.25 , 110.00 , 35.75 , 7
627 , 57.00 , 110.00 , 35.75 , 7
628 , 56.00 , 110.00 , 35.75 , 7
629 , 54.50 , 110.00 , 35.75 , 7
Annealing DNA Now
630 , 53.50 , 110.00 , 61.50 , 7
631 , 52.50 , 110.00 , 70.25 , 7
632 , 54.00 , 110.00 , 75.00 , 7
633 , 55.00 , 110.00 , 65.50 , 7
634 , 55.25 , 110.00 , 55.50 , 7
635 , 55.75 , 110.00 , 52.13 , 7
636 , 56.50 , 110.00 , 46.25 , 7
637 , 56.50 , 110.00 , 37.75 , 7
638 , 56.00 , 110.00 , 36.00 , 7
639 , 56.25 , 110.00 , 39.00 , 7
Going to Extension Temperature
640 , 56.50 , 150.00 , 39.00 , 7
641 , 59.75 , 150.00 , 39.00 , 7
642 , 62.25 , 150.00 , 39.00 , 7
643 , 64.25 , 150.00 , 39.00 , 7
644 , 66.25 , 150.00 , 39.00 , 7
645 , 67.75 , 150.00 , 39.00 , 7
646 , 70.50 , 139.75 , 39.00 , 7
Extending DNA Now
647 , 72.00 , 115.75 , 39.00 , 7
648 , 72.75 , 102.25 , 39.00 , 7
649 , 73.25 , 95.12 , 39.00 , 7
650 , 74.00 , 90.00 , 39.00 , 7
651 , 74.25 , 82.25 , 39.00 , 7
652 , 74.25 , 78.87 , 39.00 , 7
653 , 74.50 , 77.75 , 39.00 , 7
654 , 74.25 , 74.25 , 39.00 , 7
655 , 74.75 , 75.37 , 39.00 , 7
656 , 74.50 , 69.50 , 39.00 , 7
657 , 74.25 , 70.50 , 39.00 , 7
658 , 74.00 , 71.62 , 39.00 , 7
659 , 73.75 , 72.87 , 39.00 , 7
660 , 74.00 , 74.25 , 39.00 , 7
661 , 74.25 , 71.00 , 39.00 , 7
662 , 74.00 , 67.62 , 39.00 , 7
663 , 74.00 , 68.87 , 39.00 , 7
664 , 73.75 , 67.87 , 39.00 , 7
665 , 74.00 , 69.25 , 39.00 , 7
666 , 74.00 , 66.00 , 39.00 , 7
667 , 73.50 , 65.00 , 39.00 , 7
668 , 73.50 , 68.75 , 39.00 , 7
669 , 73.00 , 68.00 , 39.00 , 7
670 , 73.50 , 72.00 , 39.00 , 7
671 , 73.75 , 66.75 , 39.00 , 7
672 , 73.25 , 63.63 , 39.00 , 7
673 , 73.00 , 67.50 , 39.00 , 7
674 , 73.00 , 69.25 , 39.00 , 7
675 , 72.75 , 68.75 , 39.00 , 7
676 , 72.75 , 70.62 , 39.00 , 7
677 , 73.25 , 70.62 , 39.00 , 7
Going to Denaturing Temperature
678 , 73.25 , 150.00 , 39.00 , 8
679 , 75.25 , 150.00 , 39.00 , 8
680 , 75.75 , 150.00 , 39.00 , 8
681 , 77.75 , 150.00 , 39.00 , 8
682 , 79.25 , 150.00 , 39.00 , 8
683 , 80.50 , 150.00 , 39.00 , 8
684 , 81.75 , 150.00 , 39.00 , 8
685 , 83.25 , 150.00 , 39.00 , 8
686 , 84.75 , 150.00 , 39.00 , 8
687 , 86.00 , 150.00 , 39.00 , 8
688 , 87.00 , 150.00 , 39.00 , 8
689 , 88.25 , 150.00 , 39.00 , 8
690 , 88.75 , 150.00 , 39.00 , 8
691 , 90.25 , 150.00 , 39.00 , 8
692 , 92.00 , 150.00 , 39.00 , 8
693 , 93.00 , 150.00 , 39.00 , 8
694 , 93.75 , 150.00 , 39.00 , 8
695 , 94.75 , 150.00 , 39.00 , 8
696 , 95.75 , 150.00 , 39.00 , 8
Denaturing DNA Now
697 , 96.75 , 142.88 , 39.00 , 8
698 , 96.75 , 133.00 , 39.00 , 8
699 , 97.50 , 132.13 , 39.00 , 8
700 , 98.25 , 124.12 , 39.00 , 8
701 , 98.25 , 115.75 , 39.00 , 8
Going to Annealing Temperature
702 , 98.75 , 115.75 , 39.00 , 8
703 , 95.50 , 115.75 , 39.00 , 8
704 , 93.50 , 115.75 , 39.00 , 8
705 , 91.00 , 115.75 , 39.00 , 8
706 , 88.50 , 115.75 , 39.00 , 8
707 , 86.00 , 115.75 , 39.00 , 8
708 , 82.50 , 115.75 , 39.00 , 8
709 , 80.50 , 115.75 , 39.00 , 8
710 , 77.75 , 115.75 , 39.00 , 8
711 , 75.75 , 115.75 , 39.00 , 8
712 , 73.75 , 115.75 , 39.00 , 8
713 , 72.00 , 115.75 , 39.00 , 8
714 , 70.00 , 115.75 , 39.00 , 8
715 , 68.00 , 115.75 , 39.00 , 8
716 , 66.50 , 115.75 , 39.00 , 8
717 , 65.25 , 115.75 , 39.00 , 8
718 , 63.25 , 115.75 , 39.00 , 8
719 , 62.00 , 115.75 , 39.00 , 8
720 , 60.50 , 115.75 , 39.00 , 8
721 , 58.75 , 115.75 , 39.00 , 8
722 , 57.50 , 115.75 , 39.00 , 8
723 , 56.25 , 115.75 , 39.00 , 8
724 , 55.25 , 115.75 , 39.00 , 8
725 , 53.50 , 115.75 , 39.00 , 8
Annealing DNA Now
726 , 53.25 , 115.75 , 70.50 , 8
727 , 52.25 , 115.75 , 72.62 , 8
728 , 54.00 , 115.75 , 75.00 , 8
729 , 54.50 , 115.75 , 65.50 , 8
730 , 55.50 , 115.75 , 60.25 , 8
731 , 56.00 , 115.75 , 50.00 , 8
732 , 56.00 , 115.75 , 44.00 , 8
733 , 56.25 , 115.75 , 42.50 , 8
734 , 56.25 , 115.75 , 38.63 , 8
735 , 56.00 , 115.75 , 37.00 , 8
Going to Extension Temperature
736 , 56.25 , 150.00 , 37.00 , 8
737 , 59.25 , 150.00 , 37.00 , 8
738 , 61.25 , 150.00 , 37.00 , 8
739 , 63.25 , 150.00 , 37.00 , 8
740 , 65.75 , 150.00 , 37.00 , 8
741 , 67.25 , 150.00 , 37.00 , 8
742 , 69.50 , 146.50 , 37.00 , 8
743 , 70.75 , 127.50 , 37.00 , 8
Extending DNA Now
744 , 72.00 , 116.87 , 37.00 , 8
745 , 73.00 , 105.62 , 37.00 , 8
746 , 73.50 , 96.12 , 37.00 , 8
747 , 74.25 , 90.87 , 37.00 , 8
748 , 74.00 , 83.00 , 37.00 , 8
749 , 74.50 , 84.25 , 37.00 , 8
750 , 74.75 , 78.50 , 37.00 , 8
751 , 74.75 , 74.87 , 37.00 , 8
752 , 74.75 , 73.50 , 37.00 , 8
753 , 75.00 , 72.12 , 37.00 , 8
754 , 74.75 , 68.37 , 37.00 , 8
755 , 74.00 , 69.25 , 37.00 , 8
756 , 74.25 , 75.00 , 37.00 , 8
757 , 74.50 , 71.62 , 37.00 , 8
758 , 74.75 , 68.12 , 37.00 , 8
759 , 74.75 , 64.50 , 37.00 , 8
760 , 74.25 , 63.13 , 37.00 , 8
761 , 74.00 , 66.50 , 37.00 , 8
762 , 74.00 , 67.75 , 37.00 , 8
763 , 74.00 , 66.75 , 37.00 , 8
764 , 74.25 , 65.75 , 37.00 , 8
765 , 73.75 , 62.38 , 37.00 , 8
766 , 72.75 , 66.00 , 37.00 , 8
767 , 73.75 , 74.62 , 37.00 , 8
768 , 73.75 , 64.75 , 37.00 , 8
769 , 73.00 , 63.88 , 37.00 , 8
770 , 73.50 , 70.12 , 37.00 , 8
771 , 73.25 , 64.87 , 37.00 , 8
772 , 73.25 , 66.50 , 37.00 , 8
773 , 73.00 , 65.87 , 37.00 , 8
774 , 72.75 , 65.87 , 37.00 , 8
Going to Denaturing Temperature
775 , 72.25 , 150.00 , 37.00 , 9
776 , 74.25 , 150.00 , 37.00 , 9
777 , 75.50 , 150.00 , 37.00 , 9
778 , 77.00 , 150.00 , 37.00 , 9
779 , 78.00 , 150.00 , 37.00 , 9
780 , 79.25 , 150.00 , 37.00 , 9
781 , 80.75 , 150.00 , 37.00 , 9
782 , 81.50 , 150.00 , 37.00 , 9
783 , 83.25 , 150.00 , 37.00 , 9
784 , 84.75 , 150.00 , 37.00 , 9
785 , 86.00 , 150.00 , 37.00 , 9
786 , 86.75 , 150.00 , 37.00 , 9
787 , 88.25 , 150.00 , 37.00 , 9
788 , 89.25 , 150.00 , 37.00 , 9
789 , 90.50 , 150.00 , 37.00 , 9
790 , 91.75 , 150.00 , 37.00 , 9
791 , 92.75 , 150.00 , 37.00 , 9
792 , 93.00 , 150.00 , 37.00 , 9
793 , 94.25 , 150.00 , 37.00 , 9
794 , 95.25 , 150.00 , 37.00 , 9
Denaturing DNA Now
795 , 96.50 , 147.63 , 37.00 , 9
796 , 97.00 , 135.63 , 37.00 , 9
797 , 97.25 , 130.13 , 37.00 , 9
798 , 97.25 , 126.75 , 37.00 , 9
799 , 98.25 , 125.62 , 37.00 , 9
Going to Annealing Temperature
800 , 98.75 , 125.62 , 37.00 , 9
801 , 96.00 , 125.62 , 37.00 , 9
802 , 94.00 , 125.62 , 37.00 , 9
803 , 91.25 , 125.62 , 37.00 , 9
804 , 88.25 , 125.62 , 37.00 , 9
805 , 86.00 , 125.62 , 37.00 , 9
806 , 83.00 , 125.62 , 37.00 , 9
807 , 80.25 , 125.62 , 37.00 , 9
808 , 78.00 , 125.62 , 37.00 , 9
809 , 75.75 , 125.62 , 37.00 , 9
810 , 73.75 , 125.62 , 37.00 , 9
811 , 71.25 , 125.62 , 37.00 , 9
812 , 69.25 , 125.62 , 37.00 , 9
813 , 68.00 , 125.62 , 37.00 , 9
814 , 66.50 , 125.62 , 37.00 , 9
815 , 65.00 , 125.62 , 37.00 , 9
816 , 63.25 , 125.62 , 37.00 , 9
817 , 61.50 , 125.62 , 37.00 , 9
818 , 60.25 , 125.62 , 37.00 , 9
819 , 58.50 , 125.62 , 37.00 , 9
820 , 57.50 , 125.62 , 37.00 , 9
821 , 56.00 , 125.62 , 37.00 , 9
822 , 54.75 , 125.62 , 37.00 , 9
Annealing DNA Now
823 , 54.00 , 125.62 , 59.25 , 9
824 , 53.25 , 125.62 , 65.50 , 9
825 , 54.25 , 125.62 , 72.12 , 9
826 , 54.75 , 125.62 , 62.50 , 9
827 , 55.75 , 125.62 , 57.13 , 9
828 , 56.25 , 125.62 , 46.75 , 9
829 , 56.25 , 125.62 , 40.63 , 9
830 , 55.75 , 125.62 , 39.00 , 9
831 , 55.25 , 125.62 , 42.13 , 9
832 , 56.00 , 125.62 , 45.50 , 9
Going to Extension Temperature
833 , 56.25 , 150.00 , 45.50 , 9
834 , 59.25 , 150.00 , 45.50 , 9
835 , 61.25 , 150.00 , 45.50 , 9
836 , 63.50 , 150.00 , 45.50 , 9
837 , 64.75 , 150.00 , 45.50 , 9
838 , 66.25 , 150.00 , 45.50 , 9
839 , 69.00 , 150.00 , 45.50 , 9
840 , 70.50 , 132.63 , 45.50 , 9
Extending DNA Now
841 , 71.00 , 119.87 , 45.50 , 9
842 , 72.50 , 115.87 , 45.50 , 9
843 , 73.25 , 102.12 , 45.50 , 9
844 , 73.75 , 94.75 , 45.50 , 9
845 , 73.75 , 89.37 , 45.50 , 9
846 , 74.25 , 88.50 , 45.50 , 9
847 , 74.50 , 82.87 , 45.50 , 9
848 , 74.75 , 79.37 , 45.50 , 9
849 , 74.50 , 75.75 , 45.50 , 9
850 , 74.75 , 76.75 , 45.50 , 9
851 , 74.50 , 73.12 , 45.50 , 9
852 , 74.50 , 74.12 , 45.50 , 9
853 , 74.25 , 72.87 , 45.50 , 9
854 , 74.50 , 74.00 , 45.50 , 9
855 , 74.50 , 70.50 , 45.50 , 9
856 , 74.50 , 69.25 , 45.50 , 9
858 , 74.25 , 68.00 , 45.50 , 9
859 , 74.25 , 69.12 , 45.50 , 9
860 , 73.75 , 68.00 , 45.50 , 9
861 , 74.00 , 71.62 , 45.50 , 9
862 , 74.00 , 68.37 , 45.50 , 9
863 , 73.50 , 67.37 , 45.50 , 9
864 , 73.50 , 71.12 , 45.50 , 9
865 , 73.50 , 70.37 , 45.50 , 9
866 , 73.50 , 69.62 , 45.50 , 9
867 , 74.00 , 68.87 , 45.50 , 9
868 , 73.50 , 63.38 , 45.50 , 9
869 , 73.50 , 67.12 , 45.50 , 9
870 , 73.50 , 66.37 , 45.50 , 9
871 , 73.00 , 66.37 , 45.50 , 9
Going to Denaturing Temperature
872 , 72.75 , 150.00 , 45.50 , 10
873 , 74.75 , 150.00 , 45.50 , 10
874 , 76.00 , 150.00 , 45.50 , 10
875 , 78.00 , 150.00 , 45.50 , 10
876 , 79.00 , 150.00 , 45.50 , 10
877 , 80.25 , 150.00 , 45.50 , 10
878 , 81.50 , 150.00 , 45.50 , 10
879 , 82.50 , 150.00 , 45.50 , 10
880 , 83.50 , 150.00 , 45.50 , 10
881 , 84.25 , 150.00 , 45.50 , 10
882 , 84.75 , 150.00 , 45.50 , 10
883 , 86.75 , 150.00 , 45.50 , 10
884 , 87.50 , 150.00 , 45.50 , 10
885 , 88.50 , 150.00 , 45.50 , 10
886 , 89.25 , 150.00 , 45.50 , 10
887 , 89.75 , 150.00 , 45.50 , 10
888 , 90.25 , 150.00 , 45.50 , 10
889 , 91.75 , 150.00 , 45.50 , 10
890 , 91.75 , 150.00 , 45.50 , 10
891 , 92.50 , 150.00 , 45.50 , 10
892 , 93.75 , 150.00 , 45.50 , 10
893 , 94.50 , 150.00 , 45.50 , 10
894 , 95.25 , 150.00 , 45.50 , 10
Denaturing DNA Now
895 , 95.75 , 147.63 , 45.50 , 10
896 , 96.00 , 142.75 , 45.50 , 10
897 , 96.00 , 140.00 , 45.50 , 10
898 , 97.00 , 139.50 , 45.50 , 10
899 , 96.75 , 129.50 , 45.50 , 10
Going to Annealing Temperature
900 , 97.50 , 129.50 , 45.50 , 10
901 , 94.00 , 129.50 , 45.50 , 10
902 , 92.25 , 129.50 , 45.50 , 10
903 , 89.00 , 129.50 , 45.50 , 10
904 , 86.50 , 129.50 , 45.50 , 10
905 , 83.75 , 129.50 , 45.50 , 10
906 , 80.75 , 129.50 , 45.50 , 10
907 , 78.25 , 129.50 , 45.50 , 10
908 , 75.50 , 129.50 , 45.50 , 10
909 , 73.50 , 129.50 , 45.50 , 10
910 , 71.50 , 129.50 , 45.50 , 10
911 , 69.25 , 129.50 , 45.50 , 10
912 , 67.75 , 129.50 , 45.50 , 10
913 , 65.75 , 129.50 , 45.50 , 10
914 , 64.25 , 129.50 , 45.50 , 10
915 , 62.50 , 129.50 , 45.50 , 10
916 , 60.75 , 129.50 , 45.50 , 10
917 , 59.50 , 129.50 , 45.50 , 10
918 , 58.00 , 129.50 , 45.50 , 10
919 , 56.75 , 129.50 , 45.50 , 10
920 , 55.50 , 129.50 , 45.50 , 10
921 , 54.25 , 129.50 , 45.50 , 10
Annealing DNA Now
922 , 53.25 , 129.50 , 63.75 , 10
923 , 52.25 , 129.50 , 72.62 , 10
924 , 53.75 , 129.50 , 75.00 , 10
925 , 54.50 , 129.50 , 67.87 , 10
926 , 54.50 , 129.50 , 60.38 , 10
927 , 55.50 , 129.50 , 59.63 , 10
928 , 55.75 , 129.50 , 49.38 , 10
929 , 56.25 , 129.50 , 45.75 , 10
930 , 56.25 , 129.50 , 39.63 , 10
931 , 56.00 , 129.50 , 38.00 , 10
Going to Extension Temperature
932 , 55.50 , 150.00 , 38.00 , 10
933 , 59.00 , 150.00 , 38.00 , 10
934 , 60.75 , 150.00 , 38.00 , 10
935 , 62.75 , 150.00 , 38.00 , 10
936 , 64.75 , 150.00 , 38.00 , 10
937 , 66.25 , 150.00 , 38.00 , 10
938 , 67.75 , 150.00 , 38.00 , 10
939 , 69.25 , 147.13 , 38.00 , 10
940 , 70.75 , 135.00 , 38.00 , 10
Extending DNA Now
941 , 71.75 , 122.12 , 38.00 , 10
942 , 72.75 , 113.25 , 38.00 , 10
943 , 73.50 , 103.87 , 38.00 , 10
944 , 74.00 , 96.37 , 38.00 , 10
945 , 74.00 , 90.87 , 38.00 , 10
946 , 74.50 , 89.87 , 38.00 , 10
947 , 74.75 , 84.12 , 38.00 , 10
948 , 74.75 , 80.50 , 38.00 , 10
949 , 74.00 , 79.12 , 38.00 , 10
950 , 74.75 , 84.87 , 38.00 , 10
951 , 75.00 , 76.75 , 38.00 , 10
952 , 74.75 , 73.00 , 38.00 , 10
953 , 74.75 , 73.87 , 38.00 , 10
954 , 74.50 , 72.50 , 38.00 , 10
955 , 74.25 , 73.50 , 38.00 , 10
956 , 74.00 , 74.62 , 38.00 , 10
957 , 74.25 , 75.87 , 38.00 , 10
958 , 74.25 , 72.50 , 38.00 , 10
959 , 73.50 , 71.37 , 38.00 , 10
960 , 73.75 , 77.37 , 38.00 , 10
961 , 73.75 , 74.25 , 38.00 , 10
962 , 73.50 , 73.37 , 38.00 , 10
963 , 73.75 , 74.87 , 38.00 , 10
964 , 73.75 , 71.75 , 38.00 , 10
965 , 73.75 , 70.87 , 38.00 , 10
966 , 73.25 , 70.00 , 38.00 , 10
967 , 73.25 , 73.87 , 38.00 , 10
968 , 73.25 , 73.25 , 38.00 , 10
969 , 73.00 , 72.62 , 38.00 , 10
970 , 73.50 , 74.37 , 38.00 , 10
971 , 73.50 , 74.37 , 38.00 , 10
Going to Denaturing Temperature
972 , 73.25 , 150.00 , 38.00 , 11
973 , 75.25 , 150.00 , 38.00 , 11
974 , 76.75 , 150.00 , 38.00 , 11
975 , 78.00 , 150.00 , 38.00 , 11
976 , 79.00 , 150.00 , 38.00 , 11
977 , 80.50 , 150.00 , 38.00 , 11
978 , 81.00 , 150.00 , 38.00 , 11
979 , 82.50 , 150.00 , 38.00 , 11
980 , 83.50 , 150.00 , 38.00 , 11
981 , 84.50 , 150.00 , 38.00 , 11
982 , 85.50 , 150.00 , 38.00 , 11
983 , 86.75 , 150.00 , 38.00 , 11
984 , 87.75 , 150.00 , 38.00 , 11
985 , 88.50 , 150.00 , 38.00 , 11
986 , 89.50 , 150.00 , 38.00 , 11
987 , 90.00 , 150.00 , 38.00 , 11
988 , 90.75 , 150.00 , 38.00 , 11
989 , 92.00 , 150.00 , 38.00 , 11
990 , 92.50 , 150.00 , 38.00 , 11
991 , 93.50 , 150.00 , 38.00 , 11
992 , 93.75 , 150.00 , 38.00 , 11
993 , 95.00 , 150.00 , 38.00 , 11
Denaturing DNA Now
994 , 95.50 , 150.00 , 38.00 , 11
995 , 95.75 , 145.25 , 38.00 , 11
996 , 96.25 , 142.63 , 38.00 , 11
997 , 97.25 , 137.50 , 38.00 , 11
998 , 97.00 , 127.37 , 38.00 , 11
Going to Annealing Temperature
999 , 97.50 , 127.37 , 38.00 , 11
1000 , 94.75 , 127.37 , 38.00 , 11
1001 , 92.50 , 127.37 , 38.00 , 11
1002 , 89.75 , 127.37 , 38.00 , 11
1003 , 86.75 , 127.37 , 38.00 , 11
1004 , 84.75 , 127.37 , 38.00 , 11
1005 , 82.25 , 127.37 , 38.00 , 11
1006 , 79.75 , 127.37 , 38.00 , 11
1007 , 77.25 , 127.37 , 38.00 , 11
1008 , 75.00 , 127.37 , 38.00 , 11
1009 , 72.50 , 127.37 , 38.00 , 11
1010 , 71.00 , 127.37 , 38.00 , 11
1011 , 69.25 , 127.37 , 38.00 , 11
1012 , 67.25 , 127.37 , 38.00 , 11
1013 , 66.00 , 127.37 , 38.00 , 11
1014 , 64.50 , 127.37 , 38.00 , 11
1015 , 63.00 , 127.37 , 38.00 , 11
1016 , 61.25 , 127.37 , 38.00 , 11
1017 , 60.00 , 127.37 , 38.00 , 11
1018 , 58.25 , 127.37 , 38.00 , 11
1019 , 57.00 , 127.37 , 38.00 , 11
1020 , 55.25 , 127.37 , 38.00 , 11
1021 , 54.50 , 127.37 , 38.00 , 11
Annealing DNA Now
1022 , 53.75 , 127.37 , 61.50 , 11
1023 , 53.25 , 127.37 , 67.87 , 11
1024 , 53.75 , 127.37 , 72.25 , 11
1025 , 54.50 , 127.37 , 67.37 , 11
1026 , 55.50 , 127.37 , 59.88 , 11
1027 , 55.75 , 127.37 , 49.63 , 11
1028 , 55.75 , 127.37 , 46.00 , 11
1029 , 55.75 , 127.37 , 44.63 , 11
1030 , 55.75 , 127.37 , 43.25 , 11
1031 , 55.00 , 127.37 , 41.88 , 11
Going to Extension Temperature
1032 , 55.50 , 150.00 , 41.88 , 11
1033 , 58.25 , 150.00 , 41.88 , 11
1034 , 60.75 , 150.00 , 41.88 , 11
1035 , 62.00 , 150.00 , 41.88 , 11
1036 , 64.25 , 150.00 , 41.88 , 11
1037 , 66.25 , 150.00 , 41.88 , 11
1038 , 67.25 , 150.00 , 41.88 , 11
1039 , 69.25 , 150.00 , 41.88 , 11
1040 , 70.50 , 136.13 , 41.88 , 11
Extending DNA Now
1041 , 71.75 , 125.62 , 41.88 , 11
1042 , 72.75 , 114.50 , 41.88 , 11
1043 , 73.25 , 105.12 , 41.88 , 11
1044 , 73.00 , 100.00 , 41.88 , 11
1045 , 74.00 , 101.75 , 41.88 , 11
1046 , 74.50 , 91.75 , 41.88 , 11
1047 , 74.75 , 86.00 , 41.88 , 11
1048 , 75.25 , 82.37 , 41.88 , 11
1049 , 75.00 , 76.25 , 41.88 , 11
1050 , 74.75 , 77.00 , 41.88 , 11
1051 , 74.25 , 77.87 , 41.88 , 11
1052 , 74.75 , 81.25 , 41.88 , 11
1053 , 74.25 , 75.37 , 41.88 , 11
1054 , 75.00 , 78.75 , 41.88 , 11
1055 , 74.75 , 70.50 , 41.88 , 11
1056 , 74.50 , 71.37 , 41.88 , 11
1057 , 73.75 , 72.37 , 41.88 , 11
1058 , 74.50 , 78.25 , 41.88 , 11
1059 , 74.25 , 70.25 , 41.88 , 11
1060 , 73.50 , 71.37 , 41.88 , 11
1061 , 73.25 , 77.37 , 41.88 , 11
1062 , 73.75 , 79.00 , 41.88 , 11
1063 , 74.00 , 73.62 , 41.88 , 11
1064 , 73.75 , 70.37 , 41.88 , 11
1065 , 73.25 , 71.75 , 41.88 , 11
1066 , 73.00 , 75.62 , 41.88 , 11
1067 , 73.25 , 77.37 , 41.88 , 11
1068 , 73.50 , 74.50 , 41.88 , 11
1069 , 73.25 , 71.50 , 41.88 , 11
1070 , 73.00 , 73.12 , 41.88 , 11
1071 , 73.00 , 73.12 , 41.88 , 11
Going to Denaturing Temperature
1072 , 72.75 , 150.00 , 41.88 , 12
1073 , 74.50 , 150.00 , 41.88 , 12
1074 , 75.50 , 150.00 , 41.88 , 12
1075 , 77.25 , 150.00 , 41.88 , 12
1076 , 78.00 , 150.00 , 41.88 , 12
1077 , 79.25 , 150.00 , 41.88 , 12
1078 , 80.25 , 150.00 , 41.88 , 12
1079 , 81.25 , 150.00 , 41.88 , 12
1080 , 82.25 , 150.00 , 41.88 , 12
1081 , 83.00 , 150.00 , 41.88 , 12
1082 , 83.25 , 150.00 , 41.88 , 12
1083 , 84.75 , 150.00 , 41.88 , 12
1084 , 85.50 , 150.00 , 41.88 , 12
1085 , 86.25 , 150.00 , 41.88 , 12
1086 , 87.25 , 150.00 , 41.88 , 12
1087 , 87.75 , 150.00 , 41.88 , 12
1088 , 88.00 , 150.00 , 41.88 , 12
1089 , 89.00 , 150.00 , 41.88 , 12
1090 , 89.50 , 150.00 , 41.88 , 12
1091 , 90.25 , 150.00 , 41.88 , 12
1092 , 91.25 , 150.00 , 41.88 , 12
1093 , 91.50 , 150.00 , 41.88 , 12
1094 , 91.50 , 150.00 , 41.88 , 12
1095 , 93.00 , 150.00 , 41.88 , 12
1096 , 93.00 , 150.00 , 41.88 , 12
1097 , 94.00 , 150.00 , 41.88 , 12
1098 , 94.00 , 150.00 , 41.88 , 12
1099 , 94.75 , 150.00 , 41.88 , 12
1100 , 94.50 , 150.00 , 41.88 , 12
1101 , 96.00 , 150.00 , 41.88 , 12
Denaturing DNA Now
1102 , 96.25 , 140.50 , 41.88 , 12
1103 , 96.25 , 137.63 , 41.88 , 12
1104 , 96.25 , 137.00 , 41.88 , 12
1105 , 96.75 , 136.38 , 41.88 , 12
1106 , 97.00 , 131.00 , 41.88 , 12
Going to Annealing Temperature
1107 , 97.00 , 131.00 , 41.88 , 12
1108 , 94.00 , 131.00 , 41.88 , 12
1109 , 92.00 , 131.00 , 41.88 , 12
1110 , 89.00 , 131.00 , 41.88 , 12
1111 , 86.25 , 131.00 , 41.88 , 12
1112 , 84.00 , 131.00 , 41.88 , 12
1113 , 81.25 , 131.00 , 41.88 , 12
1114 , 78.25 , 131.00 , 41.88 , 12
1115 , 76.25 , 131.00 , 41.88 , 12
1116 , 74.00 , 131.00 , 41.88 , 12
1117 , 71.75 , 131.00 , 41.88 , 12
1118 , 70.25 , 131.00 , 41.88 , 12
1119 , 68.75 , 131.00 , 41.88 , 12
1120 , 66.50 , 131.00 , 41.88 , 12
1121 , 64.75 , 131.00 , 41.88 , 12
1122 , 63.50 , 131.00 , 41.88 , 12
1123 , 61.75 , 131.00 , 41.88 , 12
1124 , 60.50 , 131.00 , 41.88 , 12
1125 , 59.00 , 131.00 , 41.88 , 12
1126 , 58.25 , 131.00 , 41.88 , 12
1127 , 56.50 , 131.00 , 41.88 , 12
1128 , 55.25 , 131.00 , 41.88 , 12
1129 , 54.00 , 131.00 , 41.88 , 12
Annealing DNA Now
1130 , 53.50 , 131.00 , 66.00 , 12
1131 , 52.50 , 131.00 , 70.25 , 12
1132 , 53.50 , 131.00 , 75.00 , 12
1133 , 54.50 , 131.00 , 70.25 , 12
1134 , 54.75 , 131.00 , 60.50 , 12
1135 , 55.50 , 131.00 , 57.38 , 12
1136 , 55.25 , 131.00 , 49.38 , 12
1137 , 55.75 , 131.00 , 50.50 , 12
1138 , 56.00 , 131.00 , 44.63 , 12
1139 , 56.00 , 131.00 , 40.88 , 12
Going to Extension Temperature
1140 , 56.00 , 150.00 , 40.88 , 12
1141 , 58.75 , 150.00 , 40.88 , 12
1142 , 60.50 , 150.00 , 40.88 , 12
1143 , 62.50 , 150.00 , 40.88 , 12
1144 , 64.25 , 150.00 , 40.88 , 12
1145 , 65.75 , 150.00 , 40.88 , 12
1146 , 67.25 , 150.00 , 40.88 , 12
1147 , 68.75 , 150.00 , 40.88 , 12
1148 , 70.00 , 141.25 , 40.88 , 12
1149 , 70.75 , 131.00 , 40.88 , 12
Extending DNA Now
1150 , 71.50 , 124.87 , 40.88 , 12
1151 , 72.25 , 118.37 , 40.88 , 12
1152 , 73.25 , 111.50 , 40.88 , 12
1153 , 73.75 , 101.87 , 40.88 , 12
1154 , 73.50 , 96.50 , 40.88 , 12
1155 , 74.00 , 98.00 , 40.88 , 12
1156 , 74.25 , 92.50 , 40.88 , 12
1157 , 74.50 , 89.12 , 40.88 , 12
1158 , 74.00 , 85.62 , 40.88 , 12
1159 , 74.50 , 89.12 , 40.88 , 12
1160 , 74.75 , 83.37 , 40.88 , 12
1161 , 74.50 , 79.75 , 40.88 , 12
1162 , 73.75 , 80.75 , 40.88 , 12
1163 , 74.00 , 86.62 , 40.88 , 12
1164 , 74.00 , 83.37 , 40.88 , 12
1165 , 74.50 , 82.37 , 40.88 , 12
1166 , 74.00 , 76.62 , 40.88 , 12
1167 , 73.75 , 80.12 , 40.88 , 12
1168 , 74.25 , 81.50 , 40.88 , 12
1169 , 74.50 , 75.87 , 40.88 , 12
1170 , 74.25 , 72.37 , 40.88 , 12
1171 , 74.00 , 73.50 , 40.88 , 12
1172 , 73.50 , 74.75 , 40.88 , 12
1173 , 73.50 , 78.50 , 40.88 , 12
1174 , 74.50 , 77.75 , 40.88 , 12
1175 , 74.00 , 67.50 , 40.88 , 12
1176 , 73.50 , 71.00 , 40.88 , 12
1177 , 72.75 , 74.75 , 40.88 , 12
1178 , 73.25 , 81.12 , 40.88 , 12
1179 , 73.50 , 76.00 , 40.88 , 12
1180 , 73.50 , 76.00 , 40.88 , 12
Going to Denaturing Temperature
1181 , 73.50 , 150.00 , 40.88 , 13
1182 , 74.75 , 150.00 , 40.88 , 13
1183 , 76.25 , 150.00 , 40.88 , 13
1184 , 77.25 , 150.00 , 40.88 , 13
1185 , 78.25 , 150.00 , 40.88 , 13
1186 , 79.25 , 150.00 , 40.88 , 13
1187 , 80.25 , 150.00 , 40.88 , 13
1188 , 81.25 , 150.00 , 40.88 , 13
1189 , 81.75 , 150.00 , 40.88 , 13
1190 , 83.25 , 150.00 , 40.88 , 13
1191 , 83.75 , 150.00 , 40.88 , 13
1192 , 84.50 , 150.00 , 40.88 , 13
1193 , 85.00 , 150.00 , 40.88 , 13
1194 , 86.00 , 150.00 , 40.88 , 13
1195 , 86.50 , 150.00 , 40.88 , 13
1196 , 87.25 , 150.00 , 40.88 , 13
1197 , 87.50 , 150.00 , 40.88 , 13
1198 , 88.50 , 150.00 , 40.88 , 13
1199 , 89.25 , 150.00 , 40.88 , 13
1200 , 89.50 , 150.00 , 40.88 , 13
1201 , 90.25 , 150.00 , 40.88 , 13
1202 , 91.00 , 150.00 , 40.88 , 13
1203 , 91.50 , 150.00 , 40.88 , 13
1204 , 91.75 , 150.00 , 40.88 , 13
1205 , 92.75 , 150.00 , 40.88 , 13
1206 , 92.75 , 150.00 , 40.88 , 13
1207 , 93.00 , 150.00 , 40.88 , 13
1208 , 93.75 , 150.00 , 40.88 , 13
1209 , 94.00 , 150.00 , 40.88 , 13
1210 , 94.75 , 150.00 , 40.88 , 13
1211 , 95.25 , 150.00 , 40.88 , 13
Denaturing DNA Now
1212 , 95.75 , 147.63 , 40.88 , 13
1213 , 95.50 , 142.75 , 40.88 , 13
1214 , 96.25 , 144.75 , 40.88 , 13
1215 , 96.50 , 137.38 , 40.88 , 13
1216 , 96.50 , 134.38 , 40.88 , 13
Going to Annealing Temperature
1217 , 96.50 , 134.38 , 40.88 , 13
1218 , 93.00 , 134.38 , 40.88 , 13
1219 , 90.50 , 134.38 , 40.88 , 13
1220 , 89.00 , 134.38 , 40.88 , 13
1221 , 86.25 , 134.38 , 40.88 , 13
1222 , 83.75 , 134.38 , 40.88 , 13
1223 , 81.00 , 134.38 , 40.88 , 13
1224 , 78.50 , 134.38 , 40.88 , 13
1225 , 76.25 , 134.38 , 40.88 , 13
1226 , 73.75 , 134.38 , 40.88 , 13
1227 , 72.00 , 134.38 , 40.88 , 13
1228 , 70.25 , 134.38 , 40.88 , 13
1229 , 68.75 , 134.38 , 40.88 , 13
1230 , 67.00 , 134.38 , 40.88 , 13
1231 , 65.00 , 134.38 , 40.88 , 13
1232 , 63.75 , 134.38 , 40.88 , 13
1233 , 62.25 , 134.38 , 40.88 , 13
1234 , 60.00 , 134.38 , 40.88 , 13
1235 , 58.50 , 134.38 , 40.88 , 13
1236 , 57.25 , 134.38 , 40.88 , 13
1237 , 56.25 , 134.38 , 40.88 , 13
1238 , 55.25 , 134.38 , 40.88 , 13
1239 , 54.00 , 134.38 , 40.88 , 13
Annealing DNA Now
1240 , 53.25 , 134.38 , 66.00 , 13
1241 , 53.00 , 134.38 , 72.62 , 13
1242 , 53.00 , 134.38 , 74.87 , 13
1243 , 53.75 , 134.38 , 74.87 , 13
1244 , 54.75 , 134.38 , 67.75 , 13
1245 , 55.50 , 134.38 , 57.88 , 13
1246 , 55.50 , 134.38 , 49.88 , 13
1247 , 56.00 , 134.38 , 48.63 , 13
1248 , 55.75 , 134.38 , 42.63 , 13
1249 , 55.50 , 134.38 , 43.50 , 13
Going to Extension Temperature
1250 , 55.75 , 150.00 , 43.50 , 13
1251 , 58.50 , 150.00 , 43.50 , 13
1252 , 60.50 , 150.00 , 43.50 , 13
1253 , 61.50 , 150.00 , 43.50 , 13
1254 , 63.25 , 150.00 , 43.50 , 13
1255 , 65.00 , 150.00 , 43.50 , 13
1256 , 66.25 , 150.00 , 43.50 , 13
1257 , 67.50 , 150.00 , 43.50 , 13
1258 , 69.00 , 150.00 , 43.50 , 13
1259 , 70.25 , 143.88 , 43.50 , 13
1260 , 70.25 , 133.50 , 43.50 , 13
1261 , 72.25 , 134.38 , 43.50 , 13
Extending DNA Now
1262 , 73.00 , 116.25 , 43.50 , 13
1263 , 73.50 , 109.00 , 43.50 , 13
1264 , 74.00 , 103.75 , 43.50 , 13
1265 , 73.75 , 98.25 , 43.50 , 13
1266 , 74.00 , 99.62 , 43.50 , 13
1267 , 74.75 , 96.37 , 43.50 , 13
1268 , 74.75 , 88.25 , 43.50 , 13
1269 , 74.75 , 86.87 , 43.50 , 13
1270 , 74.25 , 85.50 , 43.50 , 13
1271 , 74.75 , 88.87 , 43.50 , 13
1272 , 74.75 , 83.00 , 43.50 , 13
1273 , 74.50 , 81.62 , 43.50 , 13
1274 , 74.25 , 82.62 , 43.50 , 13
1275 , 74.75 , 83.75 , 43.50 , 13
1276 , 74.75 , 77.87 , 43.50 , 13
1277 , 74.50 , 76.50 , 43.50 , 13
1278 , 74.25 , 77.50 , 43.50 , 13
1279 , 73.75 , 78.62 , 43.50 , 13
1280 , 74.00 , 82.25 , 43.50 , 13
1281 , 73.50 , 79.00 , 43.50 , 13
1282 , 74.00 , 82.75 , 43.50 , 13
1283 , 73.50 , 77.25 , 43.50 , 13
1284 , 73.25 , 81.00 , 43.50 , 13
1285 , 73.75 , 82.62 , 43.50 , 13
1286 , 73.50 , 77.25 , 43.50 , 13
1287 , 73.75 , 78.75 , 43.50 , 13
1288 , 73.75 , 75.62 , 43.50 , 13
1289 , 73.50 , 74.75 , 43.50 , 13
1290 , 73.00 , 76.25 , 43.50 , 13
1291 , 73.25 , 80.25 , 43.50 , 13
1292 , 73.25 , 80.25 , 43.50 , 13
Going to Denaturing Temperature
1293 , 73.50 , 150.00 , 43.50 , 14
1294 , 74.50 , 150.00 , 43.50 , 14
1295 , 76.00 , 150.00 , 43.50 , 14
1296 , 77.25 , 150.00 , 43.50 , 14
1297 , 77.75 , 150.00 , 43.50 , 14
1299 , 78.75 , 150.00 , 43.50 , 14
1300 , 79.75 , 150.00 , 43.50 , 14
1301 , 80.50 , 150.00 , 43.50 , 14
1302 , 81.00 , 150.00 , 43.50 , 14
1303 , 82.25 , 150.00 , 43.50 , 14
1304 , 82.25 , 150.00 , 43.50 , 14
1305 , 83.50 , 150.00 , 43.50 , 14
1306 , 84.25 , 150.00 , 43.50 , 14
1307 , 84.75 , 150.00 , 43.50 , 14
1308 , 85.25 , 150.00 , 43.50 , 14
1309 , 86.25 , 150.00 , 43.50 , 14
1310 , 86.75 , 150.00 , 43.50 , 14
1311 , 87.50 , 150.00 , 43.50 , 14
1312 , 88.25 , 150.00 , 43.50 , 14
1313 , 88.25 , 150.00 , 43.50 , 14
1314 , 89.25 , 150.00 , 43.50 , 14
1315 , 90.00 , 150.00 , 43.50 , 14
1316 , 90.25 , 150.00 , 43.50 , 14
1317 , 90.50 , 150.00 , 43.50 , 14
1318 , 91.25 , 150.00 , 43.50 , 14
1319 , 91.50 , 150.00 , 43.50 , 14
1320 , 92.00 , 150.00 , 43.50 , 14
1321 , 92.50 , 150.00 , 43.50 , 14
1322 , 92.75 , 150.00 , 43.50 , 14
1323 , 93.00 , 150.00 , 43.50 , 14
1324 , 93.50 , 150.00 , 43.50 , 14
1325 , 94.00 , 150.00 , 43.50 , 14
1326 , 94.25 , 150.00 , 43.50 , 14
1327 , 94.25 , 150.00 , 43.50 , 14
1328 , 95.00 , 150.00 , 43.50 , 14
Denaturing DNA Now
1329 , 95.00 , 150.00 , 43.50 , 14
1330 , 96.00 , 150.00 , 43.50 , 14
1331 , 96.00 , 140.50 , 43.50 , 14
1332 , 95.25 , 140.00 , 43.50 , 14
1333 , 96.00 , 146.63 , 43.50 , 14
Going to Annealing Temperature
1334 , 96.25 , 146.63 , 43.50 , 14
1335 , 93.00 , 146.63 , 43.50 , 14
1336 , 91.00 , 146.63 , 43.50 , 14
1337 , 88.75 , 146.63 , 43.50 , 14
1338 , 86.25 , 146.63 , 43.50 , 14
1339 , 83.75 , 146.63 , 43.50 , 14
1340 , 81.00 , 146.63 , 43.50 , 14
1341 , 78.25 , 146.63 , 43.50 , 14
1342 , 76.00 , 146.63 , 43.50 , 14
1343 , 74.25 , 146.63 , 43.50 , 14
1344 , 72.00 , 146.63 , 43.50 , 14
1345 , 69.75 , 146.63 , 43.50 , 14
1346 , 68.50 , 146.63 , 43.50 , 14
1347 , 66.75 , 146.63 , 43.50 , 14
1348 , 64.50 , 146.63 , 43.50 , 14
1349 , 63.25 , 146.63 , 43.50 , 14
1350 , 61.75 , 146.63 , 43.50 , 14
1351 , 60.50 , 146.63 , 43.50 , 14
1352 , 59.00 , 146.63 , 43.50 , 14
1353 , 57.75 , 146.63 , 43.50 , 14
1354 , 56.25 , 146.63 , 43.50 , 14
1355 , 54.75 , 146.63 , 43.50 , 14
Annealing DNA Now
1356 , 54.25 , 146.63 , 59.25 , 14
1357 , 53.50 , 146.63 , 63.13 , 14
1358 , 53.75 , 146.63 , 69.62 , 14
1359 , 54.50 , 146.63 , 67.00 , 14
1360 , 54.75 , 146.63 , 59.50 , 14
1361 , 55.25 , 146.63 , 56.38 , 14
1362 , 55.50 , 146.63 , 50.75 , 14
1363 , 55.50 , 146.63 , 47.25 , 14
1364 , 55.25 , 146.63 , 46.00 , 14
1365 , 55.50 , 146.63 , 47.13 , 14
Going to Extension Temperature
1366 , 55.50 , 150.00 , 47.13 , 14
1367 , 59.00 , 150.00 , 47.13 , 14
1368 , 59.75 , 150.00 , 47.13 , 14
1369 , 62.00 , 150.00 , 47.13 , 14
1370 , 63.25 , 150.00 , 47.13 , 14
1371 , 64.75 , 150.00 , 47.13 , 14
1372 , 66.25 , 150.00 , 47.13 , 14
1373 , 67.00 , 150.00 , 47.13 , 14
1374 , 68.50 , 150.00 , 47.13 , 14
1375 , 69.75 , 148.13 , 47.13 , 14
1376 , 70.75 , 138.00 , 47.13 , 14
Extending DNA Now
1377 , 71.75 , 129.63 , 47.13 , 14
1378 , 72.25 , 120.75 , 47.13 , 14
1379 , 73.00 , 116.12 , 47.13 , 14
1380 , 73.00 , 108.87 , 47.13 , 14
1381 , 74.00 , 108.37 , 47.13 , 14
1382 , 74.25 , 98.37 , 47.13 , 14
1383 , 74.25 , 95.00 , 47.13 , 14
1384 , 74.50 , 93.87 , 47.13 , 14
1385 , 74.25 , 90.37 , 47.13 , 14
1386 , 74.25 , 91.50 , 47.13 , 14
1387 , 74.00 , 90.37 , 47.13 , 14
1388 , 74.50 , 91.62 , 47.13 , 14
1389 , 74.50 , 85.87 , 47.13 , 14
1390 , 74.50 , 84.62 , 47.13 , 14
1391 , 74.50 , 83.37 , 47.13 , 14
1392 , 74.25 , 82.12 , 47.13 , 14
1393 , 74.25 , 83.25 , 47.13 , 14
1394 , 73.75 , 82.12 , 47.13 , 14
1395 , 73.50 , 85.75 , 47.13 , 14
1396 , 73.75 , 87.25 , 47.13 , 14
1397 , 73.50 , 84.12 , 47.13 , 14
1398 , 74.00 , 85.62 , 47.13 , 14
1399 , 73.50 , 80.12 , 47.13 , 14
1400 , 73.00 , 83.87 , 47.13 , 14
1401 , 73.50 , 87.87 , 47.13 , 14
1402 , 73.25 , 82.62 , 47.13 , 14
1403 , 73.50 , 84.25 , 47.13 , 14
1404 , 73.25 , 81.25 , 47.13 , 14
1405 , 73.25 , 82.87 , 47.13 , 14
1406 , 73.00 , 82.25 , 47.13 , 14
1407 , 73.00 , 82.25 , 47.13 , 14
Going to Denaturing Temperature
1408 , 73.00 , 150.00 , 47.13 , 15
1409 , 74.25 , 150.00 , 47.13 , 15
1410 , 75.50 , 150.00 , 47.13 , 15
1411 , 76.75 , 150.00 , 47.13 , 15
1412 , 77.25 , 150.00 , 47.13 , 15
1413 , 78.25 , 150.00 , 47.13 , 15
1414 , 79.00 , 150.00 , 47.13 , 15
1415 , 79.75 , 150.00 , 47.13 , 15
1416 , 80.50 , 150.00 , 47.13 , 15
1417 , 81.25 , 150.00 , 47.13 , 15
1418 , 82.00 , 150.00 , 47.13 , 15
1419 , 82.50 , 150.00 , 47.13 , 15
1420 , 83.25 , 150.00 , 47.13 , 15
1421 , 84.00 , 150.00 , 47.13 , 15
1422 , 84.50 , 150.00 , 47.13 , 15
1423 , 85.00 , 150.00 , 47.13 , 15
1424 , 85.50 , 150.00 , 47.13 , 15
1425 , 86.25 , 150.00 , 47.13 , 15
1426 , 86.50 , 150.00 , 47.13 , 15
1427 , 87.25 , 150.00 , 47.13 , 15
1428 , 87.75 , 150.00 , 47.13 , 15
1429 , 88.25 , 150.00 , 47.13 , 15
1430 , 88.75 , 150.00 , 47.13 , 15
1431 , 88.75 , 150.00 , 47.13 , 15
1432 , 89.50 , 150.00 , 47.13 , 15
1433 , 89.50 , 150.00 , 47.13 , 15
1434 , 90.25 , 150.00 , 47.13 , 15
1435 , 90.50 , 150.00 , 47.13 , 15
1436 , 90.75 , 150.00 , 47.13 , 15
1437 , 91.25 , 150.00 , 47.13 , 15
1438 , 91.50 , 150.00 , 47.13 , 15
1439 , 91.50 , 150.00 , 47.13 , 15
1440 , 91.75 , 150.00 , 47.13 , 15
1441 , 92.50 , 150.00 , 47.13 , 15
1442 , 92.50 , 150.00 , 47.13 , 15
1443 , 93.00 , 150.00 , 47.13 , 15
1444 , 93.00 , 150.00 , 47.13 , 15
1445 , 93.50 , 150.00 , 47.13 , 15
1446 , 94.00 , 150.00 , 47.13 , 15
1447 , 94.25 , 150.00 , 47.13 , 15
1448 , 94.00 , 150.00 , 47.13 , 15
1449 , 94.50 , 150.00 , 47.13 , 15
1450 , 94.50 , 150.00 , 47.13 , 15
1451 , 94.50 , 150.00 , 47.13 , 15
1452 , 95.25 , 150.00 , 47.13 , 15
Denaturing DNA Now
1453 , 95.25 , 147.63 , 47.13 , 15
1454 , 95.50 , 147.50 , 47.13 , 15
1455 , 95.50 , 145.00 , 47.13 , 15
1456 , 95.50 , 144.75 , 47.13 , 15
1457 , 95.75 , 144.50 , 47.13 , 15
Going to Annealing Temperature
1458 , 95.75 , 144.50 , 47.13 , 15
1459 , 93.00 , 144.50 , 47.13 , 15
1460 , 90.00 , 144.50 , 47.13 , 15
1461 , 88.75 , 144.50 , 47.13 , 15
1462 , 86.00 , 144.50 , 47.13 , 15
1463 , 83.25 , 144.50 , 47.13 , 15
1464 , 80.25 , 144.50 , 47.13 , 15
1465 , 78.00 , 144.50 , 47.13 , 15
1466 , 75.75 , 144.50 , 47.13 , 15
1467 , 74.00 , 144.50 , 47.13 , 15
1468 , 72.00 , 144.50 , 47.13 , 15
1469 , 69.50 , 144.50 , 47.13 , 15
1470 , 68.25 , 144.50 , 47.13 , 15
1471 , 66.25 , 144.50 , 47.13 , 15
1472 , 64.50 , 144.50 , 47.13 , 15
1473 , 62.75 , 144.50 , 47.13 , 15
1474 , 61.00 , 144.50 , 47.13 , 15
1475 , 59.75 , 144.50 , 47.13 , 15
1476 , 58.00 , 144.50 , 47.13 , 15
1477 , 57.50 , 144.50 , 47.13 , 15
1478 , 56.00 , 144.50 , 47.13 , 15
1479 , 54.75 , 144.50 , 47.13 , 15
Annealing DNA Now
1480 , 53.25 , 144.50 , 59.25 , 15
1481 , 53.00 , 144.50 , 72.62 , 15
1482 , 54.00 , 144.50 , 74.87 , 15
1483 , 54.50 , 144.50 , 65.37 , 15
1484 , 55.00 , 144.50 , 60.13 , 15
1485 , 54.75 , 144.50 , 54.63 , 15
1486 , 55.00 , 144.50 , 56.00 , 15
1487 , 55.75 , 144.50 , 52.75 , 15
1488 , 55.25 , 144.50 , 44.63 , 15
1489 , 55.50 , 144.50 , 48.00 , 15
Going to Extension Temperature
1490 , 55.50 , 150.00 , 48.00 , 15
1491 , 58.50 , 150.00 , 48.00 , 15
1492 , 60.50 , 150.00 , 48.00 , 15
1493 , 61.50 , 150.00 , 48.00 , 15
1494 , 63.00 , 150.00 , 48.00 , 15
1495 , 64.00 , 150.00 , 48.00 , 15
1496 , 65.25 , 150.00 , 48.00 , 15
1497 , 67.25 , 150.00 , 48.00 , 15
1498 , 68.25 , 150.00 , 48.00 , 15
1499 , 69.25 , 150.00 , 48.00 , 15
1500 , 70.75 , 144.75 , 48.00 , 15
Extending DNA Now
1501 , 71.75 , 131.88 , 48.00 , 15
1502 , 72.00 , 123.00 , 48.00 , 15
1503 , 73.00 , 120.75 , 48.00 , 15
1504 , 73.00 , 111.25 , 48.00 , 15
1505 , 74.00 , 110.75 , 48.00 , 15
1506 , 74.50 , 100.75 , 48.00 , 15
1507 , 74.50 , 95.00 , 48.00 , 15
1508 , 74.50 , 93.75 , 48.00 , 15
1509 , 74.50 , 92.50 , 48.00 , 15
1510 , 74.75 , 91.25 , 48.00 , 15
1511 , 75.00 , 87.62 , 48.00 , 15
1512 , 75.00 , 83.87 , 48.00 , 15
1513 , 74.50 , 82.37 , 48.00 , 15
1514 , 74.50 , 85.62 , 48.00 , 15
1515 , 74.50 , 84.37 , 48.00 , 15
1516 , 74.50 , 83.12 , 48.00 , 15
1517 , 74.00 , 81.87 , 48.00 , 15
1518 , 74.25 , 85.37 , 48.00 , 15
1519 , 74.00 , 82.00 , 48.00 , 15
1520 , 74.25 , 83.25 , 48.00 , 15
1521 , 74.00 , 79.87 , 48.00 , 15
1522 , 73.75 , 81.12 , 48.00 , 15
1523 , 73.50 , 82.50 , 48.00 , 15
1524 , 73.75 , 84.00 , 48.00 , 15
1525 , 73.25 , 80.87 , 48.00 , 15
1526 , 73.50 , 84.75 , 48.00 , 15
1527 , 72.75 , 81.75 , 48.00 , 15
1528 , 73.00 , 88.12 , 48.00 , 15
1529 , 73.50 , 85.37 , 48.00 , 15
1530 , 73.25 , 80.12 , 48.00 , 15
1531 , 73.25 , 80.12 , 48.00 , 15
Going to Denaturing Temperature
1532 , 73.25 , 150.00 , 48.00 , 16
1533 , 74.50 , 150.00 , 48.00 , 16
1534 , 75.50 , 150.00 , 48.00 , 16
1535 , 76.00 , 150.00 , 48.00 , 16
1536 , 76.75 , 150.00 , 48.00 , 16
1537 , 77.50 , 150.00 , 48.00 , 16
1538 , 78.50 , 150.00 , 48.00 , 16
1539 , 79.75 , 150.00 , 48.00 , 16
1540 , 80.25 , 150.00 , 48.00 , 16
1541 , 81.00 , 150.00 , 48.00 , 16
1542 , 81.25 , 150.00 , 48.00 , 16
1543 , 82.00 , 150.00 , 48.00 , 16
1544 , 82.25 , 150.00 , 48.00 , 16
1545 , 83.00 , 150.00 , 48.00 , 16
1546 , 83.25 , 150.00 , 48.00 , 16
1547 , 83.75 , 150.00 , 48.00 , 16
1548 , 83.75 , 150.00 , 48.00 , 16
1549 , 85.00 , 150.00 , 48.00 , 16
1550 , 85.00 , 150.00 , 48.00 , 16
1551 , 86.00 , 150.00 , 48.00 , 16
1552 , 86.25 , 150.00 , 48.00 , 16
1553 , 86.50 , 150.00 , 48.00 , 16
1554 , 87.00 , 150.00 , 48.00 , 16
1555 , 87.25 , 150.00 , 48.00 , 16
1556 , 87.75 , 150.00 , 48.00 , 16
1557 , 88.25 , 150.00 , 48.00 , 16
1558 , 88.75 , 150.00 , 48.00 , 16
1559 , 89.00 , 150.00 , 48.00 , 16
1560 , 89.25 , 150.00 , 48.00 , 16
1561 , 89.75 , 150.00 , 48.00 , 16
1562 , 90.00 , 150.00 , 48.00 , 16
1563 , 90.00 , 150.00 , 48.00 , 16
1564 , 90.25 , 150.00 , 48.00 , 16
1565 , 91.00 , 150.00 , 48.00 , 16
1566 , 91.25 , 150.00 , 48.00 , 16
1567 , 91.50 , 150.00 , 48.00 , 16
1568 , 92.00 , 150.00 , 48.00 , 16
1569 , 92.00 , 150.00 , 48.00 , 16
1570 , 92.25 , 150.00 , 48.00 , 16
1571 , 92.75 , 150.00 , 48.00 , 16
1572 , 93.25 , 150.00 , 48.00 , 16
1573 , 93.25 , 150.00 , 48.00 , 16
1574 , 93.50 , 150.00 , 48.00 , 16
1575 , 93.50 , 150.00 , 48.00 , 16
1576 , 94.00 , 150.00 , 48.00 , 16
1577 , 94.75 , 150.00 , 48.00 , 16
1578 , 94.50 , 150.00 , 48.00 , 16
1579 , 95.00 , 150.00 , 48.00 , 16
Denaturing DNA Now
1580 , 95.25 , 150.00 , 48.00 , 16
1581 , 95.50 , 147.63 , 48.00 , 16
1582 , 95.50 , 145.13 , 48.00 , 16
1583 , 95.00 , 144.88 , 48.00 , 16
1584 , 95.75 , 149.38 , 48.00 , 16
Going to Annealing Temperature
1585 , 96.00 , 149.38 , 48.00 , 16
1586 , 92.25 , 149.38 , 48.00 , 16
1587 , 90.50 , 149.38 , 48.00 , 16
1588 , 87.75 , 149.38 , 48.00 , 16
1589 , 85.50 , 149.38 , 48.00 , 16
1590 , 83.25 , 149.38 , 48.00 , 16
1591 , 80.50 , 149.38 , 48.00 , 16
1592 , 77.75 , 149.38 , 48.00 , 16
1593 , 76.25 , 149.38 , 48.00 , 16
1594 , 74.25 , 149.38 , 48.00 , 16
1595 , 71.75 , 149.38 , 48.00 , 16
1596 , 69.75 , 149.38 , 48.00 , 16
1597 , 68.00 , 149.38 , 48.00 , 16
1598 , 66.75 , 149.38 , 48.00 , 16
1599 , 64.75 , 149.38 , 48.00 , 16
1600 , 62.75 , 149.38 , 48.00 , 16
1601 , 61.50 , 149.38 , 48.00 , 16
1602 , 60.75 , 149.38 , 48.00 , 16
1603 , 59.00 , 149.38 , 48.00 , 16
1604 , 57.25 , 149.38 , 48.00 , 16
1605 , 56.00 , 149.38 , 48.00 , 16
1606 , 55.00 , 149.38 , 48.00 , 16
Annealing DNA Now
1607 , 54.25 , 149.38 , 57.00 , 16
1608 , 53.50 , 149.38 , 63.13 , 16
1609 , 54.25 , 149.38 , 69.62 , 16
1610 , 54.25 , 149.38 , 62.25 , 16
1611 , 55.25 , 149.38 , 61.63 , 16
1612 , 55.25 , 149.38 , 51.50 , 16
1613 , 55.50 , 149.38 , 50.38 , 16
1614 , 55.50 , 149.38 , 46.88 , 16
1615 , 55.75 , 149.38 , 45.63 , 16
1616 , 55.50 , 149.38 , 42.00 , 16
Going to Extension Temperature
1617 , 55.50 , 150.00 , 42.00 , 16
1618 , 57.50 , 150.00 , 42.00 , 16
1619 , 59.75 , 150.00 , 42.00 , 16
1620 , 61.00 , 150.00 , 42.00 , 16
1621 , 62.50 , 150.00 , 42.00 , 16
1622 , 63.75 , 150.00 , 42.00 , 16
1623 , 65.00 , 150.00 , 42.00 , 16
1624 , 66.25 , 150.00 , 42.00 , 16
1625 , 67.50 , 150.00 , 42.00 , 16
1626 , 68.00 , 150.00 , 42.00 , 16
1627 , 69.00 , 150.00 , 42.00 , 16
1628 , 70.25 , 150.00 , 42.00 , 16
1629 , 71.00 , 139.75 , 42.00 , 16
Extending DNA Now
1630 , 72.25 , 133.50 , 42.00 , 16
1631 , 72.50 , 122.12 , 42.00 , 16
1632 , 73.25 , 119.62 , 42.00 , 16
1633 , 73.50 , 112.25 , 42.00 , 16
1634 , 74.00 , 109.25 , 42.00 , 16
1635 , 74.25 , 103.75 , 42.00 , 16
1636 , 74.25 , 100.37 , 42.00 , 16
1637 , 74.50 , 99.25 , 42.00 , 16
1638 , 74.50 , 95.75 , 42.00 , 16
1639 , 74.50 , 94.50 , 42.00 , 16
1640 , 74.25 , 93.25 , 42.00 , 16
1641 , 74.50 , 94.37 , 42.00 , 16
1642 , 74.75 , 90.87 , 42.00 , 16
1643 , 74.25 , 87.25 , 42.00 , 16
1644 , 74.25 , 90.62 , 42.00 , 16
1645 , 74.50 , 89.50 , 42.00 , 16
1646 , 74.25 , 86.00 , 42.00 , 16
1647 , 74.25 , 87.12 , 42.00 , 16
1648 , 74.00 , 86.00 , 42.00 , 16
1649 , 74.00 , 87.25 , 42.00 , 16
1650 , 73.50 , 86.25 , 42.00 , 16
1651 , 74.00 , 90.00 , 42.00 , 16
1652 , 73.50 , 84.50 , 42.00 , 16
1653 , 73.00 , 88.25 , 42.00 , 16
1654 , 73.75 , 92.25 , 42.00 , 16
1655 , 73.75 , 84.62 , 42.00 , 16
1656 , 73.50 , 83.75 , 42.00 , 16
1657 , 73.25 , 85.25 , 42.00 , 16
1658 , 73.25 , 86.87 , 42.00 , 16
1659 , 73.25 , 86.25 , 42.00 , 16
1660 , 72.75 , 86.25 , 42.00 , 16
Going to Denaturing Temperature
1661 , 72.50 , 150.00 , 42.00 , 17
1662 , 74.00 , 150.00 , 42.00 , 17
1663 , 75.00 , 150.00 , 42.00 , 17
1664 , 76.25 , 150.00 , 42.00 , 17
1665 , 77.00 , 150.00 , 42.00 , 17
1666 , 77.75 , 150.00 , 42.00 , 17
1667 , 78.25 , 150.00 , 42.00 , 17
1668 , 78.25 , 150.00 , 42.00 , 17
1669 , 79.50 , 150.00 , 42.00 , 17
1670 , 80.25 , 150.00 , 42.00 , 17
1671 , 80.75 , 150.00 , 42.00 , 17
1672 , 81.25 , 150.00 , 42.00 , 17
1673 , 82.25 , 150.00 , 42.00 , 17
1674 , 82.50 , 150.00 , 42.00 , 17
1675 , 82.50 , 150.00 , 42.00 , 17
1676 , 83.00 , 150.00 , 42.00 , 17
1677 , 83.75 , 150.00 , 42.00 , 17
1678 , 84.25 , 150.00 , 42.00 , 17
1679 , 84.75 , 150.00 , 42.00 , 17
1680 , 85.25 , 150.00 , 42.00 , 17
1681 , 85.75 , 150.00 , 42.00 , 17
1682 , 86.50 , 150.00 , 42.00 , 17
1683 , 86.25 , 150.00 , 42.00 , 17
1684 , 87.00 , 150.00 , 42.00 , 17
1685 , 87.25 , 150.00 , 42.00 , 17
1686 , 87.50 , 150.00 , 42.00 , 17
1687 , 87.75 , 150.00 , 42.00 , 17
1688 , 88.75 , 150.00 , 42.00 , 17
1689 , 88.25 , 150.00 , 42.00 , 17
1690 , 88.75 , 150.00 , 42.00 , 17
1691 , 89.00 , 150.00 , 42.00 , 17
1692 , 89.50 , 150.00 , 42.00 , 17
1693 , 89.50 , 150.00 , 42.00 , 17
1694 , 90.00 , 150.00 , 42.00 , 17
1695 , 90.00 , 150.00 , 42.00 , 17
1696 , 90.50 , 150.00 , 42.00 , 17
1697 , 90.50 , 150.00 , 42.00 , 17
1698 , 90.50 , 150.00 , 42.00 , 17
1699 , 90.75 , 150.00 , 42.00 , 17
1700 , 91.25 , 150.00 , 42.00 , 17
1701 , 91.00 , 150.00 , 42.00 , 17
1702 , 91.50 , 150.00 , 42.00 , 17
1703 , 91.75 , 150.00 , 42.00 , 17
1704 , 91.75 , 150.00 , 42.00 , 17
1705 , 92.00 , 150.00 , 42.00 , 17
1706 , 91.75 , 150.00 , 42.00 , 17
1707 , 92.25 , 150.00 , 42.00 , 17
1708 , 92.50 , 150.00 , 42.00 , 17
1709 , 92.25 , 150.00 , 42.00 , 17
1710 , 92.75 , 150.00 , 42.00 , 17
1711 , 93.00 , 150.00 , 42.00 , 17
1712 , 93.50 , 150.00 , 42.00 , 17
1713 , 92.75 , 150.00 , 42.00 , 17
1714 , 93.50 , 150.00 , 42.00 , 17
1715 , 93.75 , 150.00 , 42.00 , 17
1716 , 94.00 , 150.00 , 42.00 , 17
1717 , 93.50 , 150.00 , 42.00 , 17
1718 , 94.00 , 150.00 , 42.00 , 17
1719 , 94.25 , 150.00 , 42.00 , 17
1720 , 94.25 , 150.00 , 42.00 , 17
1721 , 94.75 , 150.00 , 42.00 , 17
1722 , 94.50 , 150.00 , 42.00 , 17
1723 , 95.25 , 150.00 , 42.00 , 17
Denaturing DNA Now
1724 , 95.25 , 147.63 , 42.00 , 17
1725 , 94.75 , 147.50 , 42.00 , 17
1726 , 94.75 , 150.00 , 42.00 , 17
1727 , 95.00 , 150.00 , 42.00 , 17
1728 , 95.00 , 150.00 , 42.00 , 17
Going to Annealing Temperature
1729 , 95.00 , 150.00 , 42.00 , 17
1730 , 92.00 , 150.00 , 42.00 , 17
1731 , 89.75 , 150.00 , 42.00 , 17
1732 , 87.50 , 150.00 , 42.00 , 17
1733 , 85.25 , 150.00 , 42.00 , 17
1734 , 82.00 , 150.00 , 42.00 , 17
1735 , 80.00 , 150.00 , 42.00 , 17
1736 , 76.75 , 150.00 , 42.00 , 17
1738 , 75.00 , 150.00 , 42.00 , 17
1739 , 72.25 , 150.00 , 42.00 , 17
1740 , 70.25 , 150.00 , 42.00 , 17
1741 , 68.50 , 150.00 , 42.00 , 17
1742 , 66.75 , 150.00 , 42.00 , 17
1743 , 65.50 , 150.00 , 42.00 , 17
1744 , 63.50 , 150.00 , 42.00 , 17
1745 , 62.25 , 150.00 , 42.00 , 17
1746 , 60.25 , 150.00 , 42.00 , 17
1747 , 59.50 , 150.00 , 42.00 , 17
1748 , 57.50 , 150.00 , 42.00 , 17
1749 , 57.00 , 150.00 , 42.00 , 17
1750 , 55.25 , 150.00 , 42.00 , 17
1751 , 53.75 , 150.00 , 42.00 , 17
Annealing DNA Now
1752 , 53.25 , 150.00 , 68.25 , 17
1753 , 52.75 , 150.00 , 72.62 , 17
1754 , 53.50 , 150.00 , 75.00 , 17
1755 , 53.75 , 150.00 , 70.25 , 17
1756 , 54.50 , 150.00 , 67.62 , 17
1757 , 55.00 , 150.00 , 60.13 , 17
1758 , 54.50 , 150.00 , 54.63 , 17
1759 , 55.00 , 150.00 , 58.38 , 17
1760 , 55.25 , 150.00 , 52.88 , 17
1761 , 55.25 , 150.00 , 49.50 , 17
Going to Extension Temperature
1762 , 55.00 , 150.00 , 49.50 , 17
1763 , 57.75 , 150.00 , 49.50 , 17
1764 , 59.25 , 150.00 , 49.50 , 17
1765 , 60.50 , 150.00 , 49.50 , 17
1766 , 62.00 , 150.00 , 49.50 , 17
1767 , 62.75 , 150.00 , 49.50 , 17
1768 , 64.00 , 150.00 , 49.50 , 17
1769 , 65.00 , 150.00 , 49.50 , 17
1770 , 66.00 , 150.00 , 49.50 , 17
1771 , 67.50 , 150.00 , 49.50 , 17
1772 , 68.50 , 150.00 , 49.50 , 17
1773 , 69.25 , 150.00 , 49.50 , 17
1774 , 70.00 , 150.00 , 49.50 , 17
1775 , 71.25 , 150.00 , 49.50 , 17
Extending DNA Now
1776 , 71.75 , 139.50 , 49.50 , 17
1777 , 72.75 , 135.13 , 49.50 , 17
1778 , 73.25 , 125.75 , 49.50 , 17
1779 , 73.50 , 120.62 , 49.50 , 17
1780 , 74.25 , 117.62 , 49.50 , 17
1781 , 74.00 , 109.75 , 49.50 , 17
1782 , 74.50 , 111.00 , 49.50 , 17
1783 , 75.00 , 105.25 , 49.50 , 17
1784 , 74.50 , 99.25 , 49.50 , 17
1785 , 74.50 , 102.50 , 49.50 , 17
1786 , 74.75 , 101.25 , 49.50 , 17
1787 , 74.75 , 97.62 , 49.50 , 17
1788 , 74.75 , 96.25 , 49.50 , 17
1789 , 74.25 , 94.87 , 49.50 , 17
1790 , 74.75 , 98.25 , 49.50 , 17
1791 , 74.50 , 92.37 , 49.50 , 17
1792 , 74.75 , 93.37 , 49.50 , 17
1793 , 74.00 , 89.75 , 49.50 , 17
1794 , 74.75 , 95.50 , 49.50 , 17
1795 , 74.25 , 87.37 , 49.50 , 17
1796 , 74.50 , 90.75 , 49.50 , 17
1797 , 73.75 , 87.25 , 49.50 , 17
1798 , 74.25 , 93.12 , 49.50 , 17
1799 , 74.25 , 87.50 , 49.50 , 17
1800 , 73.50 , 86.37 , 49.50 , 17
1801 , 73.75 , 92.37 , 49.50 , 17
1802 , 74.00 , 89.25 , 49.50 , 17
1803 , 74.00 , 86.00 , 49.50 , 17
1804 , 73.75 , 85.00 , 49.50 , 17
1805 , 73.25 , 86.37 , 49.50 , 17
1806 , 73.75 , 86.37 , 49.50 , 17
Going to Denaturing Temperature
1807 , 73.00 , 150.00 , 49.50 , 18
1808 , 74.50 , 150.00 , 49.50 , 18
1809 , 75.25 , 150.00 , 49.50 , 18
1810 , 76.25 , 150.00 , 49.50 , 18
1811 , 77.25 , 150.00 , 49.50 , 18
1812 , 77.75 , 150.00 , 49.50 , 18
1813 , 78.25 , 150.00 , 49.50 , 18
1814 , 78.25 , 150.00 , 49.50 , 18
1815 , 79.00 , 150.00 , 49.50 , 18
1816 , 79.50 , 150.00 , 49.50 , 18
1817 , 80.50 , 150.00 , 49.50 , 18
1818 , 81.25 , 150.00 , 49.50 , 18
1819 , 81.75 , 150.00 , 49.50 , 18
1820 , 81.75 , 150.00 , 49.50 , 18
1821 , 82.50 , 150.00 , 49.50 , 18
1822 , 82.75 , 150.00 , 49.50 , 18
1823 , 83.00 , 150.00 , 49.50 , 18
1824 , 82.75 , 150.00 , 49.50 , 18
1825 , 84.00 , 150.00 , 49.50 , 18
1826 , 84.25 , 150.00 , 49.50 , 18
1827 , 84.50 , 150.00 , 49.50 , 18
1828 , 85.25 , 150.00 , 49.50 , 18
1829 , 85.50 , 150.00 , 49.50 , 18
1830 , 86.00 , 150.00 , 49.50 , 18
1831 , 86.00 , 150.00 , 49.50 , 18
1832 , 86.00 , 150.00 , 49.50 , 18
1833 , 86.75 , 150.00 , 49.50 , 18
1834 , 87.00 , 150.00 , 49.50 , 18
1835 , 87.50 , 150.00 , 49.50 , 18
1836 , 87.75 , 150.00 , 49.50 , 18
1837 , 88.25 , 150.00 , 49.50 , 18
1838 , 88.25 , 150.00 , 49.50 , 18
1839 , 88.50 , 150.00 , 49.50 , 18
1840 , 89.00 , 150.00 , 49.50 , 18
1841 , 89.50 , 150.00 , 49.50 , 18
1842 , 89.75 , 150.00 , 49.50 , 18
1843 , 89.75 , 150.00 , 49.50 , 18
1844 , 90.00 , 150.00 , 49.50 , 18
1845 , 90.25 , 150.00 , 49.50 , 18
1846 , 90.50 , 150.00 , 49.50 , 18
1847 , 90.75 , 150.00 , 49.50 , 18
1848 , 91.00 , 150.00 , 49.50 , 18
1849 , 91.25 , 150.00 , 49.50 , 18
1850 , 91.50 , 150.00 , 49.50 , 18
1851 , 92.00 , 150.00 , 49.50 , 18
1852 , 91.75 , 150.00 , 49.50 , 18
1853 , 92.25 , 150.00 , 49.50 , 18
1854 , 92.00 , 150.00 , 49.50 , 18
1855 , 91.25 , 150.00 , 49.50 , 18
1856 , 92.25 , 150.00 , 49.50 , 18
1857 , 92.50 , 150.00 , 49.50 , 18
1858 , 92.25 , 150.00 , 49.50 , 18
1859 , 92.25 , 150.00 , 49.50 , 18
1860 , 93.00 , 150.00 , 49.50 , 18
1861 , 92.50 , 150.00 , 49.50 , 18
1862 , 92.75 , 150.00 , 49.50 , 18
1863 , 92.75 , 150.00 , 49.50 , 18
1864 , 93.50 , 150.00 , 49.50 , 18
1865 , 93.25 , 150.00 , 49.50 , 18
1866 , 93.00 , 150.00 , 49.50 , 18
1867 , 93.00 , 150.00 , 49.50 , 18
1868 , 93.00 , 150.00 , 49.50 , 18
1869 , 93.00 , 150.00 , 49.50 , 18
1870 , 93.50 , 150.00 , 49.50 , 18
1871 , 94.00 , 150.00 , 49.50 , 18
1872 , 93.75 , 150.00 , 49.50 , 18
1873 , 93.50 , 150.00 , 49.50 , 18
1874 , 93.50 , 150.00 , 49.50 , 18
1875 , 93.50 , 150.00 , 49.50 , 18
1876 , 93.75 , 150.00 , 49.50 , 18
1877 , 94.00 , 150.00 , 49.50 , 18
1878 , 94.00 , 150.00 , 49.50 , 18
1879 , 94.00 , 150.00 , 49.50 , 18
1880 , 93.75 , 150.00 , 49.50 , 18
1881 , 93.50 , 150.00 , 49.50 , 18
1882 , 93.75 , 150.00 , 49.50 , 18
1883 , 94.00 , 150.00 , 49.50 , 18
1884 , 94.00 , 150.00 , 49.50 , 18
1885 , 94.00 , 150.00 , 49.50 , 18
1886 , 94.00 , 150.00 , 49.50 , 18
1887 , 94.25 , 150.00 , 49.50 , 18
1888 , 93.75 , 150.00 , 49.50 , 18
1889 , 93.50 , 150.00 , 49.50 , 18
1890 , 94.00 , 150.00 , 49.50 , 18
1891 , 93.50 , 150.00 , 49.50 , 18
1892 , 93.75 , 150.00 , 49.50 , 18
1893 , 93.25 , 150.00 , 49.50 , 18
1894 , 93.50 , 150.00 , 49.50 , 18
1895 , 93.50 , 150.00 , 49.50 , 18
1896 , 93.75 , 150.00 , 49.50 , 18
1897 , 94.25 , 150.00 , 49.50 , 18
1898 , 93.50 , 150.00 , 49.50 , 18
1899 , 93.75 , 150.00 , 49.50 , 18
1900 , 94.00 , 150.00 , 49.50 , 18
1901 , 94.00 , 150.00 , 49.50 , 18
1902 , 93.75 , 150.00 , 49.50 , 18
1903 , 94.00 , 150.00 , 49.50 , 18
1904 , 93.75 , 150.00 , 49.50 , 18
1905 , 94.00 , 150.00 , 49.50 , 18
1906 , 94.00 , 150.00 , 49.50 , 18
1907 , 93.75 , 150.00 , 49.50 , 18
1908 , 94.00 , 150.00 , 49.50 , 18
1909 , 94.25 , 150.00 , 49.50 , 18
1910 , 93.25 , 150.00 , 49.50 , 18
1911 , 93.50 , 150.00 , 49.50 , 18
1912 , 93.75 , 150.00 , 49.50 , 18
1913 , 93.75 , 150.00 , 49.50 , 18
1914 , 94.00 , 150.00 , 49.50 , 18
1915 , 94.00 , 150.00 , 49.50 , 18
1916 , 94.00 , 150.00 , 49.50 , 18
1917 , 94.00 , 150.00 , 49.50 , 18
1918 , 93.50 , 150.00 , 49.50 , 18
1919 , 93.50 , 150.00 , 49.50 , 18
1920 , 94.00 , 150.00 , 49.50 , 18
1921 , 93.75 , 150.00 , 49.50 , 18
1922 , 94.00 , 150.00 , 49.50 , 18
1923 , 94.00 , 150.00 , 49.50 , 18
1924 , 94.00 , 150.00 , 49.50 , 18
1925 , 94.00 , 150.00 , 49.50 , 18
1926 , 94.00 , 150.00 , 49.50 , 18
1927 , 94.00 , 150.00 , 49.50 , 18
1928 , 93.75 , 150.00 , 49.50 , 18
1929 , 93.75 , 150.00 , 49.50 , 18
1930 , 93.50 , 150.00 , 49.50 , 18
1931 , 94.00 , 150.00 , 49.50 , 18
1932 , 93.50 , 150.00 , 49.50 , 18
1933 , 93.50 , 150.00 , 49.50 , 18
1934 , 93.75 , 150.00 , 49.50 , 18
1935 , 93.50 , 150.00 , 49.50 , 18
1936 , 93.75 , 150.00 , 49.50 , 18
1937 , 93.50 , 150.00 , 49.50 , 18
1938 , 93.50 , 150.00 , 49.50 , 18
1939 , 93.75 , 150.00 , 49.50 , 18
1940 , 93.25 , 150.00 , 49.50 , 18
1941 , 93.75 , 150.00 , 49.50 , 18
1942 , 93.75 , 150.00 , 49.50 , 18
1943 , 93.75 , 150.00 , 49.50 , 18
1944 , 94.25 , 150.00 , 49.50 , 18
1945 , 94.75 , 150.00 , 49.50 , 18
1946 , 94.25 , 150.00 , 49.50 , 18
1947 , 94.25 , 150.00 , 49.50 , 18
1948 , 94.25 , 150.00 , 49.50 , 18
1949 , 94.50 , 150.00 , 49.50 , 18
1950 , 94.75 , 150.00 , 49.50 , 18
1951 , 95.00 , 150.00 , 49.50 , 18
Denaturing DNA Now
1952 , 95.00 , 150.00 , 49.50 , 18
1953 , 95.25 , 150.00 , 49.50 , 18
1954 , 95.00 , 147.63 , 49.50 , 18
1955 , 95.25 , 149.88 , 49.50 , 18
1956 , 95.25 , 147.50 , 49.50 , 18
Going to Annealing Temperature
1957 , 95.00 , 147.50 , 49.50 , 18
1958 , 92.00 , 147.50 , 49.50 , 18
1959 , 89.50 , 147.50 , 49.50 , 18
1960 , 87.50 , 147.50 , 49.50 , 18
1961 , 85.00 , 147.50 , 49.50 , 18
1962 , 81.50 , 147.50 , 49.50 , 18
1963 , 79.25 , 147.50 , 49.50 , 18
1964 , 77.50 , 147.50 , 49.50 , 18
1965 , 75.00 , 147.50 , 49.50 , 18
1966 , 72.75 , 147.50 , 49.50 , 18
1967 , 70.75 , 147.50 , 49.50 , 18
1968 , 69.25 , 147.50 , 49.50 , 18
1969 , 67.25 , 147.50 , 49.50 , 18
1970 , 65.50 , 147.50 , 49.50 , 18
1971 , 64.25 , 147.50 , 49.50 , 18
1972 , 62.50 , 147.50 , 49.50 , 18
1973 , 60.75 , 147.50 , 49.50 , 18
1974 , 59.50 , 147.50 , 49.50 , 18
1975 , 58.25 , 147.50 , 49.50 , 18
1976 , 56.75 , 147.50 , 49.50 , 18
1977 , 55.50 , 147.50 , 49.50 , 18
1978 , 54.00 , 147.50 , 49.50 , 18
Annealing DNA Now
1979 , 53.25 , 147.50 , 66.00 , 18
1980 , 53.25 , 147.50 , 72.62 , 18
1981 , 53.50 , 147.50 , 72.50 , 18
1982 , 53.75 , 147.50 , 70.00 , 18
1983 , 54.75 , 147.50 , 67.37 , 18
1984 , 55.00 , 147.50 , 57.50 , 18
1985 , 54.75 , 147.50 , 54.25 , 18
1986 , 54.50 , 147.50 , 55.63 , 18
1987 , 55.25 , 147.50 , 57.13 , 18
1988 , 55.75 , 147.50 , 49.25 , 18
Going to Extension Temperature
1989 , 55.00 , 150.00 , 49.25 , 18
1990 , 57.75 , 150.00 , 49.25 , 18
1991 , 59.25 , 150.00 , 49.25 , 18
1992 , 60.00 , 150.00 , 49.25 , 18
1993 , 62.00 , 150.00 , 49.25 , 18
1994 , 62.50 , 150.00 , 49.25 , 18
1995 , 63.75 , 150.00 , 49.25 , 18
1996 , 65.25 , 150.00 , 49.25 , 18
1997 , 66.00 , 150.00 , 49.25 , 18
1998 , 66.75 , 150.00 , 49.25 , 18
1999 , 67.75 , 150.00 , 49.25 , 18
2000 , 68.50 , 150.00 , 49.25 , 18
2001 , 69.25 , 150.00 , 49.25 , 18
2002 , 70.25 , 150.00 , 49.25 , 18
2003 , 70.50 , 150.00 , 49.25 , 18
Extending DNA Now
2004 , 71.25 , 148.88 , 49.25 , 18
2005 , 72.25 , 142.50 , 49.25 , 18
2006 , 73.00 , 133.38 , 49.25 , 18
2007 , 73.25 , 126.12 , 49.25 , 18
2008 , 73.50 , 123.25 , 49.25 , 18
2009 , 74.00 , 120.25 , 49.25 , 18
2010 , 74.00 , 114.75 , 49.25 , 18
2011 , 74.25 , 113.75 , 49.25 , 18
2012 , 75.00 , 110.37 , 49.25 , 18
2013 , 74.50 , 102.12 , 49.25 , 18
2014 , 74.50 , 105.37 , 49.25 , 18
2015 , 74.75 , 104.12 , 49.25 , 18
2016 , 74.50 , 100.50 , 49.25 , 18
2017 , 74.75 , 101.50 , 49.25 , 18
2018 , 74.25 , 97.87 , 49.25 , 18
2019 , 74.25 , 101.25 , 49.25 , 18
2020 , 74.50 , 100.12 , 49.25 , 18
2021 , 74.50 , 96.62 , 49.25 , 18
2022 , 74.00 , 95.37 , 49.25 , 18
2023 , 74.25 , 98.87 , 49.25 , 18
2024 , 74.00 , 95.50 , 49.25 , 18
2025 , 73.75 , 96.75 , 49.25 , 18
2026 , 73.75 , 98.12 , 49.25 , 18
2027 , 73.75 , 97.25 , 49.25 , 18
2028 , 74.00 , 96.37 , 49.25 , 18
2029 , 74.00 , 93.12 , 49.25 , 18
2030 , 73.50 , 92.12 , 49.25 , 18
2031 , 74.00 , 95.87 , 49.25 , 18
2032 , 73.75 , 90.37 , 49.25 , 18
2033 , 73.75 , 91.75 , 49.25 , 18
2034 , 73.75 , 91.75 , 49.25 , 18
