Please wait for the temperature to reach 95
0 , 25.76 , 0
1 , 25.76 , 0
2 , 25.76 , 0
3 , 25.51 , 0
4 , 24.74 , 0
5 , 25.00 , 0
6 , 26.78 , 0
7 , 32.91 , 0
8 , 43.62 , 0
9 , 50.51 , 0
10 , 55.87 , 0
11 , 57.66 , 0
12 , 66.33 , 0
13 , 69.65 , 0
14 , 72.46 , 0
15 , 72.97 , 0
16 , 69.39 , 0
17 , 66.08 , 0
18 , 69.90 , 0
19 , 79.34 , 0
20 , 82.66 , 0
21 , 84.70 , 0
22 , 87.00 , 0
23 , 89.04 , 0
24 , 91.08 , 0
25 , 93.63 , 0
26 , 94.91 , 0
Temperature has reached 95, please wait 60s for the initial denaturing to complete
27 , 94.91 , 0
28 , 89.30 , 0
Initial Denaturing has completed, Amplification Loop will start now
Going to Denaturing Temperature
29 , 89.55 , 1
30 , 96.69 , 1
Denaturing DNA Now
31 , 98.99 , 1
32 , 95.67 , 1
33 , 96.69 , 1
34 , 97.20 , 1
35 , 97.46 , 1
36 , 97.72 , 1
Going to Extension Temperature
37 , 98.23 , 1
38 , 87.25 , 1
39 , 83.43 , 1
40 , 78.58 , 1
41 , 73.73 , 1
42 , 70.16 , 1
43 , 66.84 , 1
Extending DNA Now
44 , 64.04 , 1
45 , 63.01 , 1
46 , 65.57 , 1
47 , 66.33 , 1
48 , 67.86 , 1
49 , 68.88 , 1
50 , 69.65 , 1
51 , 70.92 , 1
52 , 71.69 , 1
53 , 71.95 , 1
54 , 72.20 , 1
55 , 72.46 , 1
56 , 71.43 , 1
57 , 71.18 , 1
58 , 71.18 , 1
59 , 70.41 , 1
60 , 70.92 , 1
61 , 70.67 , 1
62 , 70.67 , 1
63 , 70.41 , 1
64 , 70.16 , 1
65 , 69.90 , 1
66 , 69.65 , 1
67 , 70.92 , 1
68 , 70.92 , 1
69 , 71.18 , 1
70 , 70.67 , 1
71 , 71.18 , 1
72 , 70.92 , 1
73 , 71.43 , 1
74 , 71.18 , 1
Going to Denaturing Temperature
75 , 71.95 , 2
76 , 82.15 , 2
77 , 85.72 , 2
78 , 87.51 , 2
79 , 89.30 , 2
80 , 91.08 , 2
81 , 92.61 , 2
82 , 94.91 , 2
Denaturing DNA Now
83 , 96.18 , 2
84 , 93.89 , 2
85 , 94.14 , 2
86 , 95.16 , 2
87 , 96.18 , 2
Going to Extension Temperature
88 , 96.95 , 2
89 , 85.72 , 2
90 , 82.15 , 2
91 , 77.56 , 2
92 , 72.71 , 2
93 , 69.14 , 2
Extending DNA Now
94 , 65.57 , 2
95 , 64.55 , 2
96 , 66.84 , 2
97 , 67.10 , 2
98 , 69.14 , 2
99 , 69.65 , 2
100 , 70.92 , 2
101 , 71.95 , 2
102 , 72.20 , 2
103 , 72.97 , 2
104 , 71.18 , 2
105 , 71.18 , 2
106 , 71.43 , 2
107 , 71.43 , 2
108 , 71.18 , 2
109 , 70.67 , 2
110 , 71.18 , 2
111 , 70.92 , 2
112 , 70.92 , 2
113 , 70.41 , 2
114 , 69.90 , 2
115 , 69.90 , 2
116 , 70.41 , 2
117 , 70.92 , 2
118 , 71.43 , 2
119 , 70.92 , 2
120 , 71.18 , 2
121 , 71.69 , 2
122 , 71.18 , 2
123 , 71.43 , 2
124 , 71.69 , 2
Going to Denaturing Temperature
125 , 71.43 , 3
126 , 82.92 , 3
127 , 85.47 , 3
128 , 87.00 , 3
129 , 88.53 , 3
130 , 90.32 , 3
131 , 91.85 , 3
132 , 93.89 , 3
133 , 95.42 , 3
Denaturing DNA Now
134 , 97.20 , 3
135 , 94.65 , 3
136 , 95.16 , 3
137 , 95.93 , 3
138 , 96.44 , 3
139 , 97.46 , 3
Going to Extension Temperature
140 , 97.20 , 3
141 , 86.74 , 3
142 , 82.41 , 3
143 , 77.81 , 3
144 , 73.48 , 3
145 , 69.14 , 3
Extending DNA Now
146 , 66.33 , 3
147 , 65.31 , 3
148 , 67.10 , 3
149 , 67.35 , 3
150 , 68.63 , 3
151 , 69.90 , 3
152 , 70.92 , 3
153 , 71.43 , 3
154 , 71.95 , 3
155 , 71.95 , 3
156 , 72.20 , 3
157 , 72.71 , 3
158 , 71.43 , 3
159 , 71.43 , 3
160 , 71.18 , 3
161 , 70.67 , 3
162 , 70.92 , 3
163 , 70.16 , 3
164 , 70.67 , 3
165 , 69.90 , 3
166 , 69.65 , 3
167 , 71.18 , 3
168 , 71.43 , 3
169 , 71.43 , 3
170 , 71.43 , 3
171 , 71.95 , 3
172 , 71.95 , 3
173 , 71.95 , 3
174 , 71.69 , 3
175 , 72.20 , 3
176 , 71.95 , 3
Going to Denaturing Temperature
177 , 72.46 , 4
178 , 83.17 , 4
179 , 85.47 , 4
180 , 87.00 , 4
181 , 89.04 , 4
182 , 90.57 , 4
183 , 92.36 , 4
184 , 93.63 , 4
185 , 95.67 , 4
Denaturing DNA Now
186 , 96.95 , 4
187 , 94.40 , 4
188 , 94.91 , 4
189 , 95.93 , 4
190 , 95.93 , 4
191 , 96.69 , 4
Going to Extension Temperature
192 , 96.95 , 4
193 , 86.74 , 4
194 , 81.64 , 4
195 , 77.30 , 4
196 , 72.46 , 4
197 , 68.63 , 4
Extending DNA Now
198 , 65.57 , 4
199 , 64.80 , 4
200 , 66.84 , 4
201 , 67.10 , 4
202 , 68.37 , 4
203 , 69.14 , 4
204 , 70.16 , 4
205 , 70.67 , 4
206 , 71.43 , 4
207 , 71.95 , 4
208 , 71.95 , 4
209 , 71.43 , 4
210 , 71.95 , 4
211 , 72.46 , 4
212 , 72.46 , 4
213 , 70.92 , 4
214 , 70.16 , 4
215 , 70.41 , 4
216 , 69.65 , 4
217 , 69.65 , 4
218 , 70.67 , 4
219 , 70.41 , 4
220 , 70.41 , 4
221 , 70.67 , 4
222 , 71.43 , 4
223 , 71.18 , 4
224 , 71.43 , 4
225 , 71.18 , 4
226 , 71.69 , 4
227 , 71.69 , 4
228 , 71.95 , 4
Going to Denaturing Temperature
229 , 71.18 , 5
230 , 82.66 , 5
231 , 85.21 , 5
232 , 87.00 , 5
233 , 88.79 , 5
234 , 90.32 , 5
235 , 91.59 , 5
236 , 92.36 , 5
237 , 94.91 , 5
Denaturing DNA Now
238 , 96.44 , 5
239 , 93.63 , 5
240 , 93.38 , 5
241 , 94.65 , 5
242 , 94.91 , 5
243 , 95.16 , 5
Going to Extension Temperature
244 , 96.18 , 5
245 , 85.47 , 5
246 , 80.37 , 5
247 , 76.03 , 5
248 , 71.95 , 5
249 , 67.61 , 5
Extending DNA Now
250 , 64.80 , 5
251 , 63.78 , 5
252 , 65.31 , 5
253 , 66.33 , 5
254 , 67.35 , 5
255 , 67.86 , 5
256 , 69.14 , 5
257 , 69.90 , 5
258 , 69.90 , 5
259 , 70.92 , 5
260 , 70.92 , 5
261 , 71.43 , 5
262 , 70.92 , 5
263 , 71.43 , 5
264 , 71.18 , 5
265 , 71.43 , 5
266 , 71.18 , 5
267 , 71.18 , 5
268 , 71.69 , 5
269 , 71.95 , 5
270 , 71.69 , 5
271 , 71.95 , 5
272 , 71.69 , 5
273 , 71.69 , 5
274 , 72.20 , 5
275 , 71.95 , 5
276 , 70.41 , 5
277 , 70.16 , 5
278 , 70.16 , 5
279 , 69.39 , 5
280 , 69.14 , 5
Going to Denaturing Temperature
281 , 68.88 , 6
282 , 80.88 , 6
283 , 82.66 , 6
284 , 84.96 , 6
285 , 86.49 , 6
286 , 87.76 , 6
287 , 89.55 , 6
288 , 91.08 , 6
289 , 92.87 , 6
290 , 93.63 , 6
291 , 95.42 , 6
Denaturing DNA Now
292 , 96.69 , 6
293 , 93.89 , 6
294 , 94.40 , 6
295 , 95.42 , 6
296 , 95.93 , 6
Going to Extension Temperature
297 , 95.93 , 6
298 , 85.72 , 6
299 , 81.39 , 6
300 , 76.54 , 6
301 , 72.20 , 6
302 , 68.37 , 6
Extending DNA Now
303 , 64.29 , 6
304 , 63.78 , 6
305 , 65.06 , 6
306 , 65.82 , 6
307 , 67.35 , 6
308 , 68.37 , 6
309 , 68.88 , 6
310 , 69.90 , 6
311 , 70.41 , 6
312 , 70.92 , 6
313 , 71.18 , 6
314 , 70.67 , 6
315 , 71.69 , 6
316 , 71.18 , 6
317 , 71.95 , 6
318 , 71.95 , 6
319 , 71.95 , 6
320 , 71.43 , 6
321 , 71.95 , 6
322 , 71.69 , 6
323 , 71.95 , 6
324 , 71.95 , 6
325 , 71.69 , 6
326 , 71.95 , 6
327 , 71.43 , 6
328 , 71.43 , 6
329 , 71.18 , 6
330 , 71.18 , 6
331 , 71.18 , 6
332 , 71.43 , 6
333 , 71.18 , 6
Going to Denaturing Temperature
334 , 70.67 , 7
335 , 81.39 , 7
336 , 83.68 , 7
337 , 83.94 , 7
338 , 85.98 , 7
339 , 87.76 , 7
340 , 89.30 , 7
341 , 90.83 , 7
342 , 92.36 , 7
343 , 93.63 , 7
344 , 94.65 , 7
Denaturing DNA Now
345 , 96.18 , 7
346 , 93.89 , 7
347 , 94.65 , 7
348 , 94.91 , 7
349 , 95.16 , 7
Going to Extension Temperature
350 , 95.93 , 7
351 , 85.98 , 7
352 , 81.39 , 7
353 , 77.05 , 7
354 , 72.46 , 7
355 , 68.37 , 7
Extending DNA Now
356 , 65.06 , 7
357 , 63.78 , 7
358 , 65.57 , 7
359 , 65.82 , 7
360 , 66.59 , 7
361 , 68.63 , 7
362 , 69.39 , 7
363 , 70.16 , 7
364 , 70.16 , 7
365 , 70.67 , 7
366 , 70.92 , 7
367 , 71.18 , 7
368 , 70.92 , 7
369 , 71.18 , 7
370 , 71.43 , 7
371 , 71.43 , 7
372 , 72.20 , 7
373 , 71.69 , 7
374 , 70.67 , 7
375 , 70.41 , 7
376 , 70.16 , 7
377 , 69.14 , 7
378 , 69.14 , 7
379 , 70.16 , 7
380 , 70.16 , 7
381 , 69.90 , 7
382 , 69.90 , 7
383 , 69.90 , 7
384 , 70.16 , 7
385 , 69.90 , 7
386 , 69.39 , 7
Going to Denaturing Temperature
387 , 70.41 , 8
388 , 79.09 , 8
389 , 81.90 , 8
390 , 83.17 , 8
391 , 84.45 , 8
392 , 86.49 , 8
393 , 88.02 , 8
394 , 89.55 , 8
395 , 90.83 , 8
396 , 92.10 , 8
397 , 93.63 , 8
398 , 94.40 , 8
Denaturing DNA Now
399 , 96.18 , 8
400 , 93.89 , 8
401 , 94.40 , 8
402 , 94.65 , 8
403 , 94.91 , 8
Going to Extension Temperature
404 , 95.67 , 8
405 , 85.72 , 8
406 , 81.39 , 8
407 , 77.05 , 8
408 , 72.46 , 8
409 , 68.37 , 8
Extending DNA Now
410 , 65.57 , 8
411 , 64.29 , 8
412 , 65.57 , 8
413 , 66.33 , 8
414 , 67.10 , 8
415 , 68.63 , 8
416 , 69.39 , 8
417 , 69.90 , 8
418 , 70.41 , 8
419 , 70.92 , 8
420 , 70.92 , 8
421 , 71.43 , 8
422 , 71.43 , 8
423 , 71.43 , 8
424 , 71.43 , 8
425 , 71.43 , 8
426 , 71.43 , 8
427 , 71.18 , 8
428 , 70.92 , 8
429 , 71.18 , 8
430 , 70.67 , 8
431 , 71.18 , 8
432 , 71.18 , 8
433 , 71.18 , 8
434 , 70.92 , 8
435 , 70.92 , 8
436 , 70.92 , 8
437 , 71.18 , 8
438 , 70.67 , 8
439 , 70.92 , 8
440 , 70.67 , 8
Going to Denaturing Temperature
441 , 70.92 , 9
442 , 80.37 , 9
443 , 82.66 , 9
444 , 84.19 , 9
445 , 84.96 , 9
446 , 87.25 , 9
447 , 88.79 , 9
448 , 90.06 , 9
449 , 91.08 , 9
450 , 92.61 , 9
451 , 93.89 , 9
452 , 95.16 , 9
Denaturing DNA Now
453 , 96.69 , 9
454 , 93.89 , 9
455 , 94.40 , 9
456 , 94.14 , 9
457 , 95.16 , 9
Going to Extension Temperature
458 , 94.65 , 9
459 , 85.72 , 9
460 , 81.39 , 9
461 , 76.54 , 9
462 , 72.46 , 9
463 , 68.12 , 9
Extending DNA Now
464 , 65.06 , 9
465 , 64.29 , 9
466 , 65.82 , 9
467 , 66.33 , 9
468 , 67.35 , 9
469 , 68.12 , 9
470 , 68.88 , 9
471 , 69.65 , 9
472 , 70.16 , 9
473 , 70.41 , 9
474 , 70.92 , 9
475 , 71.18 , 9
476 , 70.92 , 9
477 , 70.67 , 9
478 , 71.18 , 9
479 , 70.67 , 9
480 , 70.92 , 9
481 , 70.41 , 9
482 , 70.41 , 9
483 , 70.92 , 9
484 , 70.67 , 9
485 , 70.92 , 9
486 , 70.92 , 9
487 , 71.18 , 9
488 , 71.18 , 9
489 , 70.92 , 9
490 , 70.67 , 9
491 , 70.67 , 9
492 , 70.67 , 9
493 , 70.67 , 9
494 , 70.67 , 9
Going to Denaturing Temperature
495 , 70.41 , 10
496 , 79.60 , 10
497 , 81.39 , 10
498 , 83.43 , 10
499 , 85.21 , 10
500 , 86.49 , 10
501 , 87.76 , 10
502 , 89.30 , 10
503 , 91.08 , 10
504 , 92.10 , 10
505 , 93.38 , 10
506 , 94.40 , 10
Denaturing DNA Now
507 , 95.93 , 10
508 , 93.12 , 10
509 , 94.14 , 10
510 , 94.40 , 10
511 , 95.16 , 10
Going to Extension Temperature
512 , 95.42 , 10
513 , 85.72 , 10
514 , 81.39 , 10
515 , 76.54 , 10
516 , 72.20 , 10
517 , 68.63 , 10
Extending DNA Now
518 , 64.55 , 10
519 , 64.04 , 10
520 , 65.31 , 10
521 , 65.57 , 10
522 , 66.84 , 10
523 , 67.86 , 10
524 , 68.63 , 10
525 , 68.88 , 10
526 , 68.88 , 10
527 , 70.16 , 10
528 , 70.16 , 10
529 , 70.41 , 10
530 , 70.16 , 10
531 , 70.67 , 10
532 , 70.67 , 10
533 , 70.92 , 10
534 , 70.41 , 10
535 , 70.92 , 10
536 , 70.41 , 10
537 , 70.92 , 10
538 , 70.41 , 10
539 , 70.41 , 10
540 , 70.16 , 10
541 , 70.92 , 10
542 , 70.67 , 10
543 , 70.16 , 10
544 , 70.67 , 10
545 , 70.67 , 10
546 , 70.41 , 10
547 , 69.90 , 10
548 , 70.16 , 10
Going to Denaturing Temperature
549 , 69.90 , 11
550 , 78.83 , 11
551 , 81.39 , 11
552 , 82.66 , 11
553 , 83.94 , 11
554 , 85.21 , 11
555 , 86.74 , 11
556 , 88.53 , 11
557 , 90.06 , 11
558 , 90.83 , 11
559 , 92.10 , 11
560 , 93.63 , 11
561 , 94.65 , 11
Denaturing DNA Now
562 , 96.18 , 11
563 , 93.12 , 11
564 , 93.63 , 11
565 , 94.40 , 11
566 , 94.40 , 11
567 , 94.65 , 11
Going to Extension Temperature
568 , 95.16 , 11
569 , 84.70 , 11
570 , 80.62 , 11
571 , 76.03 , 11
572 , 71.69 , 11
573 , 67.86 , 11
Extending DNA Now
574 , 64.55 , 11
575 , 63.53 , 11
576 , 64.80 , 11
577 , 65.31 , 11
578 , 66.59 , 11
579 , 67.10 , 11
580 , 68.37 , 11
581 , 68.88 , 11
582 , 69.39 , 11
583 , 69.39 , 11
584 , 69.90 , 11
585 , 70.16 , 11
586 , 69.90 , 11
587 , 69.90 , 11
588 , 70.16 , 11
589 , 70.16 , 11
590 , 70.41 , 11
591 , 70.16 , 11
592 , 70.16 , 11
593 , 70.41 , 11
594 , 70.16 , 11
595 , 69.90 , 11
596 , 70.16 , 11
597 , 69.90 , 11
598 , 70.16 , 11
599 , 69.90 , 11
600 , 69.65 , 11
601 , 69.65 , 11
602 , 69.39 , 11
603 , 69.65 , 11
604 , 69.39 , 11
Going to Denaturing Temperature
605 , 69.39 , 12
606 , 78.83 , 12
607 , 80.62 , 12
608 , 82.41 , 12
609 , 83.68 , 12
610 , 84.96 , 12
611 , 86.49 , 12
612 , 87.76 , 12
613 , 88.79 , 12
614 , 90.57 , 12
615 , 91.85 , 12
616 , 92.61 , 12
617 , 93.63 , 12
618 , 95.16 , 12
Denaturing DNA Now
619 , 95.93 , 12
620 , 93.38 , 12
621 , 93.38 , 12
622 , 94.14 , 12
623 , 93.89 , 12
624 , 94.65 , 12
Going to Extension Temperature
625 , 94.40 , 12
626 , 84.96 , 12
627 , 80.11 , 12
628 , 75.77 , 12
629 , 71.18 , 12
630 , 67.61 , 12
Extending DNA Now
631 , 64.29 , 12
632 , 63.27 , 12
633 , 65.06 , 12
634 , 64.80 , 12
635 , 66.08 , 12
636 , 66.59 , 12
637 , 67.10 , 12
638 , 67.86 , 12
639 , 68.37 , 12
640 , 68.88 , 12
641 , 69.14 , 12
642 , 69.14 , 12
643 , 69.14 , 12
644 , 69.39 , 12
645 , 69.39 , 12
646 , 69.14 , 12
647 , 68.88 , 12
648 , 68.37 , 12
649 , 68.12 , 12
650 , 68.12 , 12
651 , 68.37 , 12
652 , 68.37 , 12
653 , 68.12 , 12
654 , 68.37 , 12
655 , 68.37 , 12
656 , 68.12 , 12
657 , 68.37 , 12
658 , 68.12 , 12
659 , 68.37 , 12
660 , 67.61 , 12
661 , 68.37 , 12
Going to Denaturing Temperature
662 , 68.37 , 13
663 , 77.81 , 13
664 , 80.11 , 13
665 , 81.39 , 13
666 , 82.66 , 13
667 , 83.68 , 13
668 , 85.47 , 13
669 , 87.00 , 13
670 , 88.53 , 13
671 , 89.55 , 13
672 , 90.83 , 13
673 , 91.59 , 13
674 , 92.87 , 13
675 , 93.89 , 13
676 , 94.65 , 13
Denaturing DNA Now
677 , 95.67 , 13
678 , 92.87 , 13
679 , 93.38 , 13
680 , 93.89 , 13
681 , 94.40 , 13
Going to Extension Temperature
682 , 94.14 , 13
683 , 84.96 , 13
684 , 80.62 , 13
685 , 75.52 , 13
686 , 71.43 , 13
687 , 67.35 , 13
Extending DNA Now
688 , 63.78 , 13
689 , 63.01 , 13
690 , 64.55 , 13
691 , 64.55 , 13
692 , 65.31 , 13
693 , 66.33 , 13
694 , 67.61 , 13
695 , 67.86 , 13
696 , 68.63 , 13
697 , 68.88 , 13
698 , 68.88 , 13
699 , 69.39 , 13
700 , 69.14 , 13
701 , 69.65 , 13
702 , 69.65 , 13
703 , 69.39 , 13
704 , 69.65 , 13
705 , 69.65 , 13
706 , 69.39 , 13
707 , 69.39 , 13
708 , 68.63 , 13
709 , 69.39 , 13
710 , 69.14 , 13
711 , 69.14 , 13
712 , 68.88 , 13
713 , 68.12 , 13
714 , 69.39 , 13
715 , 69.14 , 13
716 , 68.88 , 13
717 , 68.88 , 13
718 , 68.88 , 13
Going to Denaturing Temperature
719 , 69.14 , 14
720 , 78.07 , 14
721 , 79.60 , 14
722 , 82.15 , 14
723 , 83.43 , 14
724 , 84.19 , 14
725 , 85.98 , 14
726 , 87.25 , 14
727 , 88.53 , 14
728 , 90.06 , 14
729 , 91.59 , 14
730 , 92.87 , 14
731 , 93.12 , 14
732 , 94.14 , 14
Denaturing DNA Now
733 , 95.42 , 14
734 , 92.61 , 14
735 , 93.12 , 14
737 , 93.38 , 14
Going to Extension Temperature
738 , 93.63 , 14
739 , 83.68 , 14
740 , 79.85 , 14
741 , 75.26 , 14
742 , 70.92 , 14
743 , 67.10 , 14
Extending DNA Now
744 , 63.78 , 14
745 , 63.27 , 14
746 , 64.04 , 14
747 , 64.29 , 14
748 , 65.57 , 14
749 , 66.59 , 14
750 , 67.61 , 14
751 , 68.12 , 14
752 , 68.63 , 14
753 , 68.88 , 14
754 , 69.14 , 14
755 , 68.88 , 14
756 , 69.14 , 14
757 , 69.39 , 14
758 , 69.39 , 14
759 , 69.39 , 14
760 , 68.88 , 14
761 , 69.14 , 14
762 , 69.14 , 14
763 , 69.14 , 14
764 , 68.88 , 14
765 , 69.14 , 14
766 , 69.39 , 14
767 , 69.39 , 14
768 , 69.39 , 14
769 , 69.39 , 14
770 , 69.14 , 14
771 , 68.88 , 14
772 , 68.63 , 14
773 , 68.88 , 14
774 , 68.63 , 14
Going to Denaturing Temperature
775 , 68.63 , 15
776 , 77.81 , 15
777 , 80.11 , 15
778 , 81.39 , 15
779 , 82.41 , 15
780 , 84.19 , 15
781 , 85.72 , 15
782 , 87.00 , 15
783 , 88.27 , 15
784 , 89.30 , 15
785 , 90.57 , 15
786 , 91.59 , 15
787 , 92.87 , 15
788 , 94.14 , 15
Denaturing DNA Now
789 , 94.91 , 15
790 , 92.36 , 15
791 , 92.61 , 15
792 , 92.36 , 15
793 , 93.38 , 15
Going to Extension Temperature
794 , 93.12 , 15
795 , 83.68 , 15
796 , 79.09 , 15
797 , 75.01 , 15
798 , 70.67 , 15
799 , 67.35 , 15
Extending DNA Now
800 , 63.27 , 15
801 , 62.76 , 15
802 , 64.29 , 15
803 , 64.29 , 15
804 , 65.57 , 15
805 , 66.84 , 15
806 , 67.10 , 15
807 , 67.61 , 15
808 , 68.12 , 15
809 , 68.63 , 15
810 , 68.88 , 15
811 , 68.88 , 15
812 , 68.63 , 15
813 , 69.14 , 15
814 , 68.88 , 15
815 , 69.14 , 15
816 , 69.39 , 15
817 , 69.14 , 15
818 , 69.14 , 15
819 , 68.63 , 15
820 , 69.14 , 15
821 , 69.14 , 15
822 , 68.88 , 15
823 , 68.88 , 15
824 , 68.37 , 15
825 , 68.63 , 15
826 , 68.37 , 15
827 , 68.37 , 15
828 , 68.63 , 15
829 , 67.86 , 15
830 , 68.12 , 15
Going to Denaturing Temperature
831 , 68.12 , 16
832 , 77.81 , 16
833 , 79.60 , 16
834 , 81.13 , 16
835 , 81.90 , 16
836 , 83.43 , 16
837 , 85.21 , 16
838 , 85.98 , 16
839 , 87.00 , 16
840 , 88.02 , 16
841 , 89.30 , 16
842 , 90.32 , 16
843 , 91.34 , 16
844 , 92.87 , 16
845 , 93.38 , 16
846 , 94.40 , 16
Denaturing DNA Now
847 , 95.67 , 16
848 , 93.38 , 16
849 , 93.38 , 16
850 , 92.87 , 16
851 , 93.63 , 16
Going to Extension Temperature
852 , 93.38 , 16
853 , 83.94 , 16
854 , 79.60 , 16
855 , 74.75 , 16
856 , 70.41 , 16
857 , 66.84 , 16
Extending DNA Now
858 , 63.53 , 16
859 , 63.01 , 16
860 , 63.53 , 16
861 , 64.55 , 16
862 , 65.31 , 16
863 , 66.33 , 16
864 , 66.84 , 16
865 , 67.86 , 16
866 , 68.12 , 16
867 , 68.63 , 16
868 , 68.37 , 16
869 , 68.88 , 16
870 , 68.88 , 16
871 , 68.88 , 16
872 , 68.88 , 16
873 , 68.37 , 16
874 , 68.63 , 16
875 , 68.88 , 16
876 , 68.63 , 16
877 , 68.37 , 16
878 , 68.12 , 16
879 , 68.12 , 16
880 , 67.61 , 16
881 , 67.86 , 16
882 , 67.86 , 16
883 , 67.86 , 16
884 , 67.86 , 16
885 , 67.86 , 16
886 , 67.86 , 16
887 , 68.12 , 16
888 , 68.12 , 16
Going to Denaturing Temperature
889 , 67.86 , 17
890 , 77.56 , 17
891 , 79.85 , 17
892 , 81.39 , 17
893 , 82.41 , 17
894 , 83.94 , 17
895 , 85.21 , 17
896 , 86.74 , 17
897 , 87.76 , 17
898 , 89.55 , 17
899 , 90.32 , 17
900 , 91.08 , 17
901 , 92.10 , 17
902 , 92.87 , 17
903 , 93.63 , 17
904 , 93.63 , 17
905 , 95.67 , 17
Denaturing DNA Now
906 , 96.69 , 17
907 , 93.63 , 17
908 , 93.38 , 17
909 , 93.89 , 17
910 , 94.14 , 17
Going to Extension Temperature
911 , 94.14 , 17
912 , 84.45 , 17
913 , 80.11 , 17
914 , 75.52 , 17
915 , 71.18 , 17
916 , 67.35 , 17
Extending DNA Now
917 , 64.29 , 17
918 , 63.01 , 17
919 , 64.55 , 17
920 , 64.55 , 17
921 , 65.57 , 17
922 , 66.33 , 17
923 , 67.10 , 17
924 , 68.12 , 17
925 , 67.86 , 17
926 , 68.63 , 17
927 , 68.63 , 17
928 , 68.88 , 17
929 , 69.14 , 17
930 , 68.88 , 17
931 , 68.88 , 17
932 , 69.14 , 17
933 , 68.63 , 17
934 , 69.14 , 17
935 , 68.88 , 17
936 , 68.63 , 17
937 , 68.37 , 17
938 , 68.63 , 17
939 , 68.37 , 17
940 , 68.88 , 17
941 , 68.88 , 17
942 , 68.63 , 17
943 , 68.63 , 17
944 , 68.37 , 17
945 , 68.37 , 17
946 , 68.63 , 17
947 , 68.63 , 17
Going to Denaturing Temperature
948 , 68.37 , 18
949 , 77.81 , 18
950 , 80.11 , 18
951 , 81.13 , 18
952 , 82.15 , 18
953 , 83.17 , 18
954 , 84.45 , 18
955 , 85.72 , 18
956 , 86.74 , 18
957 , 87.76 , 18
958 , 88.79 , 18
959 , 90.57 , 18
960 , 91.08 , 18
961 , 92.36 , 18
962 , 93.12 , 18
963 , 93.63 , 18
964 , 94.40 , 18
Denaturing DNA Now
965 , 95.16 , 18
966 , 92.10 , 18
967 , 92.10 , 18
968 , 92.10 , 18
969 , 92.36 , 18
Going to Extension Temperature
970 , 92.61 , 18
971 , 82.92 , 18
972 , 78.58 , 18
973 , 73.99 , 18
974 , 69.90 , 18
Extending DNA Now
975 , 66.59 , 18
976 , 65.31 , 18
977 , 66.33 , 18
978 , 66.08 , 18
979 , 67.10 , 18
980 , 68.12 , 18
981 , 68.37 , 18
982 , 68.88 , 18
983 , 69.65 , 18
984 , 70.16 , 18
985 , 69.90 , 18
986 , 70.16 , 18
987 , 70.41 , 18
988 , 69.90 , 18
989 , 70.16 , 18
990 , 70.16 , 18
991 , 70.16 , 18
992 , 69.39 , 18
993 , 69.90 , 18
994 , 69.90 , 18
995 , 69.65 , 18
996 , 70.16 , 18
997 , 69.90 , 18
998 , 69.65 , 18
999 , 69.39 , 18
1000 , 69.39 , 18
1001 , 69.65 , 18
1002 , 69.39 , 18
1003 , 69.14 , 18
1004 , 69.14 , 18
1005 , 68.88 , 18
1006 , 69.14 , 18
Going to Denaturing Temperature
1007 , 68.88 , 19
1008 , 78.07 , 19
1009 , 80.37 , 19
1010 , 81.13 , 19
1011 , 82.66 , 19
1012 , 84.19 , 19
1013 , 85.47 , 19
1014 , 85.98 , 19
1015 , 87.76 , 19
1016 , 89.04 , 19
1017 , 89.81 , 19
1018 , 90.83 , 19
1019 , 91.34 , 19
1020 , 92.36 , 19
1021 , 93.12 , 19
1022 , 94.14 , 19
Denaturing DNA Now
1023 , 94.91 , 19
1024 , 92.61 , 19
1025 , 92.87 , 19
1026 , 92.61 , 19
1027 , 92.61 , 19
Going to Extension Temperature
1028 , 93.12 , 19
1029 , 83.68 , 19
1030 , 79.34 , 19
1031 , 75.01 , 19
1032 , 70.41 , 19
1033 , 66.84 , 19
Extending DNA Now
1034 , 63.53 , 19
1035 , 61.99 , 19
1036 , 64.04 , 19
1037 , 63.78 , 19
1038 , 65.06 , 19
1039 , 65.82 , 19
1040 , 66.33 , 19
1041 , 67.35 , 19
1042 , 67.61 , 19
1043 , 67.86 , 19
1044 , 67.86 , 19
1045 , 68.12 , 19
1046 , 68.37 , 19
1047 , 68.37 , 19
1048 , 68.37 , 19
1049 , 68.37 , 19
1050 , 68.88 , 19
1051 , 68.63 , 19
1052 , 68.88 , 19
1053 , 68.37 , 19
1054 , 68.37 , 19
1055 , 68.63 , 19
1056 , 68.37 , 19
1057 , 68.12 , 19
1058 , 67.86 , 19
1059 , 68.37 , 19
1060 , 68.63 , 19
1061 , 68.37 , 19
1062 , 67.86 , 19
1063 , 67.61 , 19
1064 , 67.86 , 19
Going to Denaturing Temperature
1065 , 68.12 , 20
1066 , 77.30 , 20
1067 , 79.34 , 20
1068 , 80.88 , 20
1069 , 82.15 , 20
1070 , 83.68 , 20
1071 , 84.45 , 20
1072 , 85.72 , 20
1073 , 86.49 , 20
1074 , 87.25 , 20
1075 , 89.04 , 20
1076 , 89.81 , 20
1077 , 91.34 , 20
1078 , 92.10 , 20
1079 , 93.12 , 20
1080 , 93.38 , 20
1081 , 94.14 , 20
Denaturing DNA Now
1082 , 95.93 , 20
1083 , 92.87 , 20
1084 , 92.87 , 20
1085 , 93.12 , 20
1086 , 93.63 , 20
Going to Extension Temperature
1087 , 93.89 , 20
1088 , 84.19 , 20
1089 , 79.60 , 20
1090 , 75.26 , 20
1091 , 70.67 , 20
1092 , 66.84 , 20
Extending DNA Now
1093 , 63.53 , 20
1094 , 62.76 , 20
1095 , 63.78 , 20
1096 , 64.55 , 20
1097 , 65.31 , 20
1098 , 65.57 , 20
1099 , 66.59 , 20
1100 , 67.35 , 20
1101 , 67.86 , 20
1102 , 67.86 , 20
1103 , 67.86 , 20
1104 , 68.37 , 20
1105 , 68.63 , 20
1106 , 68.88 , 20
1107 , 68.37 , 20
1108 , 68.88 , 20
1109 , 68.37 , 20
1110 , 69.14 , 20
1111 , 68.63 , 20
1112 , 68.63 , 20
1113 , 68.63 , 20
1114 , 68.37 , 20
1115 , 67.86 , 20
1116 , 68.37 , 20
1117 , 68.12 , 20
1118 , 67.86 , 20
1119 , 67.86 , 20
1120 , 67.86 , 20
1121 , 67.61 , 20
1122 , 67.61 , 20
1123 , 67.35 , 20
Going to Denaturing Temperature
1124 , 67.61 , 21
1125 , 76.28 , 21
1126 , 79.09 , 21
1127 , 80.88 , 21
1128 , 81.39 , 21
1129 , 83.17 , 21
1130 , 84.45 , 21
1131 , 85.72 , 21
1132 , 86.49 , 21
1133 , 88.27 , 21
1134 , 89.04 , 21
1135 , 90.06 , 21
1136 , 91.34 , 21
1137 , 91.34 , 21
1138 , 92.87 , 21
1139 , 93.89 , 21
1140 , 94.65 , 21
Denaturing DNA Now
1141 , 94.91 , 21
1142 , 93.12 , 21
1143 , 93.38 , 21
1144 , 92.87 , 21
1145 , 93.63 , 21
Going to Extension Temperature
1146 , 93.38 , 21
1147 , 83.94 , 21
1148 , 79.85 , 21
1149 , 75.26 , 21
1150 , 71.18 , 21
1151 , 67.10 , 21
Extending DNA Now
1152 , 64.04 , 21
1153 , 63.01 , 21
1154 , 64.04 , 21
1155 , 64.29 , 21
1156 , 65.31 , 21
1157 , 66.33 , 21
1158 , 66.33 , 21
1159 , 66.84 , 21
1160 , 67.61 , 21
1161 , 67.86 , 21
1162 , 67.86 , 21
1163 , 68.12 , 21
1164 , 68.12 , 21
1165 , 68.12 , 21
1166 , 68.12 , 21
1167 , 68.12 , 21
1168 , 68.12 , 21
1169 , 68.37 , 21
1170 , 68.12 , 21
1171 , 67.86 , 21
1172 , 68.12 , 21
1173 , 67.35 , 21
1174 , 67.35 , 21
1175 , 66.59 , 21
1176 , 66.59 , 21
1177 , 66.59 , 21
1178 , 66.84 , 21
1179 , 66.84 , 21
1180 , 66.33 , 21
1181 , 66.33 , 21
1182 , 66.59 , 21
Going to Denaturing Temperature
1183 , 66.84 , 22
1184 , 75.77 , 22
1185 , 78.32 , 22
1186 , 79.85 , 22
1187 , 81.39 , 22
1188 , 82.66 , 22
1189 , 83.94 , 22
1190 , 85.21 , 22
1191 , 85.72 , 22
1192 , 87.76 , 22
1193 , 88.53 , 22
1194 , 89.55 , 22
1195 , 90.83 , 22
1196 , 91.85 , 22
1197 , 92.87 , 22
1198 , 93.38 , 22
1199 , 94.14 , 22
Denaturing DNA Now
1200 , 95.16 , 22
1201 , 92.36 , 22
1202 , 92.61 , 22
1203 , 92.87 , 22
1204 , 92.61 , 22
Going to Extension Temperature
1205 , 92.36 , 22
1206 , 83.43 , 22
1207 , 78.58 , 22
1208 , 74.50 , 22
1209 , 70.16 , 22
1210 , 66.33 , 22
Extending DNA Now
1211 , 62.50 , 22
1212 , 61.48 , 22
1213 , 63.01 , 22
1214 , 63.53 , 22
1215 , 64.29 , 22
1216 , 64.80 , 22
1217 , 65.57 , 22
1218 , 66.59 , 22
1219 , 66.59 , 22
1220 , 66.59 , 22
1221 , 67.10 , 22
1222 , 66.84 , 22
1223 , 67.10 , 22
1224 , 66.59 , 22
1225 , 66.84 , 22
1226 , 67.10 , 22
1227 , 67.35 , 22
1228 , 67.10 , 22
1229 , 66.59 , 22
1230 , 67.10 , 22
1231 , 67.10 , 22
1232 , 66.84 , 22
1233 , 67.35 , 22
1234 , 67.61 , 22
1235 , 67.61 , 22
1236 , 67.10 , 22
1237 , 67.35 , 22
1238 , 67.10 , 22
1239 , 67.10 , 22
1240 , 66.84 , 22
1241 , 66.59 , 22
Going to Denaturing Temperature
1242 , 66.33 , 23
1243 , 75.52 , 23
1244 , 78.32 , 23
1245 , 79.09 , 23
1246 , 81.13 , 23
1247 , 82.15 , 23
1248 , 83.17 , 23
1249 , 84.70 , 23
1250 , 85.98 , 23
1251 , 86.49 , 23
1252 , 88.02 , 23
1253 , 89.04 , 23
1254 , 89.81 , 23
1255 , 90.83 , 23
1256 , 92.10 , 23
1257 , 92.87 , 23
1258 , 93.89 , 23
1259 , 94.40 , 23
Denaturing DNA Now
1260 , 95.16 , 23
1261 , 92.61 , 23
1262 , 92.87 , 23
1263 , 92.87 , 23
1264 , 92.61 , 23
Going to Extension Temperature
1265 , 92.36 , 23
1266 , 83.17 , 23
1267 , 79.09 , 23
1268 , 73.99 , 23
1269 , 70.16 , 23
1270 , 66.33 , 23
Extending DNA Now
1271 , 63.27 , 23
1272 , 62.25 , 23
1273 , 63.53 , 23
1274 , 63.53 , 23
1275 , 64.80 , 23
1276 , 65.06 , 23
1277 , 66.33 , 23
1278 , 66.84 , 23
1279 , 66.59 , 23
1280 , 67.35 , 23
1281 , 67.61 , 23
1282 , 67.61 , 23
1283 , 67.61 , 23
1284 , 68.12 , 23
1285 , 68.12 , 23
1286 , 67.86 , 23
1287 , 67.86 , 23
1288 , 68.37 , 23
1289 , 68.37 , 23
1290 , 68.12 , 23
1291 , 67.35 , 23
1292 , 67.86 , 23
1293 , 67.35 , 23
1294 , 67.35 , 23
1295 , 67.35 , 23
1296 , 67.35 , 23
1297 , 67.10 , 23
1298 , 67.61 , 23
1299 , 67.61 , 23
1300 , 67.35 , 23
1301 , 67.10 , 23
Going to Denaturing Temperature
1302 , 67.35 , 24
1303 , 76.54 , 24
1304 , 78.07 , 24
1305 , 79.34 , 24
1306 , 80.88 , 24
1307 , 82.41 , 24
1308 , 84.45 , 24
1309 , 84.70 , 24
1310 , 86.49 , 24
1311 , 87.76 , 24
1312 , 89.04 , 24
1313 , 90.06 , 24
1314 , 91.08 , 24
1315 , 92.10 , 24
1316 , 92.87 , 24
1317 , 93.38 , 24
1318 , 94.91 , 24
Denaturing DNA Now
1319 , 94.91 , 24
1320 , 92.87 , 24
1321 , 92.36 , 24
1322 , 93.12 , 24
1323 , 92.87 , 24
Going to Extension Temperature
1324 , 92.61 , 24
1325 , 83.43 , 24
1326 , 79.34 , 24
1327 , 74.50 , 24
1328 , 69.65 , 24
Extending DNA Now
1329 , 66.08 , 24
1330 , 65.06 , 24
1331 , 66.08 , 24
1332 , 65.82 , 24
1333 , 66.59 , 24
1334 , 67.35 , 24
1335 , 68.12 , 24
1336 , 68.63 , 24
1337 , 68.63 , 24
1338 , 69.14 , 24
1339 , 69.39 , 24
1340 , 69.65 , 24
1341 , 69.65 , 24
1342 , 69.65 , 24
1343 , 69.39 , 24
1344 , 69.39 , 24
1345 , 69.65 , 24
1346 , 69.65 , 24
1347 , 69.65 , 24
1348 , 69.65 , 24
1349 , 69.39 , 24
1350 , 69.14 , 24
1351 , 68.63 , 24
1352 , 69.39 , 24
1353 , 69.39 , 24
1354 , 68.63 , 24
1355 , 69.14 , 24
1356 , 68.88 , 24
1357 , 69.14 , 24
1358 , 68.88 , 24
1359 , 69.14 , 24
Going to Denaturing Temperature
1360 , 68.63 , 25
1361 , 78.32 , 25
1362 , 79.85 , 25
1363 , 81.90 , 25
1364 , 82.66 , 25
1365 , 83.17 , 25
1366 , 85.21 , 25
1367 , 85.72 , 25
1368 , 87.00 , 25
1369 , 87.76 , 25
1370 , 88.53 , 25
1371 , 89.55 , 25
1372 , 90.57 , 25
1373 , 91.34 , 25
1374 , 92.10 , 25
1375 , 92.61 , 25
1376 , 93.63 , 25
1377 , 93.89 , 25
1378 , 94.65 , 25
Denaturing DNA Now
1379 , 95.42 , 25
1380 , 91.85 , 25
1381 , 92.36 , 25
1382 , 92.10 , 25
1383 , 92.36 , 25
Going to Extension Temperature
1384 , 92.36 , 25
1385 , 82.66 , 25
1386 , 78.58 , 25
1387 , 73.99 , 25
1388 , 69.65 , 25
Extending DNA Now
1389 , 65.57 , 25
1390 , 65.06 , 25
1391 , 65.06 , 25
1392 , 65.82 , 25
1393 , 66.33 , 25
1394 , 66.84 , 25
1395 , 67.86 , 25
1396 , 68.37 , 25
1397 , 68.37 , 25
1398 , 68.63 , 25
1399 , 68.37 , 25
1400 , 68.37 , 25
1401 , 68.37 , 25
1402 , 68.63 , 25
1403 , 68.37 , 25
1404 , 68.37 , 25
1405 , 68.63 , 25
1406 , 68.63 , 25
1407 , 67.86 , 25
1408 , 68.37 , 25
1409 , 67.86 , 25
1410 , 68.12 , 25
1411 , 68.12 , 25
1412 , 67.86 , 25
1413 , 67.35 , 25
1414 , 67.61 , 25
1415 , 67.86 , 25
1416 , 67.61 , 25
1417 , 67.35 , 25
1418 , 67.86 , 25
1419 , 67.61 , 25
Going to Denaturing Temperature
1420 , 67.61 , 26
1421 , 75.77 , 26
1422 , 78.58 , 26
1423 , 80.11 , 26
1424 , 81.39 , 26
1425 , 82.66 , 26
1426 , 83.43 , 26
1427 , 84.96 , 26
1428 , 85.98 , 26
1429 , 86.74 , 26
1430 , 88.02 , 26
1431 , 89.04 , 26
1432 , 89.55 , 26
1433 , 90.57 , 26
1434 , 91.08 , 26
1435 , 91.85 , 26
1436 , 92.87 , 26
1437 , 93.63 , 26
1438 , 94.14 , 26
Denaturing DNA Now
1439 , 94.91 , 26
1440 , 91.59 , 26
1441 , 91.59 , 26
1442 , 91.85 , 26
1443 , 91.59 , 26
Going to Extension Temperature
1444 , 91.85 , 26
1445 , 81.90 , 26
1446 , 77.81 , 26
1447 , 73.48 , 26
1448 , 69.14 , 26
Extending DNA Now
1449 , 65.57 , 26
1450 , 64.55 , 26
1451 , 64.80 , 26
1452 , 64.80 , 26
1453 , 65.82 , 26
1454 , 65.82 , 26
1455 , 66.84 , 26
1456 , 66.59 , 26
1457 , 67.10 , 26
1458 , 67.35 , 26
1459 , 67.10 , 26
1460 , 67.10 , 26
1461 , 67.35 , 26
1462 , 67.35 , 26
1463 , 66.84 , 26
1464 , 66.84 , 26
1465 , 66.59 , 26
1466 , 67.10 , 26
1467 , 66.08 , 26
1468 , 66.08 , 26
1469 , 65.82 , 26
1470 , 65.57 , 26
1471 , 65.57 , 26
1472 , 65.31 , 26
1473 , 65.31 , 26
1474 , 65.06 , 26
1475 , 64.55 , 26
1476 , 64.29 , 26
1477 , 64.55 , 26
1478 , 64.55 , 26
1479 , 64.80 , 26
Going to Denaturing Temperature
1480 , 64.80 , 27
1481 , 73.73 , 27
1482 , 76.54 , 27
1483 , 77.81 , 27
1484 , 78.83 , 27
1485 , 80.37 , 27
1486 , 81.64 , 27
1487 , 83.94 , 27
1488 , 84.19 , 27
1489 , 85.47 , 27
1490 , 85.72 , 27
1491 , 87.25 , 27
1492 , 87.76 , 27
1493 , 88.53 , 27
1494 , 89.30 , 27
1495 , 90.06 , 27
1496 , 91.08 , 27
1497 , 91.34 , 27
1498 , 92.10 , 27
1499 , 92.87 , 27
1500 , 93.12 , 27
1501 , 94.14 , 27
Denaturing DNA Now
1502 , 94.65 , 27
1503 , 92.10 , 27
1504 , 92.10 , 27
1505 , 92.10 , 27
1506 , 91.85 , 27
Going to Extension Temperature
1508 , 91.85 , 27
1509 , 82.66 , 27
1510 , 78.07 , 27
1511 , 72.97 , 27
1512 , 68.88 , 27
Extending DNA Now
1513 , 65.06 , 27
1514 , 63.78 , 27
1515 , 64.55 , 27
1516 , 64.80 , 27
1517 , 65.31 , 27
1518 , 65.82 , 27
1519 , 66.84 , 27
1520 , 66.33 , 27
1521 , 67.35 , 27
1522 , 67.61 , 27
1523 , 67.10 , 27
1524 , 67.10 , 27
1525 , 66.84 , 27
1526 , 67.35 , 27
1527 , 66.84 , 27
1528 , 67.10 , 27
1529 , 67.10 , 27
1530 , 67.35 , 27
1531 , 66.84 , 27
1532 , 67.10 , 27
1533 , 66.84 , 27
1534 , 67.10 , 27
1535 , 66.84 , 27
1536 , 66.59 , 27
1537 , 66.59 , 27
1538 , 66.59 , 27
1539 , 66.08 , 27
1540 , 66.59 , 27
1541 , 66.08 , 27
1542 , 66.33 , 27
1543 , 66.08 , 27
Going to Denaturing Temperature
1544 , 65.82 , 28
1545 , 74.75 , 28
1546 , 77.05 , 28
1547 , 78.07 , 28
1548 , 79.34 , 28
1549 , 80.88 , 28
1550 , 81.64 , 28
1551 , 83.17 , 28
1552 , 84.45 , 28
1553 , 84.96 , 28
1554 , 86.23 , 28
1555 , 87.51 , 28
1556 , 88.53 , 28
1557 , 89.30 , 28
1558 , 89.55 , 28
1559 , 90.57 , 28
1560 , 91.34 , 28
1561 , 92.10 , 28
1562 , 92.61 , 28
1563 , 92.87 , 28
1564 , 93.63 , 28
1565 , 94.65 , 28
Denaturing DNA Now
1566 , 94.91 , 28
1567 , 92.36 , 28
1568 , 91.85 , 28
1569 , 91.85 , 28
1570 , 92.10 , 28
Going to Extension Temperature
1571 , 91.85 , 28
1572 , 82.66 , 28
1573 , 78.32 , 28
1574 , 73.99 , 28
1575 , 69.14 , 28
Extending DNA Now
1576 , 65.82 , 28
1577 , 64.29 , 28
1578 , 65.82 , 28
1579 , 65.82 , 28
1580 , 66.33 , 28
1581 , 66.84 , 28
1582 , 67.86 , 28
1583 , 67.61 , 28
1584 , 68.37 , 28
1585 , 68.12 , 28
1586 , 68.88 , 28
1587 , 68.63 , 28
1588 , 68.37 , 28
1589 , 68.63 , 28
1590 , 68.63 , 28
1591 , 67.61 , 28
1592 , 68.12 , 28
1593 , 68.12 , 28
1594 , 67.86 , 28
1595 , 67.86 , 28
1596 , 67.61 , 28
1597 , 67.86 , 28
1598 , 68.12 , 28
1599 , 67.35 , 28
1600 , 67.61 , 28
1601 , 67.61 , 28
1602 , 67.10 , 28
1603 , 67.35 , 28
1604 , 67.10 , 28
1605 , 67.10 , 28
1606 , 66.59 , 28
Going to Denaturing Temperature
1607 , 66.59 , 29
1608 , 75.77 , 29
1609 , 77.81 , 29
1610 , 79.09 , 29
1611 , 80.37 , 29
1612 , 80.88 , 29
1613 , 82.66 , 29
1614 , 83.94 , 29
1615 , 84.96 , 29
1616 , 85.72 , 29
1617 , 87.00 , 29
1618 , 87.51 , 29
1619 , 89.04 , 29
1620 , 89.55 , 29
1621 , 90.06 , 29
1622 , 91.59 , 29
1623 , 91.85 , 29
1624 , 92.36 , 29
1625 , 93.38 , 29
1626 , 93.89 , 29
1627 , 94.40 , 29
Denaturing DNA Now
1628 , 95.16 , 29
1629 , 92.36 , 29
1630 , 91.85 , 29
1631 , 91.08 , 29
1632 , 91.08 , 29
Going to Extension Temperature
1633 , 90.57 , 29
1634 , 81.13 , 29
1635 , 77.56 , 29
1636 , 72.46 , 29
1637 , 68.63 , 29
Extending DNA Now
1638 , 65.31 , 29
1639 , 64.55 , 29
1640 , 64.29 , 29
1641 , 64.80 , 29
1642 , 65.57 , 29
1643 , 66.08 , 29
1644 , 66.33 , 29
1645 , 66.33 , 29
1646 , 67.10 , 29
1647 , 67.35 , 29
1648 , 67.35 , 29
1649 , 66.84 , 29
1650 , 67.10 , 29
1651 , 67.35 , 29
1652 , 67.10 , 29
1653 , 66.08 , 29
1654 , 66.84 , 29
1655 , 66.08 , 29
1656 , 66.08 , 29
1657 , 66.08 , 29
1658 , 65.82 , 29
1659 , 65.82 , 29
1660 , 65.57 , 29
1661 , 65.82 , 29
1662 , 65.82 , 29
1663 , 65.57 , 29
1664 , 65.31 , 29
1665 , 65.82 , 29
1666 , 65.57 , 29
1667 , 65.31 , 29
1668 , 65.31 , 29
Going to Denaturing Temperature
1669 , 65.57 , 30
1670 , 74.24 , 30
1671 , 76.79 , 30
1672 , 78.07 , 30
1673 , 79.09 , 30
1674 , 80.62 , 30
1675 , 81.64 , 30
1676 , 82.92 , 30
1677 , 83.68 , 30
1678 , 84.70 , 30
1679 , 85.72 , 30
1680 , 86.49 , 30
1681 , 86.49 , 30
1682 , 88.27 , 30
1683 , 88.79 , 30
1684 , 89.30 , 30
1685 , 90.32 , 30
1686 , 91.08 , 30
1687 , 91.85 , 30
1688 , 92.10 , 30
1689 , 93.12 , 30
1690 , 94.14 , 30
Denaturing DNA Now
1691 , 94.40 , 30
1692 , 91.34 , 30
1693 , 91.59 , 30
1694 , 91.59 , 30
1695 , 91.59 , 30
Going to Extension Temperature
1696 , 91.85 , 30
1697 , 82.41 , 30
1698 , 77.81 , 30
1699 , 73.48 , 30
1700 , 68.88 , 30
Extending DNA Now
1701 , 65.57 , 30
1702 , 64.55 , 30
1703 , 65.06 , 30
1704 , 65.06 , 30
1705 , 65.82 , 30
1706 , 66.33 , 30
1707 , 67.10 , 30
1708 , 67.35 , 30
1709 , 67.35 , 30
1710 , 67.35 , 30
1711 , 67.86 , 30
1712 , 68.12 , 30
1713 , 67.35 , 30
1714 , 68.12 , 30
1715 , 68.12 , 30
1716 , 68.12 , 30
1717 , 67.35 , 30
1718 , 67.10 , 30
1719 , 67.35 , 30
1720 , 67.35 , 30
1721 , 67.10 , 30
1722 , 66.84 , 30
1723 , 67.10 , 30
1724 , 66.59 , 30
1725 , 67.10 , 30
1726 , 66.33 , 30
1727 , 66.33 , 30
1728 , 66.08 , 30
1729 , 66.08 , 30
1730 , 66.59 , 30
1731 , 66.33 , 30
1732 , 66.08 , 31
1733 , 66.08 , 31
1734 , 65.82 , 31
1735 , 65.57 , 31
1736 , 65.57 , 31
1737 , 65.57 , 31
1738 , 65.57 , 31
1739 , 65.82 , 31
1740 , 65.82 , 31
1741 , 65.57 , 31
1742 , 65.31 , 31
1743 , 65.57 , 31
1744 , 65.06 , 31
1745 , 65.31 , 31
1746 , 65.57 , 31
1747 , 65.57 , 31
1748 , 65.31 , 31
1749 , 65.06 , 31
1750 , 65.06 , 31
1751 , 64.55 , 31
1752 , 64.29 , 31
1753 , 64.29 , 31
1754 , 64.80 , 31
1755 , 64.29 , 31
1756 , 64.04 , 31
1757 , 64.04 , 31
1758 , 64.04 , 31
1759 , 64.29 , 31
1760 , 64.29 , 31
1761 , 63.78 , 31
1762 , 64.29 , 31
1763 , 64.29 , 31
1764 , 64.29 , 31
1765 , 64.29 , 31
1766 , 64.55 , 31
1767 , 64.04 , 31
1768 , 63.78 , 31
1769 , 64.29 , 31
1770 , 63.53 , 31
1771 , 64.04 , 31
1772 , 64.04 , 31
1773 , 63.78 , 31
1774 , 63.53 , 31
1775 , 63.78 , 31
1776 , 63.53 , 31
1777 , 63.53 , 31
1778 , 63.53 , 31
1779 , 63.78 , 31
1780 , 63.53 , 31
1781 , 63.01 , 31
1782 , 63.53 , 31
1783 , 63.53 , 31
1784 , 63.78 , 31
1785 , 63.53 , 31
1786 , 63.27 , 31
1787 , 63.01 , 31
1788 , 63.01 , 31
1789 , 62.76 , 31
1790 , 63.01 , 31
1791 , 63.01 , 31
1792 , 63.01 , 31
1793 , 63.27 , 31
1794 , 63.27 , 31
1795 , 62.76 , 31
1796 , 63.01 , 31
1797 , 62.76 , 31
1798 , 63.01 , 31
1799 , 63.01 , 31
1800 , 62.76 , 31
1801 , 63.27 , 31
1802 , 62.50 , 31
1803 , 62.76 , 31
1804 , 62.50 , 31
1805 , 63.27 , 31
1806 , 63.01 , 31
1807 , 63.27 , 31
