Please wait for the temperature to reach 95
0 , 23.98 , 0
1 , 23.98 , 0
2 , 23.98 , 0
3 , 25.00 , 0
4 , 27.04 , 0
5 , 30.61 , 0
6 , 33.16 , 0
7 , 35.71 , 0
8 , 52.04 , 0
9 , 63.53 , 0
10 , 50.51 , 0
11 , 64.80 , 0
12 , 69.90 , 0
13 , 75.77 , 0
14 , 80.11 , 0
15 , 81.39 , 0
16 , 83.43 , 0
17 , 85.21 , 0
18 , 86.49 , 0
19 , 88.79 , 0
20 , 89.81 , 0
21 , 90.06 , 0
22 , 91.34 , 0
23 , 92.61 , 0
24 , 94.14 , 0
Temperature has reached 95, please wait 60s for the initial denaturing to complete
25 , 95.67 , 0
26 , 91.59 , 0
Initial Denaturing has completed, Amplification Loop will start now
Going to Denaturing Temperature
27 , 92.61 , 1
28 , 98.74 , 1
Denaturing DNA Now
29 , 100.01 , 1
30 , 95.93 , 1
Going to Extension Temperature
31 , 96.18 , 1
32 , 81.90 , 1
33 , 77.81 , 1
34 , 76.54 , 1
35 , 73.99 , 1
36 , 71.43 , 1
37 , 67.61 , 1
38 , 64.29 , 1
39 , 60.46 , 1
40 , 57.40 , 1
Extending DNA Now
41 , 54.85 , 1
42 , 54.85 , 1
43 , 60.46 , 1
44 , 61.74 , 1
45 , 63.01 , 1
46 , 64.80 , 1
47 , 63.78 , 1
48 , 64.55 , 1
49 , 64.55 , 1
50 , 64.80 , 1
51 , 65.31 , 1
52 , 64.80 , 1
Going to Denaturing Temperature
53 , 65.31 , 2
54 , 81.64 , 2
55 , 83.17 , 2
56 , 84.70 , 2
57 , 86.23 , 2
58 , 88.79 , 2
59 , 90.83 , 2
60 , 93.12 , 2
61 , 95.16 , 2
Denaturing DNA Now
62 , 96.95 , 2
63 , 92.36 , 2
Going to Extension Temperature
64 , 93.38 , 2
65 , 78.32 , 2
66 , 73.99 , 2
67 , 71.18 , 2
68 , 67.86 , 2
69 , 64.80 , 2
70 , 61.74 , 2
71 , 58.93 , 2
Extending DNA Now
72 , 56.89 , 2
73 , 57.91 , 2
74 , 63.01 , 2
75 , 64.04 , 2
76 , 63.78 , 2
77 , 64.04 , 2
78 , 65.57 , 2
79 , 66.33 , 2
80 , 66.59 , 2
81 , 67.10 , 2
82 , 66.84 , 2
83 , 67.10 , 2
Going to Denaturing Temperature
84 , 67.61 , 3
85 , 85.21 , 3
86 , 87.00 , 3
87 , 88.27 , 3
88 , 89.81 , 3
89 , 91.34 , 3
90 , 93.63 , 3
91 , 95.42 , 3
Denaturing DNA Now
92 , 96.95 , 3
93 , 93.63 , 3
Going to Extension Temperature
94 , 94.91 , 3
95 , 77.30 , 3
96 , 73.99 , 3
97 , 69.90 , 3
98 , 66.59 , 3
99 , 63.78 , 3
100 , 60.97 , 3
101 , 58.68 , 3
Extending DNA Now
102 , 56.64 , 3
103 , 57.40 , 3
104 , 63.53 , 3
105 , 65.31 , 3
106 , 64.80 , 3
107 , 65.31 , 3
108 , 66.59 , 3
109 , 67.10 , 3
110 , 66.84 , 3
111 , 67.10 , 3
112 , 67.35 , 3
113 , 67.61 , 3
Going to Denaturing Temperature
114 , 68.12 , 4
115 , 87.51 , 4
116 , 89.55 , 4
117 , 90.57 , 4
118 , 92.61 , 4
119 , 94.40 , 4
Denaturing DNA Now
120 , 97.20 , 4
121 , 92.61 , 4
Going to Extension Temperature
122 , 93.63 , 4
123 , 75.26 , 4
124 , 71.18 , 4
125 , 68.12 , 4
126 , 64.55 , 4
127 , 62.25 , 4
128 , 59.70 , 4
Extending DNA Now
129 , 57.15 , 4
130 , 59.19 , 4
131 , 64.55 , 4
132 , 65.82 , 4
133 , 65.06 , 4
134 , 65.57 , 4
135 , 65.57 , 4
136 , 66.84 , 4
137 , 67.10 , 4
138 , 67.61 , 4
139 , 67.61 , 4
140 , 67.61 , 4
Going to Denaturing Temperature
141 , 67.61 , 5
142 , 87.00 , 5
143 , 89.04 , 5
144 , 89.81 , 5
145 , 91.85 , 5
146 , 94.40 , 5
Denaturing DNA Now
147 , 96.18 , 5
148 , 90.83 , 5
Going to Extension Temperature
149 , 92.61 , 5
150 , 75.01 , 5
151 , 71.43 , 5
152 , 67.86 , 5
153 , 65.06 , 5
154 , 61.99 , 5
155 , 59.44 , 5
Extending DNA Now
156 , 56.89 , 5
157 , 58.68 , 5
158 , 64.29 , 5
159 , 65.82 , 5
160 , 65.06 , 5
161 , 65.31 , 5
162 , 66.33 , 5
163 , 67.10 , 5
164 , 67.61 , 5
165 , 68.12 , 5
166 , 68.12 , 5
167 , 68.12 , 5
Going to Denaturing Temperature
168 , 67.86 , 6
169 , 88.02 , 6
170 , 89.04 , 6
171 , 90.83 , 6
172 , 92.61 , 6
173 , 93.38 , 6
174 , 95.16 , 6
Denaturing DNA Now
175 , 98.23 , 6
176 , 92.87 , 6
Going to Extension Temperature
177 , 94.14 , 6
178 , 77.05 , 6
179 , 72.71 , 6
180 , 69.39 , 6
181 , 66.59 , 6
182 , 63.53 , 6
183 , 60.97 , 6
184 , 57.91 , 6
Extending DNA Now
185 , 56.38 , 6
186 , 57.66 , 6
187 , 63.01 , 6
188 , 64.80 , 6
189 , 63.53 , 6
190 , 64.80 , 6
191 , 66.08 , 6
192 , 66.33 , 6
193 , 67.10 , 6
194 , 67.10 , 6
195 , 67.61 , 6
196 , 67.10 , 6
Going to Denaturing Temperature
197 , 66.84 , 7
198 , 86.49 , 7
199 , 87.76 , 7
200 , 89.30 , 7
201 , 90.83 , 7
202 , 93.12 , 7
203 , 94.40 , 7
Denaturing DNA Now
204 , 97.20 , 7
205 , 92.61 , 7
Going to Extension Temperature
206 , 93.12 , 7
207 , 76.28 , 7
208 , 72.46 , 7
209 , 68.88 , 7
210 , 65.57 , 7
211 , 62.50 , 7
212 , 60.21 , 7
213 , 57.91 , 7
Extending DNA Now
214 , 55.36 , 7
215 , 56.89 , 7
216 , 62.76 , 7
217 , 64.04 , 7
218 , 62.76 , 7
219 , 64.55 , 7
220 , 65.57 , 7
221 , 65.82 , 7
222 , 66.33 , 7
223 , 66.08 , 7
224 , 67.35 , 7
225 , 66.84 , 7
Going to Denaturing Temperature
226 , 66.59 , 8
227 , 86.74 , 8
228 , 87.25 , 8
229 , 88.53 , 8
230 , 91.34 , 8
231 , 92.61 , 8
232 , 94.91 , 8
Denaturing DNA Now
233 , 96.69 , 8
234 , 91.59 , 8
Going to Extension Temperature
235 , 93.38 , 8
236 , 76.03 , 8
237 , 72.20 , 8
238 , 68.63 , 8
239 , 64.80 , 8
240 , 62.50 , 8
241 , 59.95 , 8
Extending DNA Now
242 , 57.40 , 8
243 , 58.68 , 8
244 , 64.29 , 8
245 , 65.31 , 8
246 , 64.55 , 8
247 , 65.31 , 8
248 , 66.59 , 8
249 , 66.33 , 8
250 , 67.35 , 8
251 , 67.10 , 8
252 , 67.61 , 8
253 , 67.35 , 8
Going to Denaturing Temperature
254 , 67.35 , 9
255 , 87.00 , 9
256 , 87.51 , 9
257 , 89.30 , 9
258 , 90.32 , 9
259 , 92.36 , 9
260 , 94.65 , 9
Denaturing DNA Now
261 , 96.44 , 9
262 , 91.59 , 9
Going to Extension Temperature
263 , 93.12 , 9
264 , 76.28 , 9
265 , 72.46 , 9
266 , 68.88 , 9
267 , 65.82 , 9
268 , 62.50 , 9
269 , 59.70 , 9
Extending DNA Now
270 , 57.15 , 9
271 , 59.19 , 9
272 , 64.29 , 9
273 , 65.57 , 9
274 , 64.80 , 9
275 , 65.31 , 9
276 , 66.59 , 9
277 , 66.84 , 9
278 , 67.10 , 9
279 , 67.61 , 9
280 , 67.86 , 9
281 , 67.86 , 9
Going to Denaturing Temperature
282 , 67.86 , 10
283 , 86.49 , 10
284 , 88.02 , 10
285 , 89.30 , 10
286 , 91.08 , 10
287 , 93.12 , 10
288 , 95.42 , 10
Denaturing DNA Now
289 , 97.20 , 10
290 , 92.36 , 10
Going to Extension Temperature
291 , 93.89 , 10
292 , 76.54 , 10
293 , 72.97 , 10
294 , 69.39 , 10
295 , 66.08 , 10
296 , 62.76 , 10
297 , 60.46 , 10
298 , 58.17 , 10
Extending DNA Now
299 , 55.87 , 10
300 , 57.15 , 10
301 , 63.01 , 10
302 , 64.04 , 10
303 , 63.27 , 10
304 , 64.55 , 10
305 , 65.31 , 10
306 , 65.82 , 10
307 , 65.57 , 10
308 , 66.33 , 10
309 , 66.59 , 10
310 , 66.59 , 10
Going to Denaturing Temperature
311 , 66.59 , 11
312 , 85.98 , 11
313 , 87.51 , 11
314 , 88.53 , 11
315 , 90.57 , 11
316 , 92.36 , 11
317 , 94.40 , 11
Denaturing DNA Now
318 , 96.44 , 11
319 , 91.59 , 11
Going to Extension Temperature
320 , 92.61 , 11
321 , 75.52 , 11
322 , 71.69 , 11
323 , 68.12 , 11
324 , 65.06 , 11
325 , 62.25 , 11
326 , 59.44 , 11
Extending DNA Now
327 , 57.40 , 11
328 , 58.42 , 11
329 , 63.78 , 11
330 , 65.06 , 11
331 , 64.55 , 11
332 , 65.82 , 11
333 , 66.33 , 11
334 , 66.84 , 11
335 , 67.35 , 11
336 , 67.61 , 11
337 , 67.35 , 11
338 , 67.61 , 11
Going to Denaturing Temperature
339 , 67.61 , 12
340 , 87.00 , 12
341 , 88.27 , 12
342 , 89.04 , 12
343 , 91.34 , 12
344 , 92.87 , 12
345 , 95.16 , 12
Denaturing DNA Now
346 , 97.72 , 12
347 , 92.36 , 12
Going to Extension Temperature
348 , 93.63 , 12
349 , 76.28 , 12
350 , 71.95 , 12
351 , 68.88 , 12
352 , 65.57 , 12
353 , 62.50 , 12
354 , 59.95 , 12
Extending DNA Now
355 , 57.40 , 12
356 , 58.68 , 12
357 , 64.29 , 12
358 , 65.82 , 12
359 , 64.55 , 12
360 , 65.57 , 12
361 , 66.08 , 12
362 , 67.10 , 12
363 , 67.10 , 12
364 , 67.61 , 12
365 , 67.35 , 12
366 , 67.35 , 12
Going to Denaturing Temperature
367 , 67.61 , 13
368 , 87.25 , 13
369 , 88.53 , 13
370 , 89.04 , 13
371 , 91.59 , 13
372 , 93.38 , 13
373 , 95.42 , 13
Denaturing DNA Now
374 , 97.20 , 13
375 , 92.61 , 13
Going to Extension Temperature
376 , 93.38 , 13
377 , 76.79 , 13
378 , 72.46 , 13
379 , 68.88 , 13
380 , 66.08 , 13
381 , 62.50 , 13
382 , 60.21 , 13
383 , 57.66 , 13
Extending DNA Now
384 , 55.62 , 13
385 , 56.89 , 13
386 , 62.50 , 13
387 , 64.04 , 13
388 , 63.78 , 13
389 , 64.55 , 13
390 , 65.31 , 13
391 , 65.82 , 13
392 , 66.08 , 13
393 , 66.33 , 13
394 , 66.84 , 13
395 , 66.08 , 13
Going to Denaturing Temperature
396 , 66.84 , 14
397 , 86.23 , 14
398 , 87.25 , 14
399 , 89.04 , 14
400 , 91.08 , 14
401 , 92.61 , 14
402 , 95.16 , 14
Denaturing DNA Now
403 , 97.20 , 14
404 , 92.10 , 14
Going to Extension Temperature
405 , 93.12 , 14
406 , 75.52 , 14
407 , 71.69 , 14
408 , 68.37 , 14
409 , 64.55 , 14
410 , 62.25 , 14
411 , 59.19 , 14
Extending DNA Now
412 , 56.64 , 14
413 , 58.42 , 14
414 , 64.55 , 14
415 , 65.31 , 14
416 , 65.06 , 14
417 , 65.82 , 14
418 , 66.59 , 14
419 , 67.35 , 14
420 , 67.35 , 14
421 , 67.61 , 14
422 , 67.61 , 14
423 , 67.35 , 14
Going to Denaturing Temperature
424 , 67.61 , 15
425 , 87.00 , 15
426 , 88.27 , 15
427 , 89.81 , 15
428 , 91.85 , 15
429 , 93.63 , 15
430 , 95.67 , 15
Denaturing DNA Now
431 , 97.72 , 15
432 , 92.61 , 15
Going to Extension Temperature
433 , 93.38 , 15
434 , 76.54 , 15
435 , 71.95 , 15
436 , 68.88 , 15
437 , 65.82 , 15
438 , 62.25 , 15
439 , 59.70 , 15
Extending DNA Now
440 , 57.40 , 15
441 , 59.44 , 15
442 , 64.55 , 15
443 , 66.08 , 15
444 , 65.57 , 15
445 , 66.33 , 15
446 , 66.84 , 15
447 , 67.61 , 15
448 , 68.12 , 15
449 , 67.61 , 15
450 , 67.61 , 15
451 , 67.61 , 15
Going to Denaturing Temperature
452 , 67.86 , 16
453 , 87.25 , 16
454 , 88.53 , 16
455 , 89.55 , 16
456 , 92.10 , 16
457 , 94.14 , 16
Denaturing DNA Now
458 , 95.42 , 16
459 , 91.08 , 16
Going to Extension Temperature
460 , 92.36 , 16
461 , 74.50 , 16
462 , 71.18 , 16
463 , 66.84 , 16
464 , 64.29 , 16
465 , 61.23 , 16
466 , 58.93 , 16
Extending DNA Now
467 , 56.13 , 16
468 , 58.17 , 16
469 , 63.78 , 16
470 , 65.31 , 16
471 , 64.80 , 16
472 , 64.80 , 16
473 , 65.57 , 16
474 , 66.33 , 16
475 , 66.84 , 16
476 , 67.61 , 16
477 , 66.59 , 16
478 , 67.10 , 16
Going to Denaturing Temperature
479 , 66.84 , 17
480 , 87.25 , 17
481 , 88.02 , 17
482 , 89.55 , 17
483 , 91.34 , 17
484 , 93.89 , 17
485 , 96.18 , 17
Denaturing DNA Now
486 , 98.74 , 17
487 , 93.38 , 17
Going to Extension Temperature
488 , 94.40 , 17
489 , 76.28 , 17
490 , 72.20 , 17
491 , 68.88 , 17
492 , 65.06 , 17
493 , 62.76 , 17
494 , 59.95 , 17
Extending DNA Now
495 , 57.66 , 17
496 , 59.44 , 17
497 , 65.06 , 17
498 , 66.33 , 17
499 , 65.82 , 17
500 , 66.33 , 17
501 , 67.35 , 17
502 , 67.61 , 17
503 , 67.61 , 17
504 , 68.12 , 17
505 , 68.12 , 17
506 , 68.37 , 17
Going to Denaturing Temperature
507 , 68.37 , 18
508 , 88.79 , 18
509 , 90.32 , 18
510 , 91.34 , 18
511 , 93.63 , 18
512 , 95.67 , 18
Denaturing DNA Now
513 , 97.72 , 18
514 , 92.10 , 18
Going to Extension Temperature
515 , 93.63 , 18
516 , 75.01 , 18
517 , 70.92 , 18
518 , 67.35 , 18
519 , 64.55 , 18
520 , 61.74 , 18
521 , 58.68 , 18
Extending DNA Now
522 , 56.13 , 18
523 , 58.68 , 18
524 , 64.29 , 18
525 , 65.82 , 18
526 , 65.06 , 18
527 , 65.57 , 18
528 , 66.33 , 18
529 , 66.84 , 18
530 , 67.35 , 18
531 , 67.61 , 18
532 , 67.86 , 18
533 , 67.61 , 18
Going to Denaturing Temperature
534 , 67.10 , 19
535 , 88.02 , 19
536 , 89.55 , 19
537 , 90.83 , 19
538 , 92.61 , 19
539 , 94.40 , 19
Denaturing DNA Now
540 , 96.69 , 19
541 , 91.59 , 19
Going to Extension Temperature
542 , 92.87 , 19
543 , 73.73 , 19
544 , 70.16 , 19
545 , 66.84 , 19
546 , 63.78 , 19
547 , 60.72 , 19
548 , 58.17 , 19
Extending DNA Now
549 , 56.13 , 19
550 , 58.17 , 19
551 , 64.04 , 19
552 , 65.31 , 19
553 , 64.55 , 19
554 , 65.31 , 19
555 , 66.33 , 19
556 , 66.59 , 19
557 , 67.35 , 19
558 , 67.10 , 19
559 , 67.35 , 19
560 , 67.35 , 19
Going to Denaturing Temperature
561 , 66.84 , 20
562 , 88.02 , 20
563 , 89.30 , 20
564 , 90.32 , 20
565 , 91.85 , 20
566 , 94.40 , 20
Denaturing DNA Now
567 , 96.44 , 20
568 , 90.83 , 20
Going to Extension Temperature
569 , 91.85 , 20
570 , 73.73 , 20
571 , 69.39 , 20
572 , 66.08 , 20
573 , 63.27 , 20
574 , 60.21 , 20
575 , 57.66 , 20
Extending DNA Now
576 , 55.62 , 20
577 , 57.66 , 20
578 , 63.27 , 20
579 , 65.06 , 20
580 , 64.29 , 20
581 , 65.57 , 20
582 , 65.31 , 20
583 , 66.59 , 20
584 , 66.08 , 20
585 , 66.33 , 20
586 , 67.10 , 20
587 , 67.10 , 20
Going to Denaturing Temperature
588 , 66.08 , 21
589 , 87.76 , 21
590 , 88.53 , 21
591 , 90.32 , 21
592 , 91.85 , 21
593 , 94.14 , 21
Denaturing DNA Now
594 , 95.93 , 21
595 , 90.57 , 21
Going to Extension Temperature
596 , 91.59 , 21
597 , 73.48 , 21
598 , 69.39 , 21
599 , 65.82 , 21
600 , 62.76 , 21
601 , 60.21 , 21
602 , 57.66 , 21
Extending DNA Now
603 , 55.36 , 21
604 , 57.40 , 21
605 , 63.53 , 21
606 , 65.06 , 21
607 , 63.78 , 21
608 , 64.80 , 21
609 , 65.31 , 21
610 , 65.82 , 21
611 , 67.10 , 21
612 , 67.35 , 21
613 , 66.84 , 21
614 , 66.84 , 21
Going to Denaturing Temperature
615 , 67.10 , 22
616 , 87.51 , 22
617 , 88.53 , 22
618 , 90.32 , 22
619 , 92.61 , 22
620 , 94.40 , 22
Denaturing DNA Now
621 , 95.93 , 22
622 , 90.57 , 22
Going to Extension Temperature
623 , 91.85 , 22
624 , 73.48 , 22
625 , 69.39 , 22
626 , 66.33 , 22
627 , 62.76 , 22
628 , 60.21 , 22
629 , 57.66 , 22
Extending DNA Now
630 , 55.36 , 22
631 , 57.40 , 22
632 , 63.27 , 22
633 , 65.06 , 22
634 , 63.78 , 22
635 , 64.55 , 22
636 , 65.06 , 22
637 , 65.57 , 22
638 , 66.59 , 22
639 , 66.59 , 22
640 , 66.59 , 22
641 , 66.33 , 22
Going to Denaturing Temperature
642 , 66.33 , 23
643 , 87.25 , 23
644 , 88.79 , 23
645 , 90.06 , 23
646 , 92.10 , 23
647 , 93.89 , 23
648 , 95.16 , 23
Denaturing DNA Now
649 , 97.20 , 23
650 , 91.59 , 23
Going to Extension Temperature
651 , 92.87 , 23
652 , 74.24 , 23
653 , 70.16 , 23
654 , 66.59 , 23
655 , 63.53 , 23
656 , 60.72 , 23
657 , 58.42 , 23
Extending DNA Now
658 , 55.87 , 23
659 , 57.40 , 23
660 , 63.53 , 23
661 , 65.31 , 23
662 , 64.04 , 23
663 , 65.31 , 23
664 , 66.08 , 23
665 , 66.59 , 23
666 , 66.84 , 23
667 , 66.84 , 23
668 , 66.84 , 23
669 , 66.84 , 23
Going to Denaturing Temperature
670 , 66.59 , 24
671 , 87.76 , 24
672 , 89.04 , 24
673 , 90.57 , 24
674 , 92.10 , 24
675 , 93.89 , 24
676 , 95.42 , 24
Denaturing DNA Now
677 , 97.97 , 24
678 , 92.36 , 24
Going to Extension Temperature
679 , 93.12 , 24
680 , 74.50 , 24
681 , 69.90 , 24
682 , 67.10 , 24
683 , 64.04 , 24
684 , 60.46 , 24
685 , 58.42 , 24
Extending DNA Now
686 , 56.13 , 24
687 , 58.42 , 24
688 , 64.29 , 24
689 , 65.57 , 24
690 , 64.80 , 24
691 , 65.57 , 24
692 , 66.33 , 24
693 , 66.84 , 24
694 , 66.59 , 24
695 , 67.10 , 24
696 , 67.35 , 24
697 , 67.35 , 24
Going to Denaturing Temperature
698 , 67.35 , 25
699 , 88.02 , 25
700 , 89.30 , 25
701 , 90.83 , 25
702 , 92.36 , 25
703 , 94.91 , 25
Denaturing DNA Now
704 , 96.69 , 25
705 , 90.83 , 25
Going to Extension Temperature
706 , 92.61 , 25
707 , 73.22 , 25
708 , 69.65 , 25
709 , 65.57 , 25
710 , 62.50 , 25
711 , 60.21 , 25
712 , 57.91 , 25
Extending DNA Now
713 , 55.62 , 25
714 , 57.66 , 25
715 , 63.53 , 25
716 , 64.80 , 25
717 , 64.55 , 25
718 , 65.06 , 25
719 , 65.57 , 25
720 , 66.33 , 25
721 , 66.33 , 25
722 , 66.59 , 25
723 , 66.59 , 25
725 , 67.10 , 25
Going to Denaturing Temperature
726 , 66.59 , 26
727 , 88.02 , 26
728 , 89.04 , 26
729 , 90.57 , 26
730 , 92.10 , 26
731 , 93.63 , 26
732 , 96.18 , 26
Denaturing DNA Now
733 , 97.72 , 26
734 , 92.36 , 26
Going to Extension Temperature
735 , 93.12 , 26
736 , 74.24 , 26
737 , 70.67 , 26
738 , 67.10 , 26
739 , 63.53 , 26
740 , 61.23 , 26
741 , 58.42 , 26
Extending DNA Now
742 , 56.38 , 26
743 , 58.42 , 26
744 , 64.29 , 26
745 , 65.82 , 26
746 , 64.80 , 26
747 , 65.57 , 26
748 , 66.59 , 26
749 , 67.35 , 26
750 , 67.61 , 26
751 , 67.86 , 26
752 , 67.61 , 26
753 , 67.61 , 26
Going to Denaturing Temperature
754 , 67.61 , 27
755 , 88.53 , 27
756 , 90.06 , 27
757 , 91.08 , 27
758 , 92.87 , 27
759 , 94.65 , 27
Denaturing DNA Now
760 , 96.44 , 27
761 , 91.34 , 27
Going to Extension Temperature
762 , 91.59 , 27
763 , 72.71 , 27
764 , 68.88 , 27
765 , 65.82 , 27
766 , 62.50 , 27
767 , 59.19 , 27
Extending DNA Now
768 , 57.15 , 27
769 , 59.95 , 27
770 , 65.06 , 27
771 , 66.59 , 27
772 , 65.82 , 27
773 , 66.59 , 27
774 , 66.59 , 27
775 , 67.10 , 27
776 , 67.10 , 27
777 , 67.86 , 27
778 , 67.61 , 27
779 , 67.61 , 27
Going to Denaturing Temperature
780 , 67.10 , 28
781 , 88.27 , 28
782 , 89.04 , 28
783 , 90.83 , 28
784 , 92.87 , 28
785 , 94.40 , 28
Denaturing DNA Now
786 , 96.18 , 28
787 , 91.34 , 28
Going to Extension Temperature
788 , 91.85 , 28
789 , 73.48 , 28
790 , 69.14 , 28
791 , 65.82 , 28
792 , 63.01 , 28
793 , 60.21 , 28
794 , 57.66 , 28
Extending DNA Now
795 , 55.36 , 28
796 , 57.40 , 28
797 , 63.53 , 28
798 , 64.80 , 28
799 , 64.29 , 28
800 , 65.06 , 28
801 , 65.31 , 28
802 , 66.59 , 28
803 , 66.59 , 28
804 , 66.84 , 28
805 , 67.10 , 28
806 , 67.10 , 28
Going to Denaturing Temperature
807 , 66.84 , 29
808 , 88.53 , 29
809 , 89.30 , 29
810 , 90.57 , 29
811 , 92.10 , 29
812 , 94.40 , 29
Denaturing DNA Now
813 , 96.18 , 29
814 , 90.06 , 29
Going to Extension Temperature
815 , 91.59 , 29
816 , 73.22 , 29
817 , 69.14 , 29
818 , 65.31 , 29
819 , 62.50 , 29
820 , 59.70 , 29
Extending DNA Now
821 , 57.40 , 29
822 , 59.70 , 29
823 , 65.31 , 29
824 , 66.33 , 29
825 , 65.57 , 29
826 , 66.33 , 29
827 , 66.84 , 29
828 , 67.35 , 29
829 , 67.61 , 29
830 , 67.10 , 29
831 , 67.61 , 29
832 , 67.35 , 29
Going to Denaturing Temperature
833 , 67.10 , 30
834 , 88.02 , 30
835 , 89.81 , 30
836 , 90.83 , 30
837 , 92.61 , 30
838 , 94.40 , 30
Denaturing DNA Now
839 , 96.44 , 30
840 , 90.57 , 30
Going to Extension Temperature
841 , 92.10 , 30
842 , 73.48 , 30
843 , 69.39 , 30
844 , 66.33 , 30
845 , 63.01 , 30
846 , 60.21 , 30
847 , 57.15 , 30
Extending DNA Now
848 , 55.62 , 30
849 , 57.40 , 30
850 , 63.53 , 30
851 , 65.06 , 30
852 , 64.04 , 30
853 , 64.80 , 30
854 , 64.80 , 30
855 , 65.82 , 30
856 , 66.33 , 30
857 , 66.59 , 30
858 , 66.59 , 30
859 , 66.59 , 30
Process Ended, GoodBye