Please wait for the temperature to reach 95
0 , 46.69 , 0
1 , 45.15 , 0
2 , 52.04 , 0
3 , 46.94 , 0
4 , 57.66 , 0
5 , 60.21 , 0
6 , 62.76 , 0
7 , 65.06 , 0
8 , 76.54 , 0
9 , 87.00 , 0
10 , 86.23 , 0
11 , 72.71 , 0
12 , 79.34 , 0
13 , 81.39 , 0
14 , 82.92 , 0
15 , 84.45 , 0
16 , 78.07 , 0
17 , 84.96 , 0
18 , 94.40 , 0
Temperature has reached 95, please wait 60s for the initial denaturing to complete
19 , 90.32 , 0
20 , 87.25 , 0
21 , 87.00 , 0
22 , 90.06 , 0
23 , 92.10 , 0
24 , 89.81 , 0
25 , 90.06 , 0
26 , 91.85 , 0
27 , 92.87 , 0
28 , 94.14 , 0
29 , 94.91 , 0
30 , 92.36 , 0
31 , 92.87 , 0
32 , 95.16 , 0
33 , 95.42 , 0
34 , 94.14 , 0
35 , 93.63 , 0
36 , 93.38 , 0
37 , 93.12 , 0
38 , 95.16 , 0
39 , 96.18 , 0
40 , 94.14 , 0
41 , 94.14 , 0
42 , 93.63 , 0
43 , 93.63 , 0
44 , 95.93 , 0
45 , 95.93 , 0
46 , 94.14 , 0
47 , 94.65 , 0
48 , 94.14 , 0
49 , 93.89 , 0
50 , 93.89 , 0
51 , 93.63 , 0
52 , 95.93 , 0
53 , 96.44 , 0
54 , 94.65 , 0
55 , 94.40 , 0
56 , 94.40 , 0
57 , 93.63 , 0
58 , 93.89 , 0
59 , 93.38 , 0
60 , 95.93 , 0
61 , 96.44 , 0
62 , 94.65 , 0
63 , 94.40 , 0
64 , 94.91 , 0
65 , 94.40 , 0
66 , 94.14 , 0
67 , 94.14 , 0
68 , 93.38 , 0
69 , 93.38 , 0
70 , 95.93 , 0
71 , 96.95 , 0
72 , 95.16 , 0
73 , 94.40 , 0
74 , 94.65 , 0
75 , 93.63 , 0
76 , 93.89 , 0
77 , 93.63 , 0
78 , 96.69 , 0
79 , 96.44 , 0
80 , 95.16 , 0
Initial Denaturing has completed, Amplification Loop will start now
Going to Denaturing Temperature
Denaturing DNA Now
81 , 95.16 , 1
82 , 94.40 , 1
83 , 94.40 , 1
84 , 94.14 , 1
85 , 94.65 , 1
Going to Extension Temperature
86 , 94.40 , 1
87 , 87.51 , 1
88 , 84.96 , 1
89 , 82.41 , 1
90 , 80.11 , 1
91 , 78.07 , 1
92 , 76.03 , 1
93 , 74.50 , 1
94 , 72.46 , 1
95 , 71.43 , 1
96 , 69.65 , 1
97 , 67.35 , 1
98 , 66.33 , 1
99 , 65.31 , 1
100 , 63.01 , 1
101 , 62.25 , 1
102 , 61.48 , 1
103 , 60.21 , 1
104 , 59.19 , 1
Extending DNA Now
105 , 57.66 , 1
106 , 57.40 , 1
107 , 60.46 , 1
108 , 61.23 , 1
109 , 61.74 , 1
110 , 62.25 , 1
111 , 62.25 , 1
112 , 62.25 , 1
113 , 61.99 , 1
114 , 62.25 , 1
115 , 61.99 , 1
116 , 62.50 , 1
117 , 62.25 , 1
118 , 61.74 , 1
119 , 62.50 , 1
120 , 62.50 , 1
121 , 62.50 , 1
122 , 62.50 , 1
123 , 61.99 , 1
124 , 61.74 , 1
125 , 61.99 , 1
126 , 61.99 , 1
127 , 62.25 , 1
128 , 62.50 , 1
129 , 61.48 , 1
130 , 61.74 , 1
131 , 61.99 , 1
132 , 61.99 , 1
133 , 61.74 , 1
134 , 61.48 , 1
135 , 61.74 , 1
Going to Denaturing Temperature
136 , 61.74 , 2
137 , 69.65 , 2
138 , 71.95 , 2
139 , 73.73 , 2
140 , 76.28 , 2
141 , 78.32 , 2
142 , 80.62 , 2
143 , 82.41 , 2
144 , 84.45 , 2
145 , 85.72 , 2
146 , 87.51 , 2
147 , 88.79 , 2
148 , 90.32 , 2
149 , 91.85 , 2
150 , 93.12 , 2
151 , 94.14 , 2
Denaturing DNA Now
152 , 95.42 , 2
153 , 95.93 , 2
154 , 96.95 , 2
155 , 97.97 , 2
156 , 95.42 , 2
Going to Extension Temperature
157 , 94.91 , 2
158 , 87.76 , 2
159 , 84.45 , 2
160 , 82.15 , 2
161 , 79.34 , 2
162 , 77.30 , 2
163 , 75.01 , 2
164 , 72.97 , 2
165 , 71.43 , 2
166 , 69.65 , 2
167 , 67.61 , 2
168 , 66.08 , 2
169 , 64.55 , 2
170 , 62.76 , 2
171 , 61.99 , 2
172 , 60.72 , 2
173 , 59.70 , 2
Extending DNA Now
174 , 58.93 , 2
175 , 58.17 , 2
176 , 61.48 , 2
177 , 62.25 , 2
178 , 61.99 , 2
179 , 61.48 , 2
180 , 61.74 , 2
181 , 62.50 , 2
182 , 62.25 , 2
183 , 62.25 , 2
184 , 61.99 , 2
185 , 62.25 , 2
186 , 61.99 , 2
187 , 61.74 , 2
188 , 61.99 , 2
189 , 61.74 , 2
190 , 61.74 , 2
191 , 61.74 , 2
192 , 61.74 , 2
193 , 61.99 , 2
194 , 61.74 , 2
195 , 61.99 , 2
196 , 61.48 , 2
197 , 61.74 , 2
198 , 60.46 , 2
199 , 61.48 , 2
200 , 61.23 , 2
201 , 60.97 , 2
202 , 61.23 , 2
203 , 61.23 , 2
204 , 61.23 , 2
Going to Denaturing Temperature
205 , 61.23 , 3
206 , 69.14 , 3
207 , 71.18 , 3
208 , 73.48 , 3
209 , 75.52 , 3
210 , 77.81 , 3
211 , 79.60 , 3
212 , 81.64 , 3
213 , 83.43 , 3
214 , 84.70 , 3
215 , 86.74 , 3
216 , 87.76 , 3
217 , 89.30 , 3
218 , 90.57 , 3
219 , 91.85 , 3
220 , 92.87 , 3
221 , 94.14 , 3
Denaturing DNA Now
222 , 94.40 , 3
223 , 95.93 , 3
224 , 96.69 , 3
225 , 97.72 , 3
226 , 95.16 , 3
Going to Extension Temperature
227 , 95.42 , 3
228 , 87.51 , 3
229 , 84.19 , 3
230 , 81.64 , 3
231 , 79.34 , 3
232 , 77.05 , 3
233 , 74.50 , 3
234 , 72.97 , 3
235 , 71.18 , 3
236 , 69.39 , 3
237 , 67.86 , 3
238 , 66.33 , 3
239 , 65.06 , 3
240 , 63.27 , 3
241 , 62.50 , 3
242 , 61.23 , 3
243 , 59.95 , 3
Extending DNA Now
244 , 58.93 , 3
245 , 58.17 , 3
246 , 61.23 , 3
247 , 61.74 , 3
248 , 62.25 , 3
249 , 62.25 , 3
250 , 62.50 , 3
251 , 62.50 , 3
252 , 62.25 , 3
253 , 62.50 , 3
254 , 62.50 , 3
255 , 62.25 , 3
256 , 62.50 , 3
257 , 61.99 , 3
258 , 62.25 , 3
259 , 62.25 , 3
260 , 61.99 , 3
261 , 61.99 , 3
262 , 61.74 , 3
263 , 61.74 , 3
264 , 61.48 , 3
265 , 61.23 , 3
266 , 60.72 , 3
267 , 61.23 , 3
268 , 60.72 , 3
269 , 60.72 , 3
270 , 60.21 , 3
271 , 60.72 , 3
272 , 59.95 , 3
273 , 60.21 , 3
274 , 60.72 , 3
275 , 60.46 , 3
Going to Denaturing Temperature
276 , 61.23 , 4
277 , 68.37 , 4
278 , 70.67 , 4
279 , 72.71 , 4
280 , 74.75 , 4
281 , 76.54 , 4
282 , 78.32 , 4
283 , 80.62 , 4
284 , 81.90 , 4
285 , 83.43 , 4
286 , 85.21 , 4
287 , 86.23 , 4
288 , 87.51 , 4
289 , 88.79 , 4
290 , 90.06 , 4
291 , 90.57 , 4
292 , 91.59 , 4
293 , 92.61 , 4
294 , 94.14 , 4
Denaturing DNA Now
295 , 94.91 , 4
296 , 95.67 , 4
297 , 95.93 , 4
298 , 97.20 , 4
299 , 97.72 , 4
300 , 94.91 , 4
Going to Extension Temperature
301 , 94.91 , 4
302 , 87.25 , 4
303 , 84.19 , 4
304 , 81.64 , 4
305 , 78.83 , 4
306 , 76.54 , 4
307 , 74.75 , 4
308 , 72.71 , 4
309 , 70.92 , 4
310 , 69.39 , 4
311 , 67.61 , 4
312 , 66.33 , 4
313 , 64.80 , 4
314 , 63.53 , 4
315 , 61.99 , 4
316 , 60.72 , 4
317 , 59.70 , 4
Extending DNA Now
318 , 58.68 , 4
319 , 57.91 , 4
320 , 60.46 , 4
321 , 61.74 , 4
322 , 61.99 , 4
323 , 61.74 , 4
324 , 62.25 , 4
325 , 62.25 , 4
326 , 61.99 , 4
327 , 61.23 , 4
328 , 61.48 , 4
329 , 61.48 , 4
330 , 61.48 , 4
331 , 61.23 , 4
332 , 61.23 , 4
333 , 60.97 , 4
334 , 60.97 , 4
335 , 60.97 , 4
336 , 60.72 , 4
337 , 60.46 , 4
338 , 60.46 , 4
339 , 60.21 , 4
340 , 60.46 , 4
341 , 59.95 , 4
342 , 59.95 , 4
343 , 60.72 , 4
344 , 60.72 , 4
345 , 60.72 , 4
346 , 60.46 , 4
347 , 60.72 , 4
348 , 60.46 , 4
Going to Denaturing Temperature
349 , 60.46 , 5
350 , 68.12 , 5
351 , 70.41 , 5
352 , 72.20 , 5
353 , 74.50 , 5
354 , 76.03 , 5
355 , 78.32 , 5
356 , 79.60 , 5
357 , 81.39 , 5
358 , 82.92 , 5
359 , 84.45 , 5
360 , 85.98 , 5
361 , 87.00 , 5
362 , 88.53 , 5
363 , 89.30 , 5
364 , 90.32 , 5
365 , 90.83 , 5
366 , 92.36 , 5
367 , 93.12 , 5
368 , 94.40 , 5
Denaturing DNA Now
369 , 94.65 , 5
370 , 95.42 , 5
371 , 95.93 , 5
372 , 96.18 , 5
373 , 97.46 , 5
374 , 94.40 , 5
Going to Extension Temperature
375 , 93.89 , 5
376 , 86.49 , 5
377 , 83.17 , 5
378 , 81.13 , 5
379 , 78.32 , 5
380 , 76.28 , 5
381 , 73.48 , 5
382 , 72.20 , 5
383 , 70.41 , 5
384 , 68.63 , 5
385 , 67.35 , 5
386 , 65.82 , 5
387 , 64.29 , 5
388 , 63.01 , 5
389 , 61.23 , 5
390 , 59.95 , 5
Extending DNA Now
391 , 59.19 , 5
392 , 58.42 , 5
393 , 61.74 , 5
394 , 62.50 , 5
395 , 62.50 , 5
396 , 61.99 , 5
397 , 61.99 , 5
398 , 61.48 , 5
399 , 61.74 , 5
400 , 61.99 , 5
401 , 61.48 , 5
402 , 61.48 , 5
403 , 61.74 , 5
404 , 60.97 , 5
405 , 60.97 , 5
406 , 61.48 , 5
407 , 61.48 , 5
408 , 61.23 , 5
409 , 60.97 , 5
410 , 60.97 , 5
411 , 60.97 , 5
412 , 60.72 , 5
413 , 60.46 , 5
414 , 60.46 , 5
415 , 59.95 , 5
416 , 59.70 , 5
417 , 60.21 , 5
418 , 60.97 , 5
419 , 60.46 , 5
420 , 60.46 , 5
421 , 60.97 , 5
Going to Denaturing Temperature
422 , 60.21 , 6
423 , 68.37 , 6
424 , 69.39 , 6
425 , 72.20 , 6
426 , 73.99 , 6
427 , 75.77 , 6
428 , 78.07 , 6
429 , 79.09 , 6
430 , 81.64 , 6
431 , 83.43 , 6
432 , 84.45 , 6
433 , 86.49 , 6
434 , 87.51 , 6
435 , 88.53 , 6
436 , 89.55 , 6
437 , 90.57 , 6
438 , 91.34 , 6
439 , 92.36 , 6
440 , 93.12 , 6
441 , 94.40 , 6
Denaturing DNA Now
442 , 95.16 , 6
443 , 95.93 , 6
444 , 96.44 , 6
445 , 97.97 , 6
446 , 95.16 , 6
Going to Extension Temperature
447 , 94.91 , 6
448 , 87.25 , 6
449 , 84.45 , 6
450 , 81.39 , 6
451 , 79.34 , 6
452 , 76.79 , 6
453 , 75.01 , 6
454 , 72.97 , 6
455 , 71.18 , 6
456 , 69.39 , 6
457 , 67.86 , 6
458 , 66.33 , 6
459 , 64.55 , 6
460 , 63.53 , 6
461 , 61.99 , 6
462 , 60.72 , 6
463 , 59.70 , 6
Extending DNA Now
464 , 58.93 , 6
465 , 58.42 , 6
466 , 61.48 , 6
467 , 61.48 , 6
468 , 61.99 , 6
469 , 62.76 , 6
470 , 62.76 , 6
471 , 62.25 , 6
472 , 62.25 , 6
473 , 62.25 , 6
474 , 61.74 , 6
475 , 61.74 , 6
476 , 61.74 , 6
477 , 61.23 , 6
478 , 61.23 , 6
479 , 61.23 , 6
480 , 60.72 , 6
481 , 60.72 , 6
482 , 60.72 , 6
483 , 60.72 , 6
484 , 60.46 , 6
485 , 60.72 , 6
486 , 59.95 , 6
487 , 60.46 , 6
488 , 60.72 , 6
489 , 61.23 , 6
490 , 60.97 , 6
491 , 61.23 , 6
492 , 60.72 , 6
493 , 60.97 , 6
494 , 61.48 , 6
Going to Denaturing Temperature
495 , 61.23 , 7
496 , 68.37 , 7
497 , 71.18 , 7
498 , 72.97 , 7
499 , 74.75 , 7
500 , 77.05 , 7
501 , 78.58 , 7
502 , 80.37 , 7
503 , 82.15 , 7
504 , 83.68 , 7
505 , 84.96 , 7
506 , 86.23 , 7
507 , 86.74 , 7
508 , 88.79 , 7
509 , 89.55 , 7
510 , 90.83 , 7
511 , 92.10 , 7
512 , 92.87 , 7
513 , 93.63 , 7
514 , 94.14 , 7
Denaturing DNA Now
515 , 94.91 , 7
516 , 96.18 , 7
517 , 96.69 , 7
518 , 94.14 , 7
519 , 93.63 , 7
Going to Extension Temperature
520 , 93.12 , 7
521 , 85.21 , 7
522 , 82.66 , 7
523 , 80.11 , 7
524 , 77.30 , 7
525 , 75.01 , 7
526 , 73.22 , 7
527 , 71.69 , 7
528 , 70.16 , 7
529 , 68.12 , 7
530 , 66.59 , 7
531 , 64.80 , 7
532 , 64.04 , 7
533 , 61.99 , 7
534 , 60.72 , 7
535 , 59.95 , 7
Extending DNA Now
536 , 58.93 , 7
537 , 58.17 , 7
538 , 61.48 , 7
539 , 61.23 , 7
540 , 61.99 , 7
541 , 62.50 , 7
542 , 62.50 , 7
543 , 62.25 , 7
544 , 61.74 , 7
545 , 61.99 , 7
546 , 61.99 , 7
547 , 61.48 , 7
548 , 61.74 , 7
549 , 61.74 , 7
550 , 61.99 , 7
551 , 61.74 , 7
552 , 61.74 , 7
553 , 61.48 , 7
554 , 61.74 , 7
555 , 60.97 , 7
556 , 61.23 , 7
557 , 60.97 , 7
558 , 60.97 , 7
559 , 60.97 , 7
560 , 60.72 , 7
561 , 60.72 , 7
562 , 60.97 , 7
563 , 60.46 , 7
564 , 60.46 , 7
565 , 60.46 , 7
566 , 60.46 , 7
Going to Denaturing Temperature
567 , 60.46 , 8
568 , 68.12 , 8
569 , 70.41 , 8
570 , 71.95 , 8
571 , 73.99 , 8
572 , 76.28 , 8
573 , 77.81 , 8
574 , 79.34 , 8
575 , 80.88 , 8
576 , 82.15 , 8
577 , 83.68 , 8
578 , 84.70 , 8
579 , 85.98 , 8
580 , 87.00 , 8
581 , 87.76 , 8
582 , 89.30 , 8
583 , 89.81 , 8
584 , 90.57 , 8
585 , 90.83 , 8
586 , 92.36 , 8
587 , 92.87 , 8
588 , 93.63 , 8
589 , 94.40 , 8
Denaturing DNA Now
590 , 95.16 , 8
591 , 95.93 , 8
592 , 96.44 , 8
593 , 97.20 , 8
594 , 93.89 , 8
Going to Extension Temperature
595 , 94.14 , 8
596 , 86.23 , 8
597 , 83.68 , 8
598 , 81.13 , 8
599 , 79.09 , 8
600 , 76.79 , 8
601 , 74.50 , 8
602 , 72.71 , 8
603 , 70.92 , 8
604 , 68.88 , 8
605 , 67.10 , 8
606 , 65.57 , 8
607 , 64.04 , 8
608 , 62.76 , 8
609 , 61.74 , 8
610 , 60.21 , 8
611 , 59.44 , 8
Extending DNA Now
612 , 58.17 , 8
613 , 57.66 , 8
614 , 60.72 , 8
615 , 61.23 , 8
616 , 61.74 , 8
617 , 61.74 , 8
618 , 61.74 , 8
619 , 61.99 , 8
620 , 62.25 , 8
621 , 62.25 , 8
622 , 61.99 , 8
623 , 61.99 , 8
624 , 61.48 , 8
625 , 61.23 , 8
626 , 61.48 , 8
627 , 61.23 , 8
628 , 61.23 , 8
629 , 61.23 , 8
630 , 61.23 , 8
631 , 60.72 , 8
632 , 60.97 , 8
633 , 60.72 , 8
634 , 60.46 , 8
635 , 60.46 , 8
636 , 59.44 , 8
637 , 59.95 , 8
638 , 60.46 , 8
639 , 60.46 , 8
640 , 60.21 , 8
641 , 60.21 , 8
642 , 60.21 , 8
Going to Denaturing Temperature
643 , 60.46 , 9
644 , 67.86 , 9
645 , 69.90 , 9
646 , 71.69 , 9
647 , 73.73 , 9
648 , 75.77 , 9
649 , 76.79 , 9
650 , 78.32 , 9
651 , 80.11 , 9
652 , 81.39 , 9
653 , 82.92 , 9
654 , 84.19 , 9
655 , 84.96 , 9
656 , 86.23 , 9
657 , 87.51 , 9
658 , 88.53 , 9
659 , 89.55 , 9
660 , 90.32 , 9
661 , 91.08 , 9
662 , 92.36 , 9
663 , 92.87 , 9
664 , 93.38 , 9
665 , 93.63 , 9
666 , 94.91 , 9
Denaturing DNA Now
667 , 95.67 , 9
668 , 96.18 , 9
669 , 96.95 , 9
670 , 94.40 , 9
671 , 93.63 , 9
Going to Extension Temperature
672 , 93.12 , 9
673 , 85.72 , 9
674 , 83.17 , 9
675 , 80.37 , 9
676 , 78.07 , 9
677 , 76.03 , 9
678 , 73.73 , 9
679 , 71.69 , 9
680 , 70.16 , 9
681 , 68.37 , 9
682 , 67.10 , 9
683 , 65.06 , 9
684 , 64.04 , 9
685 , 62.25 , 9
686 , 60.97 , 9
687 , 59.70 , 9
Extending DNA Now
688 , 58.42 , 9
689 , 58.42 , 9
690 , 61.23 , 9
691 , 61.74 , 9
692 , 61.74 , 9
693 , 62.25 , 9
694 , 61.99 , 9
695 , 62.25 , 9
696 , 61.99 , 9
697 , 61.99 , 9
698 , 61.74 , 9
699 , 61.23 , 9
700 , 61.48 , 9
701 , 61.23 , 9
702 , 61.23 , 9
703 , 60.97 , 9
704 , 60.97 , 9
705 , 60.97 , 9
706 , 60.97 , 9
707 , 60.46 , 9
708 , 60.72 , 9
709 , 60.46 , 9
710 , 59.95 , 9
711 , 60.21 , 9
712 , 60.97 , 9
713 , 60.97 , 9
714 , 60.72 , 9
715 , 61.23 , 9
716 , 60.72 , 9
717 , 60.46 , 9
718 , 60.97 , 9
Going to Denaturing Temperature
719 , 60.72 , 10
720 , 68.12 , 10
721 , 70.41 , 10
722 , 72.20 , 10
723 , 74.24 , 10
724 , 76.03 , 10
725 , 77.30 , 10
726 , 79.09 , 10
727 , 80.88 , 10
728 , 82.15 , 10
729 , 83.68 , 10
730 , 84.70 , 10
731 , 85.72 , 10
733 , 86.49 , 10
734 , 87.51 , 10
735 , 88.53 , 10
736 , 89.30 , 10
737 , 90.83 , 10
738 , 91.59 , 10
739 , 92.10 , 10
740 , 93.12 , 10
741 , 93.38 , 10
742 , 94.65 , 10
Denaturing DNA Now
743 , 94.91 , 10
744 , 95.16 , 10
745 , 96.44 , 10
746 , 96.69 , 10
747 , 94.14 , 10
Going to Extension Temperature
748 , 93.63 , 10
749 , 85.98 , 10
750 , 82.92 , 10
751 , 80.62 , 10
752 , 77.81 , 10
753 , 75.52 , 10
754 , 74.24 , 10
755 , 71.95 , 10
756 , 70.16 , 10
757 , 68.12 , 10
758 , 66.84 , 10
759 , 65.31 , 10
760 , 63.78 , 10
761 , 62.50 , 10
762 , 61.48 , 10
763 , 59.95 , 10
Extending DNA Now
764 , 58.93 , 10
765 , 58.17 , 10
766 , 61.23 , 10
767 , 61.74 , 10
768 , 62.25 , 10
769 , 62.50 , 10
770 , 61.99 , 10
771 , 61.23 , 10
772 , 61.48 , 10
773 , 61.74 , 10
774 , 61.23 , 10
775 , 61.48 , 10
776 , 61.48 , 10
777 , 61.48 , 10
778 , 60.97 , 10
779 , 60.97 , 10
780 , 60.72 , 10
781 , 60.72 , 10
782 , 60.97 , 10
783 , 60.72 , 10
784 , 60.72 , 10
785 , 60.21 , 10
786 , 59.95 , 10
787 , 59.44 , 10
788 , 60.21 , 10
789 , 59.95 , 10
790 , 59.95 , 10
791 , 60.72 , 10
792 , 60.46 , 10
793 , 59.95 , 10
794 , 60.21 , 10
Going to Denaturing Temperature
795 , 60.46 , 11
796 , 67.61 , 11
797 , 69.65 , 11
798 , 71.18 , 11
799 , 73.22 , 11
800 , 75.01 , 11
801 , 76.28 , 11
802 , 78.58 , 11
803 , 80.11 , 11
804 , 81.64 , 11
805 , 82.66 , 11
806 , 83.43 , 11
807 , 84.70 , 11
808 , 85.98 , 11
809 , 86.74 , 11
810 , 88.02 , 11
811 , 89.04 , 11
812 , 89.81 , 11
813 , 90.06 , 11
814 , 90.83 , 11
815 , 91.59 , 11
816 , 92.10 , 11
817 , 92.87 , 11
818 , 92.87 , 11
819 , 93.89 , 11
820 , 94.14 , 11
Denaturing DNA Now
821 , 94.91 , 11
822 , 95.42 , 11
823 , 95.67 , 11
824 , 96.18 , 11
825 , 96.44 , 11
826 , 94.14 , 11
Going to Extension Temperature
827 , 93.12 , 11
828 , 85.47 , 11
829 , 82.41 , 11
830 , 80.37 , 11
831 , 77.56 , 11
832 , 75.77 , 11
833 , 73.73 , 11
834 , 71.18 , 11
835 , 70.16 , 11
836 , 68.12 , 11
837 , 66.59 , 11
838 , 64.80 , 11
839 , 63.53 , 11
840 , 62.50 , 11
841 , 60.97 , 11
842 , 59.95 , 11
Extending DNA Now
843 , 58.42 , 11
844 , 57.66 , 11
845 , 61.23 , 11
846 , 61.48 , 11
847 , 61.74 , 11
848 , 61.99 , 11
849 , 61.74 , 11
850 , 61.99 , 11
851 , 61.99 , 11
852 , 62.50 , 11
853 , 61.99 , 11
854 , 61.74 , 11
855 , 61.48 , 11
856 , 60.97 , 11
857 , 60.21 , 11
858 , 60.97 , 11
859 , 60.72 , 11
860 , 60.72 , 11
861 , 59.95 , 11
862 , 60.46 , 11
863 , 60.46 , 11
864 , 60.72 , 11
865 , 60.21 , 11
866 , 60.21 , 11
867 , 60.97 , 11
868 , 60.21 , 11
869 , 60.97 , 11
870 , 60.72 , 11
871 , 60.97 , 11
872 , 60.97 , 11
873 , 60.97 , 11
Going to Denaturing Temperature
874 , 60.97 , 12
875 , 67.86 , 12
876 , 69.90 , 12
877 , 71.69 , 12
878 , 73.48 , 12
879 , 75.26 , 12
880 , 76.54 , 12
881 , 78.07 , 12
882 , 79.85 , 12
883 , 81.39 , 12
884 , 83.17 , 12
885 , 83.68 , 12
886 , 84.70 , 12
887 , 85.98 , 12
888 , 86.74 , 12
889 , 88.02 , 12
890 , 89.04 , 12
891 , 90.06 , 12
892 , 91.08 , 12
893 , 91.08 , 12
894 , 92.10 , 12
895 , 92.61 , 12
896 , 93.63 , 12
897 , 93.89 , 12
898 , 94.40 , 12
Denaturing DNA Now
899 , 94.91 , 12
900 , 95.93 , 12
901 , 96.18 , 12
902 , 96.44 , 12
903 , 93.63 , 12
Going to Extension Temperature
904 , 92.87 , 12
905 , 85.47 , 12
906 , 82.41 , 12
907 , 79.60 , 12
908 , 77.30 , 12
909 , 75.01 , 12
910 , 72.71 , 12
911 , 71.18 , 12
912 , 69.39 , 12
913 , 67.61 , 12
914 , 65.82 , 12
915 , 64.80 , 12
916 , 63.01 , 12
917 , 61.99 , 12
918 , 60.46 , 12
919 , 59.44 , 12
Extending DNA Now
920 , 58.42 , 12
921 , 57.91 , 12
922 , 60.97 , 12
923 , 61.48 , 12
924 , 61.23 , 12
925 , 61.74 , 12
926 , 61.74 , 12
927 , 61.74 , 12
928 , 61.74 , 12
929 , 61.48 , 12
930 , 61.48 , 12
931 , 61.74 , 12
932 , 61.48 , 12
933 , 61.48 , 12
934 , 61.74 , 12
935 , 61.74 , 12
936 , 61.99 , 12
937 , 61.48 , 12
938 , 61.48 , 12
939 , 61.74 , 12
940 , 61.23 , 12
941 , 61.23 , 12
942 , 61.23 , 12
943 , 61.23 , 12
944 , 60.97 , 12
945 , 61.48 , 12
946 , 61.23 , 12
947 , 61.23 , 12
948 , 61.23 , 12
949 , 61.23 , 12
950 , 60.97 , 12
Going to Denaturing Temperature
951 , 60.97 , 13
952 , 68.12 , 13
953 , 70.16 , 13
954 , 71.43 , 13
955 , 73.22 , 13
956 , 74.75 , 13
957 , 76.28 , 13
958 , 77.81 , 13
959 , 79.34 , 13
960 , 80.62 , 13
961 , 81.90 , 13
962 , 83.17 , 13
963 , 83.94 , 13
964 , 84.96 , 13
965 , 85.72 , 13
966 , 85.98 , 13
967 , 87.00 , 13
968 , 87.76 , 13
969 , 88.79 , 13
970 , 89.30 , 13
971 , 90.32 , 13
972 , 90.32 , 13
973 , 91.59 , 13
974 , 91.85 , 13
975 , 92.36 , 13
976 , 92.87 , 13
977 , 93.63 , 13
978 , 94.14 , 13
Denaturing DNA Now
979 , 94.65 , 13
980 , 94.91 , 13
981 , 95.67 , 13
982 , 95.67 , 13
983 , 96.18 , 13
Going to Extension Temperature
984 , 96.69 , 13
985 , 87.00 , 13
986 , 83.94 , 13
987 , 81.39 , 13
988 , 79.09 , 13
989 , 76.79 , 13
990 , 74.24 , 13
991 , 72.71 , 13
992 , 70.67 , 13
993 , 69.14 , 13
994 , 67.35 , 13
995 , 65.82 , 13
996 , 64.29 , 13
997 , 62.76 , 13
998 , 61.99 , 13
999 , 60.21 , 13
1000 , 58.93 , 13
Extending DNA Now
1001 , 58.42 , 13
1002 , 57.66 , 13
1003 , 60.97 , 13
1004 , 60.97 , 13
1005 , 61.48 , 13
1006 , 61.99 , 13
1007 , 61.74 , 13
1008 , 61.99 , 13
1009 , 62.25 , 13
1010 , 62.25 , 13
1011 , 61.74 , 13
1012 , 60.97 , 13
1013 , 60.97 , 13
1014 , 60.46 , 13
1015 , 60.97 , 13
1016 , 60.72 , 13
1017 , 60.46 , 13
1018 , 60.72 , 13
1019 , 59.44 , 13
1020 , 59.70 , 13
1021 , 59.95 , 13
1022 , 59.70 , 13
1023 , 60.21 , 13
1024 , 60.72 , 13
1025 , 60.46 , 13
1026 , 60.72 , 13
1027 , 60.46 , 13
1028 , 60.21 , 13
1029 , 60.72 , 13
1030 , 60.21 , 13
1031 , 60.46 , 13
Going to Denaturing Temperature
1032 , 60.21 , 14
1033 , 67.86 , 14
1034 , 69.90 , 14
1035 , 71.69 , 14
1036 , 73.22 , 14
1037 , 74.24 , 14
1038 , 76.28 , 14
1039 , 77.81 , 14
1040 , 78.58 , 14
1041 , 80.37 , 14
1042 , 81.13 , 14
1043 , 82.41 , 14
1044 , 83.43 , 14
1045 , 84.19 , 14
1046 , 85.21 , 14
1047 , 86.23 , 14
1048 , 86.74 , 14
1049 , 87.25 , 14
1050 , 88.27 , 14
1051 , 88.27 , 14
1052 , 88.79 , 14
1053 , 89.81 , 14
1054 , 90.32 , 14
1055 , 90.83 , 14
1056 , 91.08 , 14
1057 , 92.36 , 14
1058 , 92.10 , 14
1059 , 93.12 , 14
1060 , 93.38 , 14
1061 , 93.38 , 14
1062 , 93.89 , 14
1063 , 94.65 , 14
Denaturing DNA Now
1064 , 94.40 , 14
1065 , 94.91 , 14
1066 , 94.91 , 14
1067 , 95.16 , 14
1068 , 95.67 , 14
Going to Extension Temperature
1069 , 95.42 , 14
1070 , 85.21 , 14
1071 , 82.92 , 14
1072 , 80.11 , 14
1073 , 77.56 , 14
1074 , 75.77 , 14
1075 , 73.73 , 14
1076 , 71.43 , 14
1077 , 69.65 , 14
1078 , 68.37 , 14
1079 , 66.84 , 14
1080 , 65.57 , 14
1081 , 63.53 , 14
1082 , 62.50 , 14
1083 , 61.48 , 14
1084 , 59.70 , 14
Extending DNA Now
1085 , 58.68 , 14
1086 , 57.66 , 14
1087 , 60.97 , 14
1088 , 61.99 , 14
1089 , 62.25 , 14
1090 , 61.99 , 14
1091 , 61.99 , 14
1092 , 61.74 , 14
1093 , 61.23 , 14
1094 , 60.97 , 14
1095 , 60.46 , 14
1096 , 60.97 , 14
1097 , 60.72 , 14
1098 , 60.72 , 14
1099 , 59.70 , 14
1100 , 59.95 , 14
1101 , 60.72 , 14
1102 , 60.21 , 14
1103 , 60.21 , 14
1104 , 60.72 , 14
1105 , 60.46 , 14
1106 , 60.97 , 14
1107 , 60.72 , 14
1108 , 60.46 , 14
1109 , 60.72 , 14
1110 , 60.72 , 14
1111 , 59.95 , 14
1112 , 60.72 , 14
1113 , 60.72 , 14
1114 , 60.21 , 14
1115 , 60.46 , 14
Going to Denaturing Temperature
1116 , 60.21 , 15
1117 , 67.61 , 15
1118 , 69.39 , 15
1119 , 71.43 , 15
1120 , 72.71 , 15
1121 , 74.24 , 15
1122 , 75.77 , 15
1123 , 77.30 , 15
1124 , 78.58 , 15
1125 , 79.85 , 15
1126 , 81.13 , 15
1127 , 81.39 , 15
1128 , 82.15 , 15
1129 , 83.94 , 15
1130 , 84.45 , 15
1131 , 85.47 , 15
1132 , 85.98 , 15
1133 , 87.00 , 15
1134 , 87.51 , 15
1135 , 88.02 , 15
1136 , 88.79 , 15
1137 , 89.04 , 15
1138 , 89.55 , 15
1139 , 90.32 , 15
1140 , 90.57 , 15
1141 , 91.08 , 15
1142 , 91.34 , 15
1143 , 92.10 , 15
1144 , 92.61 , 15
1145 , 92.61 , 15
1146 , 93.38 , 15
1147 , 93.63 , 15
1148 , 94.14 , 15
Denaturing DNA Now
1149 , 94.65 , 15
1150 , 94.91 , 15
1151 , 95.67 , 15
1152 , 95.93 , 15
1153 , 95.67 , 15
Going to Extension Temperature
1154 , 96.44 , 15
1155 , 86.23 , 15
1156 , 83.17 , 15
1157 , 80.88 , 15
1158 , 78.32 , 15
1159 , 76.28 , 15
1160 , 74.50 , 15
1161 , 72.46 , 15
1162 , 70.67 , 15
1163 , 68.63 , 15
1164 , 67.35 , 15
1165 , 65.57 , 15
1166 , 64.55 , 15
1167 , 63.01 , 15
1168 , 61.48 , 15
1169 , 60.21 , 15
1170 , 59.19 , 15
Extending DNA Now
1171 , 57.91 , 15
1172 , 57.40 , 15
1173 , 60.97 , 15
1174 , 61.23 , 15
1175 , 61.48 , 15
1176 , 60.97 , 15
1177 , 61.23 , 15
1178 , 61.23 , 15
1179 , 61.48 , 15
1180 , 61.48 , 15
1181 , 61.48 , 15
1182 , 60.97 , 15
1183 , 61.48 , 15
1184 , 60.72 , 15
1185 , 60.72 , 15
1186 , 61.23 , 15
1187 , 60.97 , 15
1188 , 60.72 , 15
1189 , 60.97 , 15
1190 , 60.72 , 15
1191 , 59.95 , 15
1192 , 60.72 , 15
1193 , 60.72 , 15
1194 , 60.72 , 15
1195 , 60.46 , 15
1196 , 59.95 , 15
1197 , 60.21 , 15
1198 , 59.95 , 15
1199 , 59.95 , 15
1200 , 59.70 , 15
1201 , 59.70 , 15
Going to Denaturing Temperature
1202 , 59.70 , 16
1203 , 66.84 , 16
1204 , 68.37 , 16
1205 , 69.90 , 16
1206 , 71.95 , 16
1207 , 73.73 , 16
1208 , 75.01 , 16
1209 , 76.28 , 16
1210 , 77.56 , 16
1211 , 78.58 , 16
1212 , 80.11 , 16
1213 , 80.88 , 16
1214 , 82.15 , 16
1215 , 83.17 , 16
1216 , 83.17 , 16
1217 , 84.70 , 16
1218 , 85.47 , 16
1219 , 86.74 , 16
1220 , 87.51 , 16
1221 , 88.02 , 16
1222 , 88.27 , 16
1223 , 89.04 , 16
1224 , 89.30 , 16
1225 , 90.32 , 16
1226 , 90.83 , 16
1227 , 91.85 , 16
1228 , 91.59 , 16
1229 , 92.36 , 16
1230 , 93.12 , 16
1231 , 92.36 , 16
1232 , 93.38 , 16
1233 , 93.63 , 16
1234 , 94.14 , 16
Denaturing DNA Now
1235 , 94.40 , 16
1236 , 94.91 , 16
1237 , 94.40 , 16
1238 , 95.16 , 16
1239 , 95.16 , 16
Going to Extension Temperature
1240 , 95.67 , 16
1241 , 86.23 , 16
1242 , 83.43 , 16
1243 , 80.62 , 16
1244 , 78.32 , 16
1245 , 76.03 , 16
1246 , 73.99 , 16
1247 , 72.20 , 16
1248 , 70.41 , 16
1249 , 68.37 , 16
1250 , 66.84 , 16
1251 , 65.57 , 16
1252 , 63.78 , 16
1253 , 62.50 , 16
1254 , 61.23 , 16
1255 , 60.21 , 16
1256 , 59.19 , 16
Extending DNA Now
1257 , 58.17 , 16
1258 , 56.89 , 16
1259 , 60.72 , 16
1260 , 60.97 , 16
1261 , 61.23 , 16
1262 , 61.23 , 16
1263 , 61.74 , 16
1264 , 61.48 , 16
1265 , 61.23 , 16
1266 , 61.23 , 16
1267 , 61.74 , 16
1268 , 61.23 , 16
1269 , 61.48 , 16
1270 , 61.74 , 16
1271 , 61.48 , 16
1272 , 61.74 , 16
1273 , 61.74 , 16
1274 , 61.23 , 16
1275 , 61.48 , 16
1276 , 61.74 , 16
1277 , 62.25 , 16
1278 , 61.23 , 16
1279 , 60.72 , 16
1280 , 60.46 , 16
1281 , 60.46 , 16
1282 , 60.21 , 16
1283 , 59.44 , 16
1284 , 59.70 , 16
1285 , 59.95 , 16
1286 , 59.70 , 16
1287 , 59.95 , 16
1288 , 59.95 , 16
Going to Denaturing Temperature
1289 , 59.44 , 17
1290 , 67.35 , 17
1291 , 69.14 , 17
1292 , 70.41 , 17
1293 , 72.46 , 17
1294 , 73.73 , 17
1295 , 75.01 , 17
1296 , 76.54 , 17
1297 , 78.32 , 17
1298 , 79.60 , 17
1299 , 80.37 , 17
1300 , 80.37 , 17
1301 , 82.15 , 17
1302 , 83.17 , 17
1303 , 83.94 , 17
1304 , 84.70 , 17
1305 , 85.21 , 17
1306 , 86.23 , 17
1307 , 86.74 , 17
1308 , 87.25 , 17
1309 , 87.76 , 17
1310 , 88.27 , 17
1311 , 88.79 , 17
1312 , 89.04 , 17
1313 , 90.06 , 17
1314 , 90.32 , 17
1315 , 90.57 , 17
1316 , 90.83 , 17
1317 , 91.08 , 17
1318 , 91.08 , 17
1319 , 91.85 , 17
1320 , 92.36 , 17
1321 , 92.61 , 17
1322 , 92.10 , 17
1323 , 92.61 , 17
1324 , 93.12 , 17
1325 , 93.38 , 17
1326 , 93.63 , 17
1327 , 93.89 , 17
1328 , 94.14 , 17
Denaturing DNA Now
1329 , 94.40 , 17
1330 , 94.40 , 17
1331 , 93.89 , 17
1332 , 94.65 , 17
1333 , 94.40 , 17
Going to Extension Temperature
1334 , 94.65 , 17
1335 , 84.96 , 17
1336 , 82.15 , 17
1337 , 79.34 , 17
1338 , 77.56 , 17
1339 , 74.75 , 17
1340 , 72.97 , 17
1341 , 71.43 , 17
1342 , 68.37 , 17
1343 , 67.86 , 17
1344 , 66.08 , 17
1345 , 64.04 , 17
1346 , 63.01 , 17
1347 , 61.74 , 17
1348 , 60.72 , 17
1349 , 59.70 , 17
Extending DNA Now
1350 , 58.68 , 17
1351 , 57.91 , 17
1352 , 60.97 , 17
1353 , 61.23 , 17
1354 , 61.48 , 17
1355 , 61.99 , 17
1356 , 61.99 , 17
1357 , 61.99 , 17
1358 , 61.23 , 17
1359 , 61.23 , 17
1360 , 61.23 , 17
1361 , 61.48 , 17
1362 , 60.97 , 17
1363 , 60.97 , 17
1364 , 61.23 , 17
1365 , 60.72 , 17
1366 , 60.97 , 17
1367 , 60.72 , 17
1368 , 60.46 , 17
1369 , 60.21 , 17
1370 , 60.21 , 17
1371 , 60.21 , 17
1372 , 60.21 , 17
1373 , 59.70 , 17
1374 , 59.95 , 17
1375 , 60.21 , 17
1376 , 59.19 , 17
1377 , 59.44 , 17
1378 , 59.44 , 17
1379 , 59.44 , 17
1380 , 59.44 , 17
1381 , 58.93 , 17
Going to Denaturing Temperature
1382 , 59.19 , 18
1383 , 66.33 , 18
1384 , 68.12 , 18
1385 , 69.39 , 18
1386 , 71.18 , 18
1387 , 72.71 , 18
1388 , 73.73 , 18
1389 , 75.52 , 18
1390 , 76.28 , 18
1391 , 78.07 , 18
1392 , 79.09 , 18
1393 , 80.11 , 18
1394 , 81.13 , 18
1395 , 82.15 , 18
1396 , 82.92 , 18
1397 , 83.43 , 18
1398 , 83.43 , 18
1399 , 84.96 , 18
1400 , 85.72 , 18
1401 , 86.23 , 18
1402 , 86.49 , 18
1403 , 87.76 , 18
1404 , 88.27 , 18
1405 , 88.79 , 18
1406 , 89.04 , 18
1407 , 89.55 , 18
1408 , 89.55 , 18
1409 , 89.81 , 18
1410 , 90.32 , 18
1411 , 91.08 , 18
1412 , 91.59 , 18
1413 , 91.59 , 18
1414 , 91.85 , 18
1415 , 92.36 , 18
1416 , 92.87 , 18
1417 , 93.12 , 18
1418 , 93.12 , 18
1419 , 93.38 , 18
1420 , 93.12 , 18
1421 , 93.89 , 18
1422 , 93.63 , 18
1423 , 93.63 , 18
1424 , 93.38 , 18
1425 , 93.63 , 18
1426 , 94.14 , 18
Denaturing DNA Now
1427 , 94.40 , 18
1428 , 94.40 , 18
1429 , 94.91 , 18
1430 , 94.65 , 18
1431 , 95.16 , 18
Going to Extension Temperature
1432 , 95.67 , 18
1433 , 85.47 , 18
1434 , 82.66 , 18
1435 , 79.60 , 18
1436 , 78.07 , 18
1437 , 75.26 , 18
1438 , 73.73 , 18
1439 , 71.43 , 18
1440 , 69.90 , 18
1441 , 68.12 , 18
1442 , 66.59 , 18
1443 , 65.31 , 18
1444 , 63.78 , 18
1445 , 61.99 , 18
1446 , 61.23 , 18
1447 , 59.44 , 18
Extending DNA Now
1448 , 58.68 , 18
1449 , 57.91 , 18
1450 , 61.23 , 18
1451 , 61.74 , 18
1452 , 61.74 , 18
1453 , 61.74 , 18
1454 , 61.74 , 18
1455 , 61.99 , 18
1456 , 61.99 , 18
1457 , 61.74 , 18
1458 , 61.48 , 18
1459 , 60.97 , 18
1460 , 60.72 , 18
1461 , 60.46 , 18
1462 , 60.72 , 18
1463 , 60.72 , 18
1464 , 60.46 , 18
1465 , 60.46 , 18
1466 , 59.95 , 18
1467 , 60.21 , 18
1468 , 59.95 , 18
1469 , 59.70 , 18
1470 , 59.44 , 18
1471 , 59.70 , 18
1472 , 59.19 , 18
1473 , 59.70 , 18
1474 , 59.70 , 18
1475 , 59.44 , 18
1476 , 58.93 , 18
1477 , 59.19 , 18
1478 , 58.93 , 18
1479 , 59.19 , 18
Going to Denaturing Temperature
1480 , 58.93 , 19
1481 , 66.59 , 19
1482 , 67.86 , 19
1483 , 69.14 , 19
1484 , 70.92 , 19
1485 , 72.97 , 19
1486 , 73.99 , 19
1487 , 75.52 , 19
1488 , 76.79 , 19
1489 , 78.07 , 19
1490 , 78.83 , 19
1491 , 80.11 , 19
1492 , 81.13 , 19
1493 , 81.39 , 19
1494 , 82.66 , 19
1495 , 82.92 , 19
1496 , 83.68 , 19
1497 , 84.70 , 19
1498 , 85.21 , 19
1499 , 85.21 , 19
1500 , 86.49 , 19
1501 , 86.74 , 19
1502 , 87.00 , 19
1503 , 87.51 , 19
1504 , 87.76 , 19
1506 , 88.02 , 19
1507 , 88.27 , 19
1508 , 89.30 , 19
1509 , 90.06 , 19
1510 , 90.32 , 19
1511 , 90.57 , 19
1512 , 90.57 , 19
1513 , 91.08 , 19
1514 , 91.34 , 19
1515 , 91.59 , 19
1516 , 91.59 , 19
1517 , 91.59 , 19
1518 , 92.10 , 19
1519 , 92.36 , 19
1520 , 92.61 , 19
1521 , 92.61 , 19
1522 , 92.61 , 19
1523 , 93.38 , 19
1524 , 93.12 , 19
1525 , 93.89 , 19
1526 , 93.89 , 19
1527 , 93.63 , 19
1528 , 94.14 , 19
Denaturing DNA Now
1529 , 94.40 , 19
1530 , 94.14 , 19
1531 , 95.16 , 19
1532 , 95.16 , 19
1533 , 95.16 , 19
Going to Extension Temperature
1534 , 95.16 , 19
1535 , 85.21 , 19
1536 , 82.15 , 19
1537 , 79.60 , 19
1538 , 77.30 , 19
1539 , 75.77 , 19
1540 , 73.73 , 19
1541 , 71.43 , 19
1542 , 70.41 , 19
1543 , 68.37 , 19
1544 , 66.84 , 19
1545 , 65.31 , 19
1546 , 64.04 , 19
1547 , 61.99 , 19
1548 , 61.48 , 19
1549 , 59.95 , 19
Extending DNA Now
1550 , 58.68 , 19
1551 , 58.17 , 19
1552 , 60.97 , 19
1553 , 61.99 , 19
1554 , 61.99 , 19
1555 , 61.99 , 19
1556 , 61.99 , 19
1557 , 61.74 , 19
1558 , 61.23 , 19
1559 , 61.74 , 19
1560 , 61.48 , 19
1561 , 61.48 , 19
1562 , 60.97 , 19
1563 , 60.97 , 19
1564 , 60.72 , 19
1565 , 60.46 , 19
1566 , 60.46 , 19
1567 , 60.46 , 19
1568 , 61.23 , 19
1569 , 60.21 , 19
1570 , 60.46 , 19
1571 , 59.95 , 19
1572 , 59.95 , 19
1573 , 59.70 , 19
1574 , 59.44 , 19
1575 , 59.44 , 19
1576 , 59.44 , 19
1577 , 58.93 , 19
1578 , 58.93 , 19
1579 , 58.68 , 19
1580 , 58.68 , 19
Going to Denaturing Temperature
1581 , 58.17 , 20
1582 , 65.57 , 20
1583 , 67.35 , 20
1584 , 69.14 , 20
1585 , 70.41 , 20
1586 , 71.95 , 20
1587 , 72.97 , 20
1588 , 73.99 , 20
1589 , 75.26 , 20
1590 , 76.54 , 20
1591 , 77.56 , 20
1592 , 78.32 , 20
1593 , 78.83 , 20
1594 , 80.11 , 20
1595 , 80.88 , 20
1596 , 81.64 , 20
1597 , 82.15 , 20
1598 , 82.66 , 20
1599 , 83.43 , 20
1600 , 83.68 , 20
1601 , 84.45 , 20
1602 , 84.96 , 20
1603 , 85.47 , 20
1604 , 85.72 , 20
1605 , 85.72 , 20
1606 , 86.49 , 20
1607 , 86.74 , 20
1608 , 87.51 , 20
1609 , 87.76 , 20
1610 , 87.51 , 20
1611 , 88.02 , 20
1612 , 89.04 , 20
1613 , 88.79 , 20
1614 , 88.79 , 20
1615 , 89.55 , 20
1616 , 89.30 , 20
1617 , 90.06 , 20
1618 , 90.32 , 20
1619 , 90.57 , 20
1620 , 90.57 , 20
1621 , 91.34 , 20
1622 , 91.34 , 20
1623 , 91.85 , 20
1624 , 92.10 , 20
1625 , 92.61 , 20
1626 , 92.36 , 20
1627 , 92.87 , 20
1628 , 92.87 , 20
1629 , 93.12 , 20
1630 , 92.87 , 20
1631 , 93.63 , 20
1632 , 93.63 , 20
1633 , 93.63 , 20
1634 , 93.89 , 20
1635 , 93.89 , 20
1636 , 94.65 , 20
Denaturing DNA Now
1637 , 94.91 , 20
1638 , 94.40 , 20
1639 , 95.16 , 20
1640 , 95.16 , 20
1641 , 95.67 , 20
Going to Extension Temperature
1642 , 95.67 , 20
1643 , 84.96 , 20
1644 , 82.66 , 20
1645 , 79.85 , 20
1646 , 77.81 , 20
1647 , 75.26 , 20
1648 , 73.73 , 20
1649 , 71.18 , 20
1650 , 70.16 , 20
1651 , 68.12 , 20
1652 , 66.84 , 20
1653 , 65.57 , 20
1654 , 64.04 , 20
1655 , 62.76 , 20
1656 , 61.23 , 20
1657 , 59.95 , 20
Extending DNA Now
1658 , 58.68 , 20
1659 , 58.68 , 20
1660 , 61.48 , 20
1661 , 62.25 , 20
1662 , 62.25 , 20
1663 , 61.74 , 20
1664 , 61.74 , 20
1665 , 61.74 , 20
1666 , 60.97 , 20
1667 , 61.23 , 20
1668 , 60.97 , 20
1669 , 60.72 , 20
1670 , 60.46 , 20
1671 , 60.46 , 20
1672 , 60.72 , 20
1673 , 60.21 , 20
1674 , 59.95 , 20
1675 , 59.95 , 20
1676 , 60.21 , 20
1677 , 59.70 , 20
1678 , 59.70 , 20
1679 , 59.70 , 20
1680 , 59.95 , 20
1681 , 59.70 , 20
1682 , 59.44 , 20
1683 , 59.70 , 20
1684 , 59.19 , 20
1685 , 59.44 , 20
1686 , 59.70 , 20
1687 , 59.70 , 20
1688 , 59.70 , 20
Going to Denaturing Temperature
1689 , 59.44 , 21
1690 , 66.84 , 21
1691 , 68.37 , 21
1692 , 69.90 , 21
1693 , 71.69 , 21
1694 , 72.46 , 21
1695 , 73.73 , 21
1696 , 75.77 , 21
1697 , 76.79 , 21
1698 , 77.81 , 21
1699 , 79.09 , 21
1700 , 79.85 , 21
1701 , 81.13 , 21
1702 , 81.64 , 21
1703 , 83.17 , 21
1704 , 82.92 , 21
1705 , 84.19 , 21
1706 , 84.96 , 21
1707 , 85.98 , 21
1708 , 86.74 , 21
1709 , 87.51 , 21
1710 , 88.02 , 21
1711 , 88.02 , 21
1712 , 89.04 , 21
1713 , 89.55 , 21
1714 , 89.55 , 21
1715 , 90.06 , 21
1716 , 91.08 , 21
1717 , 91.34 , 21
1718 , 91.59 , 21
1719 , 91.85 , 21
1720 , 92.87 , 21
1721 , 93.12 , 21
1722 , 92.87 , 21
1723 , 93.63 , 21
1724 , 93.63 , 21
1725 , 93.89 , 21
1726 , 94.14 , 21
Denaturing DNA Now
1727 , 93.89 , 21
1728 , 94.40 , 21
1729 , 94.91 , 21
1730 , 94.91 , 21
1731 , 95.16 , 21
Going to Extension Temperature
1732 , 94.91 , 21
1733 , 85.21 , 21
1734 , 82.41 , 21
1735 , 79.85 , 21
1736 , 77.81 , 21
1737 , 75.77 , 21
1738 , 73.99 , 21
1739 , 72.20 , 21
1740 , 70.67 , 21
1741 , 68.63 , 21
1742 , 67.35 , 21
1743 , 65.82 , 21
1744 , 64.04 , 21
1745 , 62.76 , 21
1746 , 61.99 , 21
1747 , 60.97 , 21
1748 , 59.70 , 21
Extending DNA Now
1749 , 58.68 , 21
1750 , 57.91 , 21
1751 , 61.23 , 21
1752 , 61.23 , 21
1753 , 60.97 , 21
1754 , 61.74 , 21
1755 , 61.48 , 21
1756 , 61.74 , 21
1757 , 61.23 , 21
1758 , 61.48 , 21
1759 , 61.99 , 21
1760 , 61.74 , 21
1761 , 61.74 , 21
1762 , 61.48 , 21
1763 , 61.74 , 21
1764 , 61.99 , 21
1765 , 61.74 , 21
1766 , 61.48 , 21
1767 , 60.97 , 21
1768 , 61.23 , 21
1769 , 60.72 , 21
1770 , 60.97 , 21
1771 , 60.46 , 21
1772 , 60.72 , 21
1773 , 60.46 , 21
1774 , 60.46 , 21
1775 , 60.46 , 21
1776 , 60.21 , 21
1777 , 60.46 , 21
1778 , 60.21 , 21
1779 , 59.95 , 21
Going to Denaturing Temperature
1780 , 59.95 , 22
1781 , 66.84 , 22
1782 , 69.14 , 22
1783 , 70.16 , 22
1784 , 71.69 , 22
1785 , 73.22 , 22
1786 , 74.24 , 22
1787 , 75.52 , 22
1788 , 76.79 , 22
1789 , 77.81 , 22
1790 , 79.09 , 22
1791 , 79.85 , 22
1792 , 80.88 , 22
1793 , 81.90 , 22
1794 , 82.66 , 22
1795 , 82.92 , 22
1796 , 83.68 , 22
1797 , 84.96 , 22
1798 , 85.47 , 22
1799 , 86.23 , 22
1800 , 86.74 , 22
1801 , 87.51 , 22
1802 , 87.51 , 22
1803 , 88.79 , 22
1804 , 88.53 , 22
1805 , 88.79 , 22
1806 , 89.55 , 22
1807 , 90.06 , 22
1808 , 90.06 , 22
1809 , 90.83 , 22
1810 , 90.83 , 22
1811 , 91.59 , 22
1812 , 92.36 , 22
1813 , 92.87 , 22
1814 , 92.36 , 22
1815 , 93.12 , 22
1816 , 93.63 , 22
1817 , 93.89 , 22
1818 , 94.40 , 22
Denaturing DNA Now
1819 , 94.65 , 22
1820 , 95.16 , 22
1821 , 95.42 , 22
1822 , 95.42 , 22
1823 , 96.18 , 22
Going to Extension Temperature
1824 , 95.67 , 22
1825 , 85.98 , 22
1826 , 83.17 , 22
1827 , 81.39 , 22
1828 , 79.09 , 22
1829 , 76.79 , 22
1830 , 74.24 , 22
1831 , 72.20 , 22
1832 , 70.92 , 22
1833 , 68.63 , 22
1834 , 67.61 , 22
1835 , 65.57 , 22
1836 , 64.55 , 22
1837 , 63.01 , 22
1838 , 61.48 , 22
1839 , 60.72 , 22
1840 , 59.19 , 22
Extending DNA Now
1841 , 57.91 , 22
1842 , 57.40 , 22
1843 , 60.97 , 22
1844 , 61.48 , 22
1845 , 61.99 , 22
1846 , 61.99 , 22
1847 , 61.74 , 22
1848 , 61.74 , 22
1849 , 61.48 , 22
1850 , 61.48 , 22
1851 , 61.48 , 22
1852 , 61.74 , 22
1853 , 61.23 , 22
1854 , 61.23 , 22
1855 , 61.23 , 22
1856 , 60.72 , 22
1857 , 60.97 , 22
1858 , 60.46 , 22
1859 , 60.21 , 22
1860 , 60.46 , 22
1861 , 60.21 , 22
1862 , 59.95 , 22
1863 , 59.19 , 22
1864 , 59.44 , 22
1865 , 59.19 , 22
1866 , 59.19 , 22
1867 , 59.19 , 22
1868 , 58.93 , 22
1869 , 59.19 , 22
1870 , 58.68 , 22
1871 , 58.68 , 22
Going to Denaturing Temperature
1872 , 58.42 , 23
1873 , 65.57 , 23
1874 , 66.84 , 23
1875 , 68.12 , 23
1876 , 70.16 , 23
1877 , 70.92 , 23
1878 , 72.97 , 23
1879 , 73.99 , 23
1880 , 75.01 , 23
1881 , 76.03 , 23
1882 , 77.30 , 23
1883 , 78.32 , 23
1884 , 78.83 , 23
1885 , 79.85 , 23
1886 , 80.62 , 23
1887 , 81.39 , 23
1888 , 82.15 , 23
1889 , 82.41 , 23
1890 , 83.43 , 23
1891 , 84.19 , 23
1892 , 84.70 , 23
1893 , 85.21 , 23
1894 , 85.72 , 23
1895 , 86.23 , 23
1896 , 86.49 , 23
1897 , 86.49 , 23
1898 , 87.51 , 23
1899 , 88.02 , 23
1900 , 88.53 , 23
1901 , 88.53 , 23
1902 , 89.55 , 23
1903 , 89.81 , 23
1904 , 90.32 , 23
1905 , 90.32 , 23
1906 , 90.57 , 23
1907 , 90.57 , 23
1908 , 90.57 , 23
1909 , 91.34 , 23
1910 , 91.59 , 23
1911 , 92.10 , 23
1912 , 92.36 , 23
1913 , 92.87 , 23
1914 , 93.38 , 23
1915 , 93.38 , 23
1916 , 93.38 , 23
1917 , 93.89 , 23
1918 , 93.89 , 23
1919 , 94.14 , 23
Denaturing DNA Now
1920 , 94.40 , 23
1921 , 94.65 , 23
1922 , 95.16 , 23
1923 , 95.42 , 23
1924 , 95.67 , 23
Going to Extension Temperature
1925 , 95.67 , 23
1926 , 85.47 , 23
1927 , 82.92 , 23
1928 , 80.62 , 23
1929 , 77.56 , 23
1930 , 75.77 , 23
1931 , 73.73 , 23
1932 , 72.20 , 23
1933 , 70.41 , 23
1934 , 68.63 , 23
1935 , 67.10 , 23
1936 , 66.33 , 23
1937 , 64.80 , 23
1938 , 63.53 , 23
1939 , 61.99 , 23
1940 , 61.23 , 23
1941 , 59.95 , 23
Extending DNA Now
1942 , 58.68 , 23
1943 , 58.17 , 23
1944 , 60.72 , 23
1945 , 61.48 , 23
1946 , 61.74 , 23
1947 , 61.48 , 23
1948 , 61.74 , 23
1949 , 61.74 , 23
1950 , 61.48 , 23
1951 , 61.74 , 23
1952 , 61.48 , 23
1953 , 61.48 , 23
1954 , 61.48 , 23
1955 , 61.48 , 23
1956 , 61.23 , 23
1957 , 60.97 , 23
1958 , 61.23 , 23
1959 , 60.46 , 23
1960 , 60.46 , 23
1961 , 60.72 , 23
1962 , 60.46 , 23
1963 , 59.70 , 23
1964 , 59.95 , 23
1965 , 59.95 , 23
1966 , 59.70 , 23
1967 , 59.70 , 23
1968 , 59.19 , 23
1969 , 59.44 , 23
1970 , 59.44 , 23
1971 , 59.19 , 23
1972 , 59.19 , 23
Going to Denaturing Temperature
1973 , 59.19 , 24
1974 , 66.33 , 24
1975 , 68.37 , 24
1976 , 69.39 , 24
1977 , 70.16 , 24
1978 , 72.20 , 24
1979 , 72.97 , 24
1980 , 74.24 , 24
1981 , 75.52 , 24
1982 , 76.03 , 24
1983 , 77.30 , 24
1984 , 78.07 , 24
1985 , 78.07 , 24
1986 , 79.85 , 24
1987 , 80.37 , 24
1988 , 81.13 , 24
1989 , 82.15 , 24
1990 , 82.92 , 24
1991 , 83.43 , 24
1992 , 83.94 , 24
1993 , 84.45 , 24
1994 , 85.47 , 24
1995 , 85.72 , 24
1996 , 86.49 , 24
1997 , 86.74 , 24
1998 , 87.25 , 24
1999 , 87.51 , 24
2000 , 88.27 , 24
2001 , 88.53 , 24
2002 , 89.04 , 24
2003 , 89.81 , 24
2004 , 90.06 , 24
2005 , 90.32 , 24
2006 , 90.57 , 24
2007 , 91.08 , 24
2008 , 90.83 , 24
2009 , 91.34 , 24
2010 , 91.59 , 24
2011 , 91.59 , 24
2012 , 92.10 , 24
2013 , 92.36 , 24
2014 , 92.61 , 24
2015 , 93.12 , 24
2016 , 92.61 , 24
2017 , 92.61 , 24
2018 , 93.38 , 24
2019 , 93.63 , 24
2020 , 94.40 , 24
Denaturing DNA Now
2021 , 94.14 , 24
2022 , 94.14 , 24
2023 , 94.14 , 24
2024 , 94.14 , 24
2025 , 94.40 , 24
Going to Extension Temperature
2026 , 94.14 , 24
2027 , 84.19 , 24
2028 , 81.13 , 24
2029 , 78.83 , 24
2030 , 76.79 , 24
2031 , 74.50 , 24
2032 , 73.22 , 24
2033 , 70.92 , 24
2034 , 69.65 , 24
2035 , 68.12 , 24
2036 , 66.08 , 24
2037 , 64.80 , 24
2038 , 63.53 , 24
2039 , 62.25 , 24
2040 , 60.72 , 24
2041 , 59.95 , 24
Extending DNA Now
2042 , 59.19 , 24
2043 , 58.42 , 24
2044 , 61.48 , 24
2045 , 61.48 , 24
2046 , 61.99 , 24
2047 , 61.99 , 24
2048 , 61.74 , 24
2049 , 61.99 , 24
2050 , 61.99 , 24
2051 , 61.99 , 24
2052 , 61.74 , 24
2053 , 61.48 , 24
2054 , 60.97 , 24
2055 , 61.48 , 24
2056 , 60.97 , 24
2057 , 60.97 , 24
2058 , 60.46 , 24
2059 , 60.21 , 24
2060 , 59.95 , 24
2061 , 59.19 , 24
2062 , 59.70 , 24
2063 , 59.44 , 24
2064 , 58.93 , 24
2065 , 59.19 , 24
2066 , 58.93 , 24
2067 , 58.17 , 24
2068 , 58.68 , 24
2069 , 58.42 , 24
2070 , 57.91 , 24
2071 , 58.42 , 24
2072 , 58.17 , 24
2073 , 58.17 , 24
Going to Denaturing Temperature
2074 , 57.91 , 25
2075 , 65.31 , 25
2076 , 66.84 , 25
2077 , 68.37 , 25
2078 , 69.39 , 25
2079 , 70.92 , 25
2080 , 72.46 , 25
2081 , 73.48 , 25
2082 , 74.50 , 25
2083 , 75.52 , 25
2084 , 76.54 , 25
2085 , 77.56 , 25
2086 , 78.83 , 25
2087 , 79.34 , 25
2088 , 79.85 , 25
2089 , 80.62 , 25
2090 , 81.39 , 25
2091 , 81.90 , 25
2092 , 82.41 , 25
2093 , 83.17 , 25
2094 , 83.68 , 25
2095 , 84.19 , 25
2096 , 84.70 , 25
2097 , 85.47 , 25
2098 , 85.72 , 25
2099 , 86.23 , 25
2100 , 86.74 , 25
2101 , 87.51 , 25
2102 , 87.76 , 25
2103 , 87.76 , 25
2104 , 88.02 , 25
2105 , 88.27 , 25
2106 , 88.53 , 25
2107 , 88.27 , 25
2108 , 89.04 , 25
2109 , 89.55 , 25
2110 , 89.55 , 25
2111 , 90.32 , 25
2112 , 90.06 , 25
2113 , 90.83 , 25
2114 , 90.83 , 25
2115 , 91.34 , 25
2116 , 91.59 , 25
2117 , 91.85 , 25
2118 , 92.36 , 25
2119 , 92.10 , 25
2120 , 92.61 , 25
2121 , 92.36 , 25
2122 , 92.61 , 25
2123 , 92.61 , 25
2124 , 92.87 , 25
2125 , 93.38 , 25
2126 , 93.38 , 25
2127 , 93.63 , 25
2128 , 93.89 , 25
2129 , 94.14 , 25
Denaturing DNA Now
2130 , 94.40 , 25
2131 , 94.65 , 25
2132 , 94.91 , 25
2133 , 94.65 , 25
2134 , 94.40 , 25
Going to Extension Temperature
2135 , 94.65 , 25
2136 , 84.70 , 25
2137 , 81.64 , 25
2138 , 79.34 , 25
2139 , 77.56 , 25
2140 , 75.01 , 25
2141 , 72.97 , 25
2142 , 71.69 , 25
2143 , 70.16 , 25
2144 , 68.63 , 25
2145 , 66.59 , 25
2146 , 65.31 , 25
2147 , 64.04 , 25
2148 , 63.01 , 25
2149 , 61.48 , 25
2150 , 60.21 , 25
2151 , 58.68 , 25
Extending DNA Now
2152 , 58.17 , 25
2153 , 57.66 , 25
2154 , 60.72 , 25
2155 , 61.23 , 25
2156 , 61.48 , 25
2157 , 61.23 , 25
2158 , 61.48 , 25
2159 , 61.48 , 25
2160 , 61.48 , 25
2161 , 61.48 , 25
2162 , 60.97 , 25
2163 , 60.97 , 25
2164 , 60.46 , 25
2165 , 60.46 , 25
2166 , 60.21 , 25
2167 , 60.46 , 25
2168 , 60.46 , 25
2169 , 60.46 , 25
2170 , 60.21 , 25
2171 , 60.21 , 25
2172 , 60.21 , 25
2173 , 59.95 , 25
2174 , 60.21 , 25
2175 , 59.70 , 25
2176 , 59.44 , 25
2177 , 58.93 , 25
2178 , 59.19 , 25
2179 , 59.19 , 25
2180 , 59.19 , 25
2181 , 58.93 , 25
2182 , 58.42 , 25
Going to Denaturing Temperature
2183 , 58.68 , 26
2184 , 65.82 , 26
2185 , 67.61 , 26
2186 , 68.88 , 26
2187 , 70.16 , 26
2188 , 71.69 , 26
2189 , 72.97 , 26
2190 , 73.73 , 26
2191 , 75.52 , 26
2192 , 76.28 , 26
2193 , 77.05 , 26
2194 , 78.07 , 26
2195 , 79.09 , 26
2196 , 80.11 , 26
2197 , 80.62 , 26
2198 , 81.13 , 26
2199 , 81.64 , 26
2200 , 82.92 , 26
2201 , 83.43 , 26
2202 , 83.94 , 26
2203 , 84.45 , 26
2204 , 84.96 , 26
2205 , 85.98 , 26
2206 , 85.72 , 26
2207 , 86.74 , 26
2208 , 87.00 , 26
2209 , 87.25 , 26
2210 , 87.25 , 26
2211 , 87.51 , 26
2212 , 87.51 , 26
2213 , 87.76 , 26
2214 , 88.27 , 26
2215 , 88.27 , 26
2216 , 88.53 , 26
2217 , 88.79 , 26
2218 , 88.53 , 26
2219 , 89.30 , 26
2220 , 89.55 , 26
2221 , 89.81 , 26
2222 , 89.81 , 26
2223 , 89.81 , 26
2224 , 90.06 , 26
2225 , 90.32 , 26
2226 , 90.32 , 26
2227 , 90.57 , 26
2228 , 91.34 , 26
2229 , 91.34 , 26
2230 , 92.10 , 26
2231 , 92.10 , 26
2232 , 92.36 , 26
2233 , 92.87 , 26
2234 , 92.87 , 26
2235 , 93.12 , 26
2236 , 92.87 , 26
2237 , 92.87 , 26
2238 , 92.87 , 26
2239 , 93.12 , 26
2240 , 92.87 , 26
2241 , 93.38 , 26
2242 , 92.87 , 26
2243 , 92.87 , 26
2244 , 93.63 , 26
2245 , 93.12 , 26
2246 , 93.89 , 26
2247 , 94.14 , 26
Denaturing DNA Now
2248 , 93.89 , 26
2249 , 94.14 , 26
2250 , 93.89 , 26
2251 , 93.89 , 26
2252 , 93.89 , 26
Going to Extension Temperature
2253 , 93.63 , 26
2254 , 83.68 , 26
2255 , 80.88 , 26
2256 , 78.58 , 26
2257 , 76.28 , 26
2258 , 74.24 , 26
2259 , 72.46 , 26
2260 , 70.67 , 26
2261 , 68.88 , 26
2262 , 67.86 , 26
2263 , 65.57 , 26
2264 , 64.80 , 26
2265 , 63.27 , 26
2266 , 61.99 , 26
2267 , 60.72 , 26
2268 , 59.70 , 26
Extending DNA Now
2269 , 58.17 , 26
2270 , 57.66 , 26
2272 , 60.21 , 26
2273 , 61.23 , 26
2274 , 61.48 , 26
2275 , 61.23 , 26
2276 , 60.97 , 26
2277 , 61.48 , 26
2278 , 60.72 , 26
2279 , 61.23 , 26
2280 , 61.23 , 26
2281 , 60.72 , 26
2282 , 60.72 , 26
2283 , 60.72 , 26
2284 , 60.21 , 26
2285 , 60.46 , 26
2286 , 59.70 , 26
2287 , 60.46 , 26
2288 , 59.95 , 26
2289 , 59.95 , 26
2290 , 59.95 , 26
2291 , 60.21 , 26
2292 , 59.44 , 26
2293 , 59.44 , 26
2294 , 59.44 , 26
2295 , 59.19 , 26
2296 , 58.68 , 26
2297 , 58.68 , 26
2298 , 58.42 , 26
2299 , 58.17 , 26
Going to Denaturing Temperature
2300 , 58.17 , 27
2301 , 65.31 , 27
2302 , 66.84 , 27
2303 , 68.37 , 27
2304 , 69.65 , 27
2305 , 70.92 , 27
2306 , 72.20 , 27
2307 , 73.73 , 27
2308 , 74.75 , 27
2309 , 75.77 , 27
2310 , 76.79 , 27
2311 , 77.56 , 27
2312 , 78.32 , 27
2313 , 79.34 , 27
2314 , 80.11 , 27
2315 , 80.62 , 27
2316 , 81.39 , 27
2317 , 82.41 , 27
2318 , 82.92 , 27
2319 , 83.43 , 27
2320 , 83.94 , 27
2321 , 83.94 , 27
2322 , 83.94 , 27
2323 , 85.47 , 27
2324 , 85.21 , 27
2325 , 86.23 , 27
2326 , 86.74 , 27
2327 , 87.25 , 27
2328 , 87.25 , 27
2329 , 87.76 , 27
2330 , 87.76 , 27
2331 , 87.76 , 27
2332 , 88.79 , 27
2333 , 89.30 , 27
2334 , 89.30 , 27
2335 , 89.81 , 27
2336 , 90.57 , 27
2337 , 90.83 , 27
2338 , 90.83 , 27
2339 , 91.08 , 27
2340 , 91.08 , 27
2341 , 90.83 , 27
2342 , 91.59 , 27
2343 , 91.85 , 27
2344 , 91.85 , 27
2345 , 91.85 , 27
2346 , 92.61 , 27
2347 , 92.61 , 27
2348 , 92.61 , 27
2349 , 92.10 , 27
2350 , 92.10 , 27
2351 , 92.87 , 27
2352 , 92.87 , 27
2353 , 92.87 , 27
2354 , 92.36 , 27
2355 , 93.12 , 27
2356 , 93.12 , 27
2357 , 93.12 , 27
2358 , 92.61 , 27
2359 , 93.12 , 27
2360 , 93.38 , 27
2361 , 93.38 , 27
2362 , 93.12 , 27
2363 , 93.89 , 27
2364 , 93.63 , 27
2365 , 93.38 , 27
2366 , 93.89 , 27
2367 , 93.89 , 27
2368 , 93.89 , 27
2369 , 93.63 , 27
2370 , 93.63 , 27
2371 , 94.14 , 27
Denaturing DNA Now
2372 , 94.40 , 27
2373 , 93.89 , 27
2374 , 93.89 , 27
2375 , 94.14 , 27
2376 , 93.89 , 27
Going to Extension Temperature
2377 , 94.40 , 27
2378 , 84.70 , 27
2379 , 81.39 , 27
2380 , 79.60 , 27
2381 , 76.79 , 27
2382 , 75.26 , 27
2383 , 73.22 , 27
2384 , 71.43 , 27
2385 , 69.39 , 27
2386 , 67.86 , 27
2387 , 66.59 , 27
2388 , 65.31 , 27
2389 , 63.78 , 27
2390 , 63.01 , 27
2391 , 61.99 , 27
2392 , 60.72 , 27
2393 , 58.93 , 27
Extending DNA Now
2394 , 58.42 , 27
2395 , 57.66 , 27
2396 , 60.72 , 27
2397 , 61.23 , 27
2398 , 61.48 , 27
2399 , 60.97 , 27
2400 , 60.97 , 27
2401 , 60.97 , 27
2402 , 60.97 , 27
2403 , 60.46 , 27
2404 , 59.95 , 27
2405 , 60.72 , 27
2406 , 60.46 , 27
2407 , 60.21 , 27
2408 , 60.21 , 27
2409 , 60.46 , 27
2410 , 60.21 , 27
2411 , 60.21 , 27
2412 , 59.95 , 27
2413 , 59.70 , 27
2414 , 59.44 , 27
2415 , 59.44 , 27
2416 , 59.19 , 27
2417 , 59.44 , 27
2418 , 59.19 , 27
2419 , 58.42 , 27
2420 , 58.42 , 27
2421 , 58.93 , 27
2422 , 58.68 , 27
2423 , 58.17 , 27
2424 , 58.17 , 27
2425 , 57.66 , 27
Going to Denaturing Temperature
2426 , 57.40 , 28
2427 , 65.31 , 28
2428 , 66.59 , 28
2429 , 68.12 , 28
2430 , 69.39 , 28
2431 , 71.18 , 28
2432 , 72.20 , 28
2433 , 73.22 , 28
2434 , 74.24 , 28
2435 , 75.26 , 28
2436 , 76.03 , 28
2437 , 77.30 , 28
2438 , 78.07 , 28
2439 , 78.32 , 28
2440 , 79.34 , 28
2441 , 80.11 , 28
2442 , 80.88 , 28
2443 , 81.39 , 28
2444 , 81.90 , 28
2445 , 82.66 , 28
2446 , 83.43 , 28
2447 , 83.94 , 28
2448 , 84.45 , 28
2449 , 84.96 , 28
2450 , 85.47 , 28
2451 , 85.72 , 28
2452 , 86.23 , 28
2453 , 86.74 , 28
2454 , 87.25 , 28
2455 , 87.00 , 28
2456 , 87.51 , 28
2457 , 88.02 , 28
2458 , 88.02 , 28
2459 , 88.79 , 28
2460 , 88.53 , 28
2461 , 89.04 , 28
2462 , 89.55 , 28
2463 , 89.30 , 28
2464 , 89.30 , 28
2465 , 90.06 , 28
2466 , 90.06 , 28
2467 , 90.32 , 28
2468 , 90.06 , 28
2469 , 90.06 , 28
2470 , 89.81 , 28
2471 , 90.57 , 28
2472 , 90.06 , 28
2473 , 90.57 , 28
2474 , 91.08 , 28
2475 , 90.83 , 28
2476 , 91.34 , 28
2477 , 91.34 , 28
2478 , 91.59 , 28
2479 , 91.59 , 28
2480 , 91.59 , 28
2481 , 91.59 , 28
2482 , 92.36 , 28
2483 , 92.36 , 28
2484 , 92.61 , 28
2485 , 92.36 , 28
2486 , 92.61 , 28
2487 , 93.12 , 28
2488 , 93.12 , 28
2489 , 93.12 , 28
2490 , 93.12 , 28
2491 , 93.12 , 28
2492 , 93.89 , 28
2493 , 93.63 , 28
2494 , 93.63 , 28
2495 , 93.63 , 28
2496 , 93.63 , 28
2497 , 93.63 , 28
2498 , 93.63 , 28
2499 , 93.89 , 28
2500 , 94.14 , 28
Denaturing DNA Now
2501 , 94.65 , 28
2502 , 94.14 , 28
2503 , 94.40 , 28
2504 , 93.89 , 28
2505 , 94.14 , 28
2506 , 94.65 , 28
Going to Extension Temperature
2507 , 94.40 , 28
2508 , 84.45 , 28
2509 , 81.39 , 28
2510 , 78.83 , 28
2511 , 76.54 , 28
2512 , 74.50 , 28
2513 , 72.20 , 28
2514 , 70.92 , 28
2515 , 69.14 , 28
2516 , 67.61 , 28
2517 , 66.08 , 28
2518 , 64.80 , 28
2519 , 63.27 , 28
2520 , 61.48 , 28
2521 , 60.72 , 28
2522 , 59.95 , 28
Extending DNA Now
2523 , 58.42 , 28
2524 , 57.66 , 28
2525 , 61.48 , 28
2526 , 61.23 , 28
2527 , 61.74 , 28
2528 , 61.48 , 28
2529 , 61.99 , 28
2530 , 61.74 , 28
2531 , 61.48 , 28
2532 , 61.48 , 28
2533 , 61.48 , 28
2534 , 61.23 , 28
2535 , 61.23 , 28
2536 , 60.97 , 28
2537 , 60.72 , 28
2538 , 60.72 , 28
2539 , 60.46 , 28
2540 , 60.72 , 28
2541 , 60.97 , 28
2542 , 60.46 , 28
2543 , 60.21 , 28
2544 , 60.21 , 28
2545 , 60.21 , 28
2546 , 59.95 , 28
2547 , 59.70 , 28
2548 , 59.95 , 28
2549 , 59.70 , 28
2550 , 59.44 , 28
2551 , 59.19 , 28
2552 , 59.70 , 28
2553 , 58.93 , 28
Going to Denaturing Temperature
2554 , 58.93 , 29
2555 , 66.33 , 29
2556 , 67.35 , 29
2557 , 68.12 , 29
2558 , 70.16 , 29
2559 , 70.92 , 29
2560 , 72.71 , 29
2561 , 73.73 , 29
2562 , 74.75 , 29
2563 , 75.26 , 29
2564 , 76.79 , 29
2565 , 77.81 , 29
2566 , 78.07 , 29
2567 , 78.83 , 29
2568 , 79.60 , 29
2569 , 80.62 , 29
2570 , 80.62 , 29
2571 , 82.15 , 29
2572 , 82.41 , 29
2573 , 82.66 , 29
2574 , 83.43 , 29
2575 , 83.94 , 29
2576 , 84.45 , 29
2577 , 85.21 , 29
2578 , 85.72 , 29
2579 , 86.49 , 29
2580 , 86.74 , 29
2581 , 87.51 , 29
2582 , 87.51 , 29
2583 , 88.27 , 29
2584 , 89.04 , 29
2585 , 89.04 , 29
2586 , 89.04 , 29
2587 , 89.55 , 29
2588 , 90.06 , 29
2589 , 89.55 , 29
2590 , 89.81 , 29
2591 , 90.06 , 29
2592 , 90.32 , 29
2593 , 90.83 , 29
2594 , 91.08 , 29
2595 , 91.08 , 29
2596 , 91.08 , 29
2597 , 91.08 , 29
2598 , 91.34 , 29
2599 , 91.08 , 29
2600 , 90.83 , 29
2601 , 91.08 , 29
2602 , 91.08 , 29
2603 , 90.83 , 29
2604 , 91.34 , 29
2605 , 91.34 , 29
2606 , 91.59 , 29
2607 , 91.34 , 29
2608 , 91.59 , 29
2609 , 91.59 , 29
2610 , 91.59 , 29
2611 , 91.85 , 29
2612 , 91.85 , 29
2613 , 92.10 , 29
2614 , 92.10 , 29
2615 , 92.10 , 29
2616 , 91.34 , 29
2617 , 91.34 , 29
2618 , 92.36 , 29
2619 , 92.36 , 29
2620 , 92.36 , 29
2621 , 92.61 , 29
2622 , 93.12 , 29
2623 , 93.38 , 29
2624 , 93.63 , 29
2625 , 93.89 , 29
2626 , 94.14 , 29
Denaturing DNA Now
2627 , 94.40 , 29
2628 , 94.40 , 29
2629 , 94.40 , 29
2630 , 94.40 , 29
2631 , 94.14 , 29
Going to Extension Temperature
2632 , 94.40 , 29
2633 , 84.45 , 29
2634 , 81.90 , 29
2635 , 79.34 , 29
2636 , 77.05 , 29
2637 , 74.75 , 29
2638 , 72.97 , 29
2639 , 71.18 , 29
2640 , 69.65 , 29
2641 , 67.86 , 29
2642 , 66.59 , 29
2643 , 65.31 , 29
2644 , 63.78 , 29
2645 , 62.25 , 29
2646 , 61.48 , 29
2647 , 60.21 , 29
2648 , 59.19 , 29
Extending DNA Now
2649 , 57.66 , 29
2650 , 57.66 , 29
2651 , 60.97 , 29
2652 , 60.97 , 29
2653 , 61.23 , 29
2654 , 61.48 , 29
2655 , 61.74 , 29
2656 , 61.23 , 29
2657 , 60.97 , 29
2658 , 60.72 , 29
2659 , 60.97 , 29
2660 , 60.97 , 29
2661 , 60.46 , 29
2662 , 60.72 , 29
2663 , 60.46 , 29
2664 , 60.72 , 29
2665 , 60.46 , 29
2666 , 60.21 , 29
2667 , 60.21 , 29
2668 , 60.21 , 29
2669 , 59.95 , 29
2670 , 59.95 , 29
2671 , 59.70 , 29
2672 , 59.44 , 29
2673 , 59.95 , 29
2674 , 59.19 , 29
2675 , 59.19 , 29
2676 , 59.19 , 29
2677 , 58.93 , 29
2678 , 59.19 , 29
2679 , 58.93 , 29
2680 , 59.19 , 29
Going to Denaturing Temperature
2681 , 58.68 , 30
2682 , 65.82 , 30
2683 , 67.35 , 30
2684 , 68.88 , 30
2685 , 70.41 , 30
2686 , 71.69 , 30
2687 , 72.71 , 30
2688 , 73.48 , 30
2689 , 74.75 , 30
2690 , 75.52 , 30
2691 , 76.54 , 30
2692 , 77.30 , 30
2693 , 78.07 , 30
2694 , 78.83 , 30
2695 , 80.11 , 30
2696 , 79.85 , 30
2697 , 80.88 , 30
2698 , 82.15 , 30
2699 , 82.66 , 30
2700 , 82.92 , 30
2701 , 83.17 , 30
2702 , 83.94 , 30
2703 , 84.19 , 30
2704 , 84.19 , 30
2705 , 84.70 , 30
2706 , 85.21 , 30
2707 , 85.98 , 30
2708 , 85.98 , 30
2709 , 86.74 , 30
2710 , 87.00 , 30
2711 , 87.25 , 30
2712 , 87.76 , 30
2713 , 87.76 , 30
2714 , 88.27 , 30
2715 , 88.79 , 30
2716 , 89.04 , 30
2717 , 88.79 , 30
2718 , 88.27 , 30
2719 , 89.04 , 30
2720 , 89.55 , 30
2721 , 89.30 , 30
2722 , 89.55 , 30
2723 , 89.55 , 30
2724 , 90.06 , 30
2725 , 90.06 , 30
2726 , 89.81 , 30
2727 , 90.06 , 30
2728 , 90.83 , 30
2729 , 91.08 , 30
2730 , 91.85 , 30
2731 , 91.85 , 30
2732 , 92.10 , 30
2733 , 92.61 , 30
2734 , 92.87 , 30
2735 , 92.61 , 30
2736 , 93.38 , 30
2737 , 93.12 , 30
2738 , 93.12 , 30
2739 , 93.12 , 30
2740 , 93.12 , 30
2741 , 93.12 , 30
2742 , 93.38 , 30
2743 , 93.38 , 30
2744 , 93.12 , 30
2745 , 93.63 , 30
2746 , 93.38 , 30
2747 , 93.38 , 30
2748 , 93.63 , 30
2749 , 92.87 , 30
2750 , 93.63 , 30
2751 , 93.63 , 30
2752 , 93.12 , 30
2753 , 93.12 , 30
2754 , 93.12 , 30
2755 , 93.89 , 30
2756 , 93.89 , 30
2757 , 93.89 , 30
2758 , 94.14 , 30
Denaturing DNA Now
2759 , 94.65 , 30
2760 , 94.40 , 30
2761 , 94.40 , 30
2762 , 94.40 , 30
2763 , 94.65 , 30
Going to Extension Temperature
2764 , 94.40 , 30
2765 , 84.19 , 30
2766 , 81.64 , 30
2767 , 79.09 , 30
2768 , 77.05 , 30
2769 , 74.75 , 30
2770 , 72.97 , 30
2771 , 71.18 , 30
2772 , 69.90 , 30
2773 , 68.12 , 30
2774 , 66.33 , 30
2775 , 65.06 , 30
2776 , 64.04 , 30
2777 , 62.76 , 30
2778 , 61.48 , 30
2779 , 60.21 , 30
2780 , 59.19 , 30
Extending DNA Now
2781 , 58.42 , 30
2782 , 57.40 , 30
2783 , 60.72 , 30
2784 , 60.97 , 30
2785 , 60.72 , 30
2786 , 61.23 , 30
2787 , 60.97 , 30
2788 , 60.72 , 30
2789 , 61.74 , 30
2790 , 61.23 , 30
2791 , 60.46 , 30
2792 , 61.23 , 30
2793 , 60.97 , 30
2794 , 60.46 , 30
2795 , 60.46 , 30
2796 , 60.21 , 30
2797 , 59.95 , 30
2798 , 59.70 , 30
2799 , 59.70 , 30
2800 , 59.44 , 30
2801 , 59.44 , 30
2802 , 59.19 , 30
2803 , 59.44 , 30
2804 , 58.93 , 30
2805 , 59.19 , 30
2806 , 58.42 , 30
2807 , 58.42 , 30
2808 , 58.68 , 30
2809 , 58.17 , 30
2810 , 57.91 , 30
2811 , 57.66 , 30
2812 , 57.66 , 30
