Please wait for the temperature to reach 95
0 , 77.81 , 0
1 , 80.88 , 0
2 , 81.64 , 0
3 , 82.15 , 0
4 , 83.17 , 0
5 , 83.94 , 0
6 , 84.70 , 0
7 , 85.47 , 0
8 , 86.23 , 0
9 , 86.49 , 0
10 , 87.51 , 0
11 , 88.53 , 0
12 , 89.04 , 0
13 , 89.55 , 0
14 , 89.81 , 0
15 , 90.32 , 0
16 , 90.83 , 0
17 , 91.08 , 0
18 , 90.83 , 0
19 , 91.34 , 0
20 , 91.59 , 0
21 , 91.85 , 0
22 , 91.85 , 0
23 , 93.12 , 0
24 , 93.38 , 0
25 , 93.89 , 0
26 , 94.14 , 0
27 , 94.65 , 0
28 , 95.16 , 0
Temperature has reached 95, please wait 60s for the initial denaturing to complete
29 , 95.42 , 0
30 , 94.65 , 0
31 , 94.65 , 0
32 , 95.67 , 0
33 , 96.18 , 0
34 , 94.65 , 0
35 , 95.16 , 0
36 , 96.44 , 0
37 , 96.18 , 0
38 , 96.18 , 0
39 , 96.18 , 0
40 , 96.18 , 0
41 , 96.18 , 0
42 , 95.67 , 0
43 , 95.42 , 0
44 , 96.18 , 0
45 , 95.42 , 0
46 , 95.16 , 0
47 , 94.91 , 0
48 , 95.42 , 0
49 , 96.44 , 0
50 , 96.18 , 0
51 , 95.93 , 0
52 , 96.44 , 0
53 , 96.18 , 0
54 , 96.44 , 0
55 , 96.69 , 0
56 , 96.95 , 0
57 , 96.44 , 0
58 , 97.20 , 0
59 , 97.46 , 0
60 , 97.46 , 0
61 , 97.46 , 0
62 , 97.46 , 0
63 , 98.23 , 0
64 , 98.23 , 0
65 , 98.23 , 0
66 , 98.23 , 0
67 , 98.23 , 0
68 , 97.72 , 0
69 , 97.97 , 0
70 , 98.48 , 0
71 , 98.48 , 0
72 , 98.48 , 0
73 , 98.23 , 0
74 , 98.48 , 0
75 , 98.23 , 0
76 , 97.72 , 0
77 , 97.72 , 0
78 , 98.48 , 0
79 , 98.23 , 0
80 , 98.48 , 0
81 , 98.48 , 0
82 , 97.20 , 0
83 , 98.23 , 0
84 , 97.97 , 0
85 , 97.97 , 0
86 , 97.20 , 0
87 , 97.46 , 0
88 , 97.20 , 0
89 , 97.46 , 0
90 , 96.95 , 0
Initial Denaturing has completed, Amplification Loop will start now
Going to Denaturing Temperature
Denaturing DNA Now
91 , 97.72 , 1
92 , 96.95 , 1
93 , 97.20 , 1
94 , 97.20 , 1
95 , 97.72 , 1
96 , 97.97 , 1
97 , 97.72 , 1
98 , 97.97 , 1
99 , 98.23 , 1
100 , 98.23 , 1
101 , 98.23 , 1
102 , 98.23 , 1
103 , 98.23 , 1
104 , 97.46 , 1
105 , 97.20 , 1
106 , 97.20 , 1
107 , 97.46 , 1
108 , 96.95 , 1
109 , 96.95 , 1
110 , 96.69 , 1
Going to Extension Temperature
111 , 97.20 , 1
112 , 88.02 , 1
113 , 85.47 , 1
114 , 83.43 , 1
115 , 81.39 , 1
116 , 79.85 , 1
117 , 78.32 , 1
118 , 76.79 , 1
119 , 75.52 , 1
120 , 74.24 , 1
121 , 73.22 , 1
122 , 71.95 , 1
123 , 70.67 , 1
124 , 69.39 , 1
125 , 68.63 , 1
126 , 67.35 , 1
127 , 66.59 , 1
128 , 65.06 , 1
129 , 64.55 , 1
130 , 63.78 , 1
131 , 62.76 , 1
132 , 61.74 , 1
133 , 60.72 , 1
134 , 59.95 , 1
135 , 59.19 , 1
136 , 58.42 , 1
Extending DNA Now
137 , 57.66 , 1
138 , 57.40 , 1
139 , 60.21 , 1
140 , 61.23 , 1
141 , 61.99 , 1
142 , 60.97 , 1
143 , 60.72 , 1
144 , 60.46 , 1
145 , 60.97 , 1
146 , 60.46 , 1
147 , 60.21 , 1
148 , 60.72 , 1
149 , 60.72 , 1
150 , 60.21 , 1
151 , 59.95 , 1
152 , 60.21 , 1
153 , 59.70 , 1
154 , 59.44 , 1
155 , 59.44 , 1
156 , 59.44 , 1
157 , 58.93 , 1
158 , 58.68 , 1
159 , 59.44 , 1
160 , 59.19 , 1
161 , 58.93 , 1
162 , 59.19 , 1
163 , 58.17 , 1
164 , 58.42 , 1
165 , 58.17 , 1
166 , 58.68 , 1
167 , 58.93 , 1
168 , 58.42 , 1
169 , 58.68 , 1
170 , 57.91 , 1
171 , 57.91 , 1
172 , 57.91 , 1
173 , 58.17 , 1
174 , 58.42 , 1
175 , 57.91 , 1
176 , 58.17 , 1
177 , 57.66 , 1
178 , 57.66 , 1
Going to Denaturing Temperature
179 , 57.40 , 2
180 , 64.55 , 2
181 , 66.59 , 2
182 , 68.12 , 2
183 , 69.14 , 2
184 , 70.41 , 2
185 , 71.69 , 2
186 , 71.95 , 2
187 , 73.48 , 2
188 , 74.50 , 2
189 , 75.52 , 2
190 , 76.54 , 2
191 , 77.05 , 2
192 , 78.32 , 2
193 , 79.09 , 2
194 , 79.60 , 2
195 , 80.37 , 2
196 , 81.13 , 2
197 , 81.39 , 2
198 , 81.90 , 2
199 , 82.41 , 2
200 , 83.17 , 2
201 , 83.17 , 2
202 , 84.45 , 2
203 , 84.45 , 2
204 , 85.72 , 2
205 , 86.23 , 2
206 , 86.74 , 2
207 , 87.00 , 2
208 , 88.02 , 2
209 , 88.79 , 2
210 , 89.30 , 2
211 , 89.30 , 2
212 , 89.81 , 2
213 , 90.06 , 2
214 , 89.81 , 2
215 , 91.08 , 2
216 , 91.08 , 2
217 , 91.34 , 2
218 , 91.85 , 2
219 , 92.10 , 2
220 , 92.36 , 2
221 , 92.87 , 2
222 , 93.38 , 2
223 , 93.63 , 2
224 , 93.89 , 2
225 , 94.65 , 2
226 , 94.91 , 2
227 , 94.91 , 2
228 , 94.91 , 2
229 , 95.42 , 2
Denaturing DNA Now
230 , 95.67 , 2
231 , 95.16 , 2
232 , 95.16 , 2
233 , 95.67 , 2
234 , 95.67 , 2
235 , 95.42 , 2
236 , 95.42 , 2
237 , 95.93 , 2
238 , 95.93 , 2
239 , 96.44 , 2
240 , 96.44 , 2
241 , 96.69 , 2
242 , 97.20 , 2
243 , 97.72 , 2
244 , 96.44 , 2
245 , 96.18 , 2
246 , 96.18 , 2
247 , 96.18 , 2
248 , 95.93 , 2
249 , 95.93 , 2
Going to Extension Temperature
250 , 95.93 , 2
251 , 86.49 , 2
252 , 83.68 , 2
253 , 82.15 , 2
254 , 80.88 , 2
255 , 78.58 , 2
256 , 77.05 , 2
257 , 76.03 , 2
258 , 73.99 , 2
259 , 72.97 , 2
260 , 71.69 , 2
261 , 70.41 , 2
262 , 69.39 , 2
263 , 67.86 , 2
264 , 66.84 , 2
265 , 65.82 , 2
266 , 64.80 , 2
267 , 64.29 , 2
268 , 63.27 , 2
269 , 61.74 , 2
270 , 60.97 , 2
271 , 60.21 , 2
272 , 59.44 , 2
273 , 58.93 , 2
Extending DNA Now
274 , 57.91 , 2
275 , 57.91 , 2
276 , 60.46 , 2
277 , 61.48 , 2
278 , 61.99 , 2
279 , 61.23 , 2
280 , 61.99 , 2
281 , 60.46 , 2
282 , 60.97 , 2
283 , 60.72 , 2
284 , 60.21 , 2
285 , 60.21 , 2
286 , 60.21 , 2
287 , 59.70 , 2
288 , 60.21 , 2
289 , 59.95 , 2
290 , 59.70 , 2
291 , 58.93 , 2
292 , 59.44 , 2
293 , 59.70 , 2
294 , 59.19 , 2
295 , 59.44 , 2
296 , 59.44 , 2
297 , 59.19 , 2
298 , 59.19 , 2
299 , 58.42 , 2
300 , 59.19 , 2
301 , 58.93 , 2
302 , 59.19 , 2
303 , 58.42 , 2
304 , 58.68 , 2
305 , 58.68 , 2
306 , 58.68 , 2
307 , 58.42 , 2
308 , 58.68 , 2
309 , 58.93 , 2
310 , 58.17 , 2
311 , 58.17 , 2
312 , 58.42 , 2
313 , 58.17 , 2
314 , 57.91 , 2
Going to Denaturing Temperature
315 , 58.68 , 3
316 , 65.57 , 3
317 , 67.35 , 3
318 , 68.63 , 3
319 , 69.65 , 3
320 , 70.67 , 3
321 , 71.95 , 3
322 , 72.71 , 3
323 , 73.48 , 3
324 , 74.50 , 3
325 , 75.77 , 3
326 , 76.03 , 3
327 , 76.79 , 3
328 , 77.81 , 3
329 , 78.83 , 3
330 , 79.60 , 3
331 , 80.37 , 3
332 , 80.88 , 3
333 , 81.64 , 3
334 , 82.41 , 3
335 , 82.92 , 3
336 , 83.68 , 3
337 , 84.70 , 3
338 , 84.96 , 3
339 , 85.72 , 3
340 , 85.98 , 3
341 , 86.74 , 3
342 , 87.25 , 3
343 , 87.51 , 3
344 , 87.76 , 3
345 , 88.27 , 3
346 , 88.79 , 3
347 , 89.30 , 3
348 , 89.81 , 3
349 , 90.83 , 3
350 , 90.83 , 3
351 , 91.34 , 3
352 , 91.59 , 3
353 , 92.10 , 3
354 , 92.36 , 3
355 , 92.36 , 3
356 , 92.61 , 3
357 , 93.12 , 3
358 , 93.38 , 3
359 , 93.89 , 3
360 , 94.40 , 3
361 , 94.14 , 3
362 , 94.91 , 3
363 , 94.65 , 3
364 , 95.42 , 3
Denaturing DNA Now
365 , 95.67 , 3
366 , 95.67 , 3
367 , 95.67 , 3
368 , 96.44 , 3
369 , 96.95 , 3
370 , 96.95 , 3
371 , 97.20 , 3
372 , 97.46 , 3
373 , 96.44 , 3
374 , 96.18 , 3
375 , 96.18 , 3
376 , 96.18 , 3
377 , 96.44 , 3
378 , 95.93 , 3
379 , 96.18 , 3
380 , 95.67 , 3
381 , 95.42 , 3
382 , 95.42 , 3
383 , 95.16 , 3
384 , 94.91 , 3
Going to Extension Temperature
385 , 94.65 , 3
386 , 85.98 , 3
387 , 83.43 , 3
388 , 81.64 , 3
389 , 79.34 , 3
390 , 78.07 , 3
391 , 76.79 , 3
392 , 75.26 , 3
393 , 73.99 , 3
394 , 72.71 , 3
395 , 70.92 , 3
396 , 70.16 , 3
397 , 68.88 , 3
398 , 67.86 , 3
399 , 66.08 , 3
400 , 65.82 , 3
401 , 64.55 , 3
402 , 63.27 , 3
403 , 62.76 , 3
404 , 61.74 , 3
405 , 60.72 , 3
406 , 60.21 , 3
407 , 58.68 , 3
Extending DNA Now
408 , 58.68 , 3
409 , 58.42 , 3
410 , 61.48 , 3
411 , 61.74 , 3
412 , 61.99 , 3
413 , 61.74 , 3
414 , 61.48 , 3
415 , 61.74 , 3
416 , 61.23 , 3
417 , 61.48 , 3
418 , 61.48 , 3
419 , 60.97 , 3
420 , 60.97 , 3
421 , 60.72 , 3
422 , 60.72 , 3
423 , 60.46 , 3
424 , 60.97 , 3
425 , 60.46 , 3
426 , 59.95 , 3
427 , 60.21 , 3
428 , 60.21 , 3
429 , 60.21 , 3
430 , 59.95 , 3
431 , 59.95 , 3
432 , 59.19 , 3
433 , 59.44 , 3
434 , 59.19 , 3
435 , 59.19 , 3
436 , 58.93 , 3
437 , 58.93 , 3
438 , 59.19 , 3
439 , 59.95 , 3
440 , 59.19 , 3
441 , 58.93 , 3
442 , 58.93 , 3
443 , 59.44 , 3
444 , 59.19 , 3
445 , 58.68 , 3
446 , 59.19 , 3
447 , 59.19 , 3
448 , 59.19 , 3
Going to Denaturing Temperature
449 , 58.93 , 4
450 , 66.33 , 4
451 , 68.12 , 4
452 , 68.88 , 4
453 , 70.16 , 4
454 , 70.92 , 4
455 , 71.95 , 4
456 , 73.22 , 4
457 , 74.50 , 4
458 , 74.75 , 4
459 , 76.03 , 4
460 , 76.28 , 4
461 , 77.30 , 4
462 , 78.07 , 4
463 , 78.83 , 4
464 , 79.85 , 4
465 , 80.37 , 4
466 , 80.88 , 4
467 , 81.13 , 4
468 , 82.41 , 4
469 , 82.15 , 4
470 , 83.17 , 4
471 , 83.43 , 4
472 , 84.19 , 4
473 , 84.19 , 4
474 , 84.19 , 4
475 , 85.47 , 4
476 , 85.98 , 4
477 , 86.23 , 4
478 , 87.51 , 4
479 , 87.25 , 4
480 , 87.51 , 4
481 , 88.27 , 4
482 , 88.53 , 4
483 , 88.79 , 4
484 , 88.79 , 4
485 , 88.53 , 4
486 , 89.30 , 4
487 , 90.32 , 4
488 , 90.06 , 4
489 , 90.57 , 4
490 , 90.57 , 4
491 , 91.34 , 4
492 , 91.34 , 4
493 , 91.59 , 4
494 , 91.85 , 4
495 , 92.10 , 4
496 , 91.85 , 4
497 , 92.36 , 4
498 , 92.61 , 4
499 , 92.61 , 4
500 , 92.36 , 4
501 , 93.12 , 4
502 , 92.87 , 4
503 , 93.38 , 4
504 , 93.38 , 4
505 , 93.12 , 4
506 , 93.38 , 4
507 , 93.38 , 4
508 , 93.63 , 4
509 , 93.63 , 4
510 , 94.14 , 4
511 , 93.63 , 4
512 , 94.40 , 4
513 , 94.14 , 4
514 , 94.40 , 4
515 , 94.14 , 4
516 , 93.63 , 4
517 , 94.91 , 4
518 , 94.65 , 4
519 , 95.67 , 4
Denaturing DNA Now
520 , 95.93 , 4
521 , 95.42 , 4
522 , 95.93 , 4
523 , 95.67 , 4
524 , 96.69 , 4
525 , 96.18 , 4
526 , 96.18 , 4
527 , 96.44 , 4
528 , 96.69 , 4
529 , 96.95 , 4
530 , 96.95 , 4
531 , 97.72 , 4
532 , 97.20 , 4
533 , 96.44 , 4
534 , 96.18 , 4
535 , 96.18 , 4
536 , 96.44 , 4
537 , 95.93 , 4
538 , 95.67 , 4
539 , 95.42 , 4
Going to Extension Temperature
540 , 95.16 , 4
541 , 87.00 , 4
542 , 84.45 , 4
543 , 81.90 , 4
544 , 80.62 , 4
545 , 79.09 , 4
546 , 77.81 , 4
547 , 76.28 , 4
548 , 74.75 , 4
549 , 73.48 , 4
550 , 71.95 , 4
551 , 70.92 , 4
552 , 69.65 , 4
553 , 68.88 , 4
554 , 67.86 , 4
555 , 66.84 , 4
556 , 65.31 , 4
557 , 64.04 , 4
558 , 63.27 , 4
559 , 62.76 , 4
560 , 61.48 , 4
561 , 60.21 , 4
562 , 59.70 , 4
563 , 58.93 , 4
Extending DNA Now
564 , 58.42 , 4
565 , 58.42 , 4
566 , 60.97 , 4
567 , 61.48 , 4
568 , 61.48 , 4
569 , 61.48 , 4
570 , 61.48 , 4
571 , 60.97 , 4
572 , 61.23 , 4
573 , 60.46 , 4
574 , 61.23 , 4
575 , 60.21 , 4
576 , 59.70 , 4
577 , 59.44 , 4
578 , 59.44 , 4
579 , 59.19 , 4
580 , 59.70 , 4
581 , 59.70 , 4
582 , 59.70 , 4
583 , 58.93 , 4
584 , 59.19 , 4
585 , 59.70 , 4
586 , 59.19 , 4
587 , 58.68 , 4
588 , 58.93 , 4
589 , 58.68 , 4
590 , 58.68 , 4
591 , 58.68 , 4
592 , 58.68 , 4
593 , 58.93 , 4
594 , 58.42 , 4
595 , 58.42 , 4
596 , 58.93 , 4
597 , 58.17 , 4
598 , 58.42 , 4
599 , 58.68 , 4
600 , 57.91 , 4
601 , 58.17 , 4
602 , 58.17 , 4
603 , 57.66 , 4
604 , 57.15 , 4
Going to Denaturing Temperature
605 , 57.66 , 5
606 , 64.29 , 5
607 , 66.33 , 5
608 , 67.61 , 5
609 , 68.37 , 5
610 , 69.65 , 5
611 , 70.41 , 5
612 , 71.69 , 5
613 , 72.46 , 5
614 , 73.73 , 5
615 , 73.99 , 5
616 , 75.01 , 5
617 , 75.77 , 5
618 , 76.79 , 5
619 , 77.81 , 5
620 , 77.81 , 5
621 , 78.83 , 5
622 , 79.09 , 5
623 , 79.34 , 5
624 , 80.11 , 5
625 , 80.88 , 5
626 , 81.64 , 5
627 , 82.15 , 5
628 , 82.92 , 5
629 , 83.43 , 5
630 , 83.17 , 5
631 , 83.94 , 5
632 , 84.45 , 5
633 , 84.70 , 5
634 , 85.47 , 5
635 , 85.98 , 5
636 , 86.23 , 5
637 , 86.49 , 5
638 , 87.00 , 5
639 , 87.51 , 5
640 , 87.51 , 5
641 , 87.76 , 5
642 , 88.02 , 5
643 , 88.02 , 5
644 , 87.76 , 5
645 , 88.53 , 5
646 , 88.53 , 5
647 , 88.53 , 5
648 , 89.30 , 5
649 , 89.81 , 5
650 , 89.81 , 5
651 , 90.06 , 5
652 , 90.06 , 5
653 , 90.83 , 5
654 , 90.83 , 5
655 , 90.83 , 5
656 , 90.83 , 5
657 , 91.08 , 5
658 , 91.85 , 5
659 , 91.85 , 5
660 , 92.10 , 5
661 , 92.36 , 5
662 , 92.61 , 5
663 , 92.87 , 5
664 , 92.87 , 5
665 , 92.87 , 5
666 , 93.12 , 5
667 , 93.38 , 5
668 , 93.63 , 5
669 , 93.89 , 5
670 , 93.63 , 5
671 , 94.14 , 5
672 , 94.91 , 5
673 , 95.16 , 5
Denaturing DNA Now
674 , 95.42 , 5
675 , 95.42 , 5
676 , 95.67 , 5
677 , 95.67 , 5
678 , 95.93 , 5
679 , 96.18 , 5
680 , 96.18 , 5
681 , 96.44 , 5
682 , 96.18 , 5
683 , 96.44 , 5
684 , 97.20 , 5
685 , 97.46 , 5
686 , 96.44 , 5
687 , 96.18 , 5
688 , 96.18 , 5
689 , 95.42 , 5
690 , 95.67 , 5
691 , 95.93 , 5
692 , 95.42 , 5
693 , 96.18 , 5
Going to Extension Temperature
694 , 96.18 , 5
695 , 87.00 , 5
696 , 84.45 , 5
697 , 82.41 , 5
698 , 80.62 , 5
699 , 79.34 , 5
700 , 77.81 , 5
701 , 76.28 , 5
702 , 74.50 , 5
703 , 73.22 , 5
704 , 71.95 , 5
705 , 70.92 , 5
706 , 69.39 , 5
707 , 68.37 , 5
708 , 67.10 , 5
709 , 66.08 , 5
710 , 65.06 , 5
711 , 63.78 , 5
712 , 62.76 , 5
713 , 61.48 , 5
714 , 61.23 , 5
715 , 60.46 , 5
716 , 59.70 , 5
717 , 58.68 , 5
Extending DNA Now
718 , 58.17 , 5
719 , 57.91 , 5
720 , 60.21 , 5
721 , 61.23 , 5
722 , 61.74 , 5
723 , 60.97 , 5
724 , 60.97 , 5
725 , 60.97 , 5
726 , 61.23 , 5
727 , 60.72 , 5
728 , 60.46 , 5
729 , 60.21 , 5
730 , 60.21 , 5
731 , 60.72 , 5
732 , 59.70 , 5
733 , 60.21 , 5
734 , 59.70 , 5
735 , 59.70 , 5
736 , 59.70 , 5
738 , 59.44 , 5
739 , 58.68 , 5
740 , 58.93 , 5
741 , 59.44 , 5
742 , 59.44 , 5
743 , 58.68 , 5
744 , 58.68 , 5
745 , 58.93 , 5
746 , 58.42 , 5
747 , 58.68 , 5
748 , 58.68 , 5
749 , 58.42 , 5
750 , 58.68 , 5
751 , 57.91 , 5
752 , 58.42 , 5
753 , 57.40 , 5
754 , 57.91 , 5
755 , 57.91 , 5
756 , 58.17 , 5
757 , 57.66 , 5
758 , 58.17 , 5
Going to Denaturing Temperature
759 , 57.66 , 6
760 , 64.55 , 6
761 , 66.59 , 6
762 , 67.86 , 6
763 , 68.88 , 6
764 , 69.65 , 6
765 , 70.92 , 6
766 , 71.69 , 6
767 , 72.71 , 6
768 , 73.73 , 6
769 , 74.50 , 6
770 , 75.01 , 6
771 , 76.03 , 6
772 , 76.79 , 6
773 , 77.81 , 6
774 , 77.81 , 6
775 , 79.34 , 6
776 , 79.85 , 6
777 , 79.85 , 6
778 , 80.37 , 6
779 , 81.13 , 6
780 , 81.90 , 6
781 , 82.66 , 6
782 , 83.17 , 6
783 , 83.43 , 6
784 , 83.68 , 6
785 , 84.19 , 6
786 , 85.21 , 6
787 , 84.96 , 6
788 , 85.47 , 6
789 , 86.49 , 6
790 , 86.49 , 6
791 , 86.74 , 6
792 , 87.25 , 6
793 , 87.51 , 6
794 , 88.02 , 6
795 , 88.53 , 6
796 , 88.53 , 6
797 , 88.79 , 6
798 , 88.79 , 6
799 , 89.04 , 6
800 , 90.06 , 6
801 , 89.81 , 6
802 , 90.06 , 6
803 , 90.57 , 6
804 , 91.08 , 6
805 , 91.34 , 6
806 , 91.08 , 6
807 , 91.34 , 6
808 , 91.85 , 6
809 , 92.36 , 6
810 , 92.36 , 6
811 , 92.61 , 6
812 , 92.61 , 6
813 , 92.36 , 6
814 , 93.12 , 6
815 , 93.63 , 6
816 , 93.63 , 6
817 , 93.63 , 6
818 , 93.89 , 6
819 , 93.63 , 6
820 , 93.89 , 6
821 , 94.14 , 6
822 , 94.14 , 6
823 , 94.14 , 6
824 , 93.38 , 6
825 , 94.14 , 6
826 , 94.14 , 6
827 , 94.40 , 6
828 , 94.40 , 6
829 , 94.65 , 6
830 , 94.65 , 6
831 , 94.91 , 6
832 , 94.40 , 6
833 , 94.40 , 6
834 , 94.91 , 6
835 , 95.42 , 6
Denaturing DNA Now
836 , 95.67 , 6
837 , 96.18 , 6
838 , 95.93 , 6
839 , 96.18 , 6
840 , 96.18 , 6
841 , 95.93 , 6
842 , 96.18 , 6
843 , 96.69 , 6
844 , 96.95 , 6
845 , 96.69 , 6
846 , 96.69 , 6
847 , 96.95 , 6
848 , 97.20 , 6
849 , 97.20 , 6
850 , 96.44 , 6
851 , 96.18 , 6
852 , 95.93 , 6
853 , 95.93 , 6
854 , 95.93 , 6
855 , 95.42 , 6
Going to Extension Temperature
856 , 94.91 , 6
857 , 87.00 , 6
858 , 83.94 , 6
859 , 82.41 , 6
860 , 80.62 , 6
861 , 79.34 , 6
862 , 77.81 , 6
863 , 76.03 , 6
864 , 75.01 , 6
865 , 73.48 , 6
866 , 72.46 , 6
867 , 70.67 , 6
868 , 69.90 , 6
869 , 68.88 , 6
870 , 67.86 , 6
871 , 66.59 , 6
872 , 66.08 , 6
873 , 65.31 , 6
874 , 64.29 , 6
875 , 63.01 , 6
876 , 62.25 , 6
877 , 61.23 , 6
878 , 60.21 , 6
879 , 59.70 , 6
880 , 58.93 , 6
Extending DNA Now
881 , 57.91 , 6
882 , 57.91 , 6
883 , 60.46 , 6
884 , 61.48 , 6
885 , 61.23 , 6
886 , 61.23 , 6
887 , 61.23 , 6
888 , 61.23 , 6
889 , 60.97 , 6
890 , 59.95 , 6
891 , 60.21 , 6
892 , 59.70 , 6
893 , 59.95 , 6
894 , 59.19 , 6
895 , 59.19 , 6
896 , 58.93 , 6
897 , 59.19 , 6
898 , 58.93 , 6
899 , 59.44 , 6
900 , 58.68 , 6
901 , 59.44 , 6
902 , 58.93 , 6
903 , 58.93 , 6
904 , 58.68 , 6
905 , 59.19 , 6
906 , 58.68 , 6
907 , 58.68 , 6
908 , 58.68 , 6
909 , 58.68 , 6
910 , 58.68 , 6
911 , 58.68 , 6
912 , 58.17 , 6
913 , 58.17 , 6
914 , 58.17 , 6
915 , 58.17 , 6
916 , 57.91 , 6
917 , 57.91 , 6
918 , 57.66 , 6
919 , 57.91 , 6
920 , 57.40 , 6
921 , 56.89 , 6
Going to Denaturing Temperature
922 , 57.40 , 7
923 , 64.29 , 7
924 , 66.33 , 7
925 , 67.35 , 7
926 , 68.88 , 7
927 , 69.90 , 7
928 , 70.67 , 7
929 , 71.69 , 7
930 , 72.71 , 7
931 , 73.99 , 7
932 , 75.01 , 7
933 , 75.52 , 7
934 , 76.54 , 7
935 , 76.79 , 7
936 , 77.56 , 7
937 , 78.58 , 7
938 , 78.83 , 7
939 , 79.85 , 7
940 , 80.37 , 7
941 , 81.13 , 7
942 , 81.39 , 7
943 , 81.39 , 7
944 , 82.41 , 7
945 , 82.66 , 7
946 , 83.17 , 7
947 , 83.94 , 7
948 , 84.45 , 7
949 , 84.45 , 7
950 , 84.96 , 7
951 , 84.96 , 7
952 , 85.98 , 7
953 , 85.98 , 7
954 , 86.74 , 7
955 , 86.74 , 7
956 , 87.00 , 7
957 , 86.49 , 7
958 , 87.25 , 7
959 , 87.76 , 7
960 , 88.02 , 7
961 , 88.27 , 7
962 , 88.79 , 7
963 , 89.30 , 7
964 , 89.55 , 7
965 , 90.06 , 7
966 , 90.83 , 7
967 , 90.83 , 7
968 , 90.57 , 7
969 , 91.59 , 7
970 , 91.85 , 7
971 , 91.85 , 7
972 , 92.61 , 7
973 , 92.87 , 7
974 , 93.12 , 7
975 , 92.87 , 7
976 , 93.63 , 7
977 , 93.63 , 7
978 , 93.63 , 7
979 , 94.14 , 7
980 , 94.14 , 7
981 , 94.14 , 7
982 , 94.14 , 7
983 , 94.14 , 7
984 , 94.65 , 7
985 , 95.16 , 7
Denaturing DNA Now
986 , 95.16 , 7
987 , 94.91 , 7
988 , 94.91 , 7
989 , 94.65 , 7
990 , 95.42 , 7
991 , 95.67 , 7
992 , 95.67 , 7
993 , 95.93 , 7
994 , 95.67 , 7
995 , 96.18 , 7
996 , 96.18 , 7
997 , 96.44 , 7
998 , 96.95 , 7
999 , 96.95 , 7
1000 , 96.95 , 7
1001 , 97.20 , 7
1002 , 97.20 , 7
1003 , 96.18 , 7
1004 , 95.93 , 7
1005 , 95.93 , 7
Going to Extension Temperature
1006 , 94.91 , 7
1007 , 86.49 , 7
1008 , 84.70 , 7
1009 , 82.15 , 7
1010 , 80.62 , 7
1011 , 78.83 , 7
1012 , 77.30 , 7
1013 , 76.28 , 7
1014 , 74.50 , 7
1015 , 72.97 , 7
1016 , 71.95 , 7
1017 , 70.41 , 7
1018 , 69.65 , 7
1019 , 68.12 , 7
1020 , 67.35 , 7
1021 , 66.59 , 7
1022 , 65.31 , 7
1023 , 64.29 , 7
1024 , 63.27 , 7
1025 , 62.50 , 7
1026 , 61.48 , 7
1027 , 60.46 , 7
1028 , 60.21 , 7
1029 , 58.68 , 7
Extending DNA Now
1030 , 58.17 , 7
1031 , 57.91 , 7
1032 , 60.97 , 7
1033 , 61.23 , 7
1034 , 61.48 , 7
1035 , 61.74 , 7
1036 , 61.48 , 7
1037 , 61.23 , 7
1038 , 61.48 , 7
1039 , 60.72 , 7
1040 , 59.95 , 7
1041 , 60.21 , 7
1042 , 59.95 , 7
1043 , 59.95 , 7
1044 , 59.70 , 7
1045 , 59.19 , 7
1046 , 58.93 , 7
1047 , 59.44 , 7
1048 , 59.44 , 7
1049 , 59.19 , 7
1050 , 59.70 , 7
1051 , 59.19 , 7
1052 , 58.93 , 7
1053 , 59.19 , 7
1054 , 59.44 , 7
1055 , 58.17 , 7
1056 , 58.68 , 7
1057 , 58.68 , 7
1058 , 58.68 , 7
1059 , 57.91 , 7
1060 , 58.42 , 7
1061 , 58.68 , 7
1062 , 57.91 , 7
1063 , 57.91 , 7
1064 , 58.17 , 7
1065 , 57.91 , 7
1066 , 57.40 , 7
1067 , 57.40 , 7
1068 , 58.17 , 7
1069 , 57.15 , 7
1070 , 57.91 , 7
Going to Denaturing Temperature
1071 , 56.89 , 8
1072 , 64.29 , 8
1073 , 66.33 , 8
1074 , 67.10 , 8
1075 , 68.12 , 8
1076 , 68.88 , 8
1077 , 69.90 , 8
1078 , 70.67 , 8
1079 , 71.69 , 8
1080 , 72.20 , 8
1081 , 72.97 , 8
1082 , 73.73 , 8
1083 , 75.01 , 8
1084 , 75.77 , 8
1085 , 76.54 , 8
1086 , 77.05 , 8
1087 , 78.07 , 8
1088 , 78.58 , 8
1089 , 79.85 , 8
1090 , 80.37 , 8
1091 , 81.13 , 8
1092 , 80.37 , 8
1093 , 82.41 , 8
1094 , 82.66 , 8
1095 , 82.66 , 8
1096 , 83.68 , 8
1097 , 84.19 , 8
1098 , 84.19 , 8
1099 , 84.96 , 8
1100 , 84.70 , 8
1101 , 85.72 , 8
1102 , 86.23 , 8
1103 , 86.49 , 8
1104 , 87.25 , 8
1105 , 87.25 , 8
1106 , 87.51 , 8
1107 , 87.76 , 8
1108 , 88.53 , 8
1109 , 88.53 , 8
1110 , 89.04 , 8
1111 , 89.30 , 8
1112 , 89.30 , 8
1113 , 90.06 , 8
1114 , 90.32 , 8
1115 , 90.06 , 8
1116 , 90.32 , 8
1117 , 90.83 , 8
1118 , 91.34 , 8
1119 , 91.34 , 8
1120 , 91.59 , 8
1121 , 91.08 , 8
1122 , 92.10 , 8
1123 , 92.36 , 8
1124 , 92.61 , 8
1125 , 92.87 , 8
1126 , 93.12 , 8
1127 , 93.38 , 8
1128 , 93.89 , 8
1129 , 94.14 , 8
1130 , 93.89 , 8
1131 , 94.14 , 8
1132 , 94.14 , 8
1133 , 94.14 , 8
1134 , 94.40 , 8
1135 , 94.65 , 8
1136 , 94.40 , 8
1137 , 94.65 , 8
1138 , 94.40 , 8
1139 , 94.91 , 8
1140 , 94.91 , 8
1141 , 94.40 , 8
1142 , 94.91 , 8
1143 , 94.65 , 8
1144 , 94.91 , 8
1145 , 95.16 , 8
Denaturing DNA Now
1146 , 95.42 , 8
1147 , 95.67 , 8
1148 , 95.42 , 8
1149 , 95.42 , 8
1150 , 94.91 , 8
1151 , 94.91 , 8
1152 , 94.91 , 8
1153 , 95.42 , 8
1154 , 95.67 , 8
1155 , 95.93 , 8
1156 , 95.67 , 8
1157 , 95.67 , 8
1158 , 95.42 , 8
1159 , 95.67 , 8
1160 , 95.67 , 8
1161 , 96.18 , 8
1162 , 95.93 , 8
1163 , 96.18 , 8
1164 , 96.69 , 8
1165 , 96.69 , 8
Going to Extension Temperature
1166 , 96.44 , 8
1167 , 87.25 , 8
1168 , 84.96 , 8
1169 , 83.17 , 8
1170 , 80.88 , 8
1171 , 79.34 , 8
1172 , 78.07 , 8
1173 , 76.03 , 8
1174 , 75.01 , 8
1175 , 73.73 , 8
1176 , 71.95 , 8
1177 , 70.92 , 8
1178 , 69.90 , 8
1179 , 68.88 , 8
1180 , 67.35 , 8
1181 , 66.59 , 8
1182 , 65.57 , 8
1183 , 64.29 , 8
1184 , 63.01 , 8
1185 , 62.50 , 8
1186 , 61.48 , 8
1187 , 60.72 , 8
1188 , 59.70 , 8
1189 , 58.68 , 8
Extending DNA Now
1190 , 58.17 , 8
1191 , 57.91 , 8
1192 , 61.23 , 8
1193 , 61.48 , 8
1194 , 60.97 , 8
1195 , 60.97 , 8
1196 , 60.97 , 8
1197 , 60.97 , 8
1198 , 60.46 , 8
1199 , 60.72 , 8
1200 , 60.21 , 8
1201 , 60.46 , 8
1202 , 60.46 , 8
1203 , 59.44 , 8
1204 , 59.70 , 8
1205 , 60.21 , 8
1206 , 59.70 , 8
1207 , 59.44 , 8
1208 , 59.19 , 8
1209 , 58.68 , 8
1210 , 59.19 , 8
1211 , 58.42 , 8
1212 , 58.68 , 8
1213 , 58.42 , 8
1214 , 58.93 , 8
1215 , 58.93 , 8
1216 , 58.17 , 8
1217 , 58.68 , 8
1218 , 58.42 , 8
1219 , 57.91 , 8
1220 , 57.91 , 8
1221 , 58.17 , 8
1222 , 57.40 , 8
1223 , 57.40 , 8
1224 , 57.40 , 8
1225 , 56.89 , 8
1226 , 57.66 , 8
1227 , 57.40 , 8
1228 , 56.89 , 8
1229 , 56.64 , 8
1230 , 56.89 , 8
Going to Denaturing Temperature
1231 , 56.38 , 9
1232 , 63.78 , 9
1233 , 65.57 , 9
1234 , 66.33 , 9
1235 , 67.35 , 9
1236 , 68.12 , 9
1237 , 69.39 , 9
1238 , 70.92 , 9
1239 , 71.95 , 9
1240 , 72.71 , 9
1241 , 72.71 , 9
1242 , 73.99 , 9
1243 , 74.50 , 9
1244 , 75.52 , 9
1245 , 76.28 , 9
1246 , 76.79 , 9
1247 , 77.81 , 9
1248 , 78.32 , 9
1249 , 78.83 , 9
1250 , 79.85 , 9
1251 , 80.37 , 9
1252 , 81.13 , 9
1253 , 81.39 , 9
1254 , 82.15 , 9
1255 , 82.92 , 9
1256 , 83.17 , 9
1257 , 83.94 , 9
1258 , 84.19 , 9
1259 , 84.45 , 9
1260 , 84.96 , 9
1261 , 84.96 , 9
1262 , 85.72 , 9
1263 , 85.21 , 9
1264 , 86.23 , 9
1265 , 86.23 , 9
1266 , 86.74 , 9
1267 , 87.25 , 9
1268 , 87.25 , 9
1269 , 87.51 , 9
1270 , 88.27 , 9
1271 , 88.53 , 9
1272 , 88.53 , 9
1273 , 89.04 , 9
1274 , 89.04 , 9
1275 , 89.30 , 9
1276 , 90.06 , 9
1277 , 90.32 , 9
1278 , 90.06 , 9
1279 , 89.81 , 9
1280 , 90.57 , 9
1281 , 90.32 , 9
1282 , 90.57 , 9
1283 , 91.08 , 9
1284 , 91.08 , 9
1285 , 90.83 , 9
1286 , 91.34 , 9
1287 , 91.59 , 9
1288 , 91.85 , 9
1289 , 92.36 , 9
1290 , 92.10 , 9
1291 , 92.36 , 9
1292 , 92.61 , 9
1293 , 92.87 , 9
1294 , 92.87 , 9
1295 , 93.12 , 9
1296 , 92.61 , 9
1297 , 93.12 , 9
1298 , 93.38 , 9
1299 , 93.63 , 9
1300 , 93.12 , 9
1301 , 92.61 , 9
1302 , 93.38 , 9
1303 , 93.38 , 9
1304 , 93.63 , 9
1305 , 93.63 , 9
1306 , 93.63 , 9
1307 , 93.89 , 9
1308 , 94.14 , 9
1309 , 93.63 , 9
1310 , 94.40 , 9
1311 , 93.89 , 9
1312 , 93.89 , 9
1313 , 94.40 , 9
1314 , 94.14 , 9
1315 , 94.65 , 9
1316 , 94.40 , 9
1317 , 94.40 , 9
1318 , 94.65 , 9
1319 , 95.42 , 9
Denaturing DNA Now
1320 , 95.42 , 9
1321 , 95.16 , 9
1322 , 95.16 , 9
1323 , 95.42 , 9
1324 , 94.91 , 9
1325 , 95.93 , 9
1326 , 95.93 , 9
1327 , 95.67 , 9
1328 , 95.16 , 9
1329 , 95.67 , 9
1330 , 95.67 , 9
1331 , 95.93 , 9
1332 , 96.18 , 9
1333 , 96.69 , 9
1334 , 96.18 , 9
1335 , 96.69 , 9
1336 , 96.69 , 9
1337 , 96.69 , 9
1338 , 96.44 , 9
1339 , 96.69 , 9
Going to Extension Temperature
1340 , 96.69 , 9
1341 , 87.76 , 9
1342 , 84.70 , 9
1343 , 83.17 , 9
1344 , 81.13 , 9
1345 , 79.09 , 9
1346 , 77.81 , 9
1347 , 76.28 , 9
1348 , 74.75 , 9
1349 , 73.48 , 9
1350 , 71.95 , 9
1351 , 70.67 , 9
1352 , 70.16 , 9
1353 , 68.88 , 9
1354 , 67.61 , 9
1355 , 66.84 , 9
1356 , 65.57 , 9
1357 , 64.29 , 9
1358 , 63.53 , 9
1359 , 62.50 , 9
1360 , 62.25 , 9
1361 , 60.97 , 9
1362 , 60.72 , 9
1363 , 59.70 , 9
1364 , 58.68 , 9
Extending DNA Now
1365 , 57.91 , 9
1366 , 57.66 , 9
1367 , 60.97 , 9
1368 , 60.97 , 9
1369 , 61.74 , 9
1370 , 61.23 , 9
1371 , 61.23 , 9
1372 , 60.21 , 9
1373 , 60.72 , 9
1374 , 60.72 , 9
1375 , 60.21 , 9
1376 , 60.46 , 9
1377 , 60.21 , 9
1378 , 59.70 , 9
1379 , 59.95 , 9
1380 , 59.44 , 9
1381 , 58.68 , 9
1382 , 58.68 , 9
1383 , 58.93 , 9
1384 , 59.19 , 9
1385 , 58.93 , 9
1386 , 59.44 , 9
1387 , 58.93 , 9
1388 , 58.68 , 9
1389 , 58.68 , 9
1390 , 58.93 , 9
1391 , 59.19 , 9
1392 , 58.17 , 9
1393 , 57.91 , 9
1394 , 58.17 , 9
1395 , 57.66 , 9
1396 , 57.91 , 9
1397 , 58.17 , 9
1398 , 57.66 , 9
1399 , 57.66 , 9
1400 , 57.91 , 9
1401 , 57.40 , 9
1402 , 57.66 , 9
1403 , 57.66 , 9
1404 , 57.15 , 9
1405 , 57.40 , 9
Going to Denaturing Temperature
1406 , 57.15 , 10
1407 , 64.04 , 10
1408 , 65.82 , 10
1409 , 66.59 , 10
1410 , 68.12 , 10
1411 , 68.63 , 10
1412 , 69.90 , 10
1413 , 70.41 , 10
1414 , 70.92 , 10
1415 , 71.95 , 10
1416 , 72.97 , 10
1417 , 73.99 , 10
1418 , 74.50 , 10
1419 , 75.77 , 10
1420 , 75.52 , 10
1421 , 77.05 , 10
1422 , 77.81 , 10
1423 , 78.32 , 10
1424 , 78.83 , 10
1425 , 79.60 , 10
1426 , 79.85 , 10
1427 , 80.88 , 10
1428 , 81.13 , 10
1429 , 81.90 , 10
1430 , 81.90 , 10
1431 , 82.66 , 10
1432 , 83.43 , 10
1433 , 83.43 , 10
1434 , 84.19 , 10
1435 , 84.45 , 10
1436 , 85.21 , 10
1437 , 84.96 , 10
1438 , 85.72 , 10
1439 , 85.72 , 10
1440 , 86.23 , 10
1441 , 86.23 , 10
1442 , 86.74 , 10
1443 , 87.76 , 10
1444 , 87.00 , 10
1445 , 88.02 , 10
1446 , 88.27 , 10
1447 , 89.30 , 10
1448 , 89.30 , 10
1449 , 89.55 , 10
1450 , 89.81 , 10
1451 , 90.06 , 10
1452 , 90.06 , 10
1453 , 90.32 , 10
1454 , 90.06 , 10
1455 , 90.32 , 10
1456 , 90.32 , 10
1457 , 90.57 , 10
1458 , 91.08 , 10
1459 , 91.34 , 10
1460 , 91.08 , 10
1461 , 91.08 , 10
1462 , 91.59 , 10
1463 , 91.85 , 10
1464 , 91.59 , 10
1465 , 92.10 , 10
1466 , 92.61 , 10
1467 , 92.10 , 10
1468 , 92.10 , 10
1469 , 92.61 , 10
1470 , 92.87 , 10
1471 , 93.38 , 10
1472 , 93.63 , 10
1473 , 93.63 , 10
1474 , 93.63 , 10
1475 , 94.14 , 10
1476 , 94.40 , 10
1477 , 94.40 , 10
1478 , 94.14 , 10
1479 , 94.14 , 10
1480 , 94.40 , 10
1481 , 93.89 , 10
1482 , 94.65 , 10
1483 , 94.65 , 10
1484 , 94.40 , 10
1485 , 94.91 , 10
1486 , 94.65 , 10
1487 , 94.65 , 10
1488 , 94.65 , 10
1489 , 94.65 , 10
1490 , 94.91 , 10
1491 , 94.40 , 10
1492 , 95.16 , 10
Denaturing DNA Now
1493 , 94.65 , 10
1494 , 94.65 , 10
1495 , 94.91 , 10
1496 , 95.16 , 10
1497 , 95.16 , 10
1498 , 94.91 , 10
1499 , 95.42 , 10
1500 , 95.42 , 10
1501 , 95.42 , 10
1502 , 95.42 , 10
1503 , 95.42 , 10
1504 , 95.93 , 10
1505 , 96.18 , 10
1506 , 95.42 , 10
1507 , 96.18 , 10
1508 , 96.18 , 10
1509 , 96.18 , 10
1510 , 95.67 , 10
1511 , 96.18 , 10
1512 , 95.67 , 10
Going to Extension Temperature
1513 , 95.93 , 10
1514 , 87.25 , 10
1515 , 84.70 , 10
1516 , 82.92 , 10
1517 , 81.13 , 10
1518 , 79.60 , 10
1519 , 77.30 , 10
1520 , 76.28 , 10
1521 , 75.26 , 10
1522 , 73.22 , 10
1523 , 72.20 , 10
1524 , 71.18 , 10
1525 , 69.90 , 10
1526 , 68.37 , 10
1527 , 67.35 , 10
1528 , 66.59 , 10
1529 , 65.31 , 10
1530 , 64.04 , 10
1531 , 63.53 , 10
1532 , 62.50 , 10
1533 , 61.48 , 10
1534 , 60.46 , 10
1535 , 59.70 , 10
1536 , 59.19 , 10
1537 , 58.42 , 10
Extending DNA Now
1539 , 57.40 , 10
1540 , 57.40 , 10
1541 , 60.46 , 10
1542 , 60.97 , 10
1543 , 60.46 , 10
1544 , 60.97 , 10
1545 , 61.23 , 10
1546 , 60.97 , 10
1547 , 60.72 , 10
1548 , 59.95 , 10
1549 , 59.95 , 10
1550 , 59.95 , 10
1551 , 59.70 , 10
1552 , 59.95 , 10
1553 , 59.95 , 10
1554 , 59.70 , 10
1555 , 59.19 , 10
1556 , 59.44 , 10
1557 , 59.44 , 10
1558 , 59.44 , 10
1559 , 58.93 , 10
1560 , 57.91 , 10
1561 , 58.17 , 10
1562 , 58.68 , 10
1563 , 58.93 , 10
1564 , 58.17 , 10
1565 , 58.42 , 10
1566 , 58.17 , 10
1567 , 58.42 , 10
1568 , 58.42 , 10
1569 , 57.91 , 10
1570 , 58.17 , 10
1571 , 57.91 , 10
1572 , 58.17 , 10
1573 , 57.91 , 10
1574 , 57.91 , 10
1575 , 57.40 , 10
1576 , 57.40 , 10
1577 , 57.15 , 10
1578 , 57.15 , 10
1579 , 57.15 , 10
1580 , 56.38 , 10
Going to Denaturing Temperature
1581 , 56.13 , 11
1582 , 63.53 , 11
1583 , 65.31 , 11
1584 , 65.82 , 11
1585 , 67.35 , 11
1586 , 68.37 , 11
1587 , 68.63 , 11
1588 , 69.90 , 11
1589 , 70.67 , 11
1590 , 71.95 , 11
1591 , 72.71 , 11
1592 , 73.48 , 11
1593 , 74.24 , 11
1594 , 74.75 , 11
1595 , 75.26 , 11
1596 , 76.28 , 11
1597 , 76.79 , 11
1598 , 77.56 , 11
1599 , 78.07 , 11
1600 , 79.09 , 11
1601 , 79.85 , 11
1602 , 79.85 , 11
1603 , 80.62 , 11
1604 , 81.13 , 11
1605 , 81.90 , 11
1606 , 82.15 , 11
1607 , 82.66 , 11
1608 , 83.17 , 11
1609 , 83.94 , 11
1610 , 83.94 , 11
1611 , 83.94 , 11
1612 , 84.19 , 11
1613 , 85.21 , 11
1614 , 85.47 , 11
1615 , 85.98 , 11
1616 , 85.98 , 11
1617 , 86.49 , 11
1618 , 85.47 , 11
1619 , 86.49 , 11
1620 , 86.23 , 11
1621 , 86.74 , 11
1622 , 87.25 , 11
1623 , 87.51 , 11
1624 , 87.76 , 11
1625 , 88.27 , 11
1626 , 88.02 , 11
1627 , 88.79 , 11
1628 , 88.79 , 11
1629 , 89.30 , 11
1630 , 89.04 , 11
1631 , 89.55 , 11
1632 , 90.32 , 11
1633 , 90.32 , 11
1634 , 90.83 , 11
1635 , 90.57 , 11
1636 , 90.83 , 11
1637 , 91.34 , 11
1638 , 91.08 , 11
1639 , 91.08 , 11
1640 , 91.59 , 11
1641 , 91.08 , 11
1642 , 90.83 , 11
1643 , 91.59 , 11
1644 , 91.85 , 11
1645 , 91.59 , 11
1646 , 92.36 , 11
1647 , 92.10 , 11
1648 , 92.61 , 11
1649 , 92.87 , 11
1650 , 93.12 , 11
1651 , 92.87 , 11
1652 , 93.12 , 11
1653 , 93.12 , 11
1654 , 93.12 , 11
1655 , 93.38 , 11
1656 , 93.12 , 11
1657 , 93.12 , 11
1658 , 93.38 , 11
1659 , 93.38 , 11
1660 , 93.89 , 11
1661 , 94.14 , 11
1662 , 94.14 , 11
1663 , 93.89 , 11
1664 , 94.65 , 11
1665 , 94.65 , 11
1666 , 94.40 , 11
1667 , 94.65 , 11
1668 , 94.40 , 11
1669 , 94.65 , 11
1670 , 94.91 , 11
1671 , 95.16 , 11
Denaturing DNA Now
1672 , 94.65 , 11
1673 , 94.91 , 11
1674 , 95.16 , 11
1675 , 95.16 , 11
1676 , 95.16 , 11
1677 , 94.91 , 11
1678 , 95.16 , 11
1679 , 94.91 , 11
1680 , 94.91 , 11
1681 , 95.42 , 11
1682 , 94.65 , 11
1683 , 95.42 , 11
1684 , 95.67 , 11
1685 , 95.67 , 11
1686 , 95.42 , 11
1687 , 95.93 , 11
1688 , 95.67 , 11
1689 , 96.18 , 11
1690 , 96.18 , 11
1691 , 96.69 , 11
Going to Extension Temperature
1692 , 96.44 , 11
1693 , 87.00 , 11
1694 , 84.45 , 11
1695 , 82.15 , 11
1696 , 81.13 , 11
1697 , 79.09 , 11
1698 , 78.07 , 11
1699 , 76.28 , 11
1700 , 74.75 , 11
1701 , 73.99 , 11
1702 , 72.46 , 11
1703 , 71.95 , 11
1704 , 70.41 , 11
1705 , 69.65 , 11
1706 , 68.12 , 11
1707 , 67.61 , 11
1708 , 66.08 , 11
1709 , 65.06 , 11
1710 , 64.04 , 11
1711 , 63.27 , 11
1712 , 62.76 , 11
1713 , 62.25 , 11
1714 , 60.97 , 11
1715 , 60.46 , 11
1716 , 59.70 , 11
1717 , 58.42 , 11
Extending DNA Now
1718 , 57.91 , 11
1719 , 57.66 , 11
1720 , 59.70 , 11
1721 , 60.46 , 11
1722 , 60.72 , 11
1723 , 61.23 , 11
1724 , 60.72 , 11
1725 , 60.72 , 11
1726 , 60.21 , 11
1727 , 59.70 , 11
1728 , 59.95 , 11
1729 , 59.95 , 11
1730 , 60.21 , 11
1731 , 59.70 , 11
1732 , 59.70 , 11
1733 , 59.44 , 11
1734 , 58.93 , 11
1735 , 59.19 , 11
1736 , 58.68 , 11
1737 , 58.93 , 11
1738 , 58.93 , 11
1739 , 58.68 , 11
1740 , 58.17 , 11
1741 , 58.68 , 11
1742 , 58.17 , 11
1743 , 58.42 , 11
1744 , 58.17 , 11
1745 , 57.66 , 11
1746 , 57.66 , 11
1747 , 57.66 , 11
1748 , 57.91 , 11
1749 , 57.66 , 11
1750 , 58.17 , 11
1751 , 57.66 , 11
1752 , 57.40 , 11
1753 , 57.40 , 11
1754 , 57.66 , 11
1755 , 56.89 , 11
1756 , 56.64 , 11
1757 , 56.13 , 11
1758 , 56.89 , 11
1759 , 56.64 , 11
Going to Denaturing Temperature
1760 , 56.64 , 12
1761 , 63.01 , 12
1762 , 64.55 , 12
1763 , 66.08 , 12
1764 , 66.84 , 12
1765 , 67.86 , 12
1766 , 69.14 , 12
1767 , 70.16 , 12
1768 , 71.18 , 12
1769 , 71.95 , 12
1770 , 72.46 , 12
1771 , 73.73 , 12
1772 , 74.24 , 12
1773 , 75.01 , 12
1774 , 75.52 , 12
1775 , 76.28 , 12
1776 , 77.30 , 12
1777 , 77.81 , 12
1778 , 78.07 , 12
1779 , 78.83 , 12
1780 , 79.09 , 12
1781 , 80.11 , 12
1782 , 80.37 , 12
1783 , 80.62 , 12
1784 , 81.13 , 12
1785 , 82.15 , 12
1786 , 82.92 , 12
1787 , 82.92 , 12
1788 , 83.17 , 12
1789 , 83.43 , 12
1790 , 83.43 , 12
1791 , 83.68 , 12
1792 , 84.45 , 12
1793 , 84.70 , 12
1794 , 84.70 , 12
1795 , 84.96 , 12
1796 , 85.72 , 12
1797 , 85.47 , 12
1798 , 86.23 , 12
1799 , 86.49 , 12
1800 , 87.00 , 12
1801 , 87.00 , 12
1802 , 87.25 , 12
1803 , 87.76 , 12
1804 , 88.27 , 12
1805 , 88.79 , 12
1806 , 88.53 , 12
1807 , 88.53 , 12
1808 , 88.79 , 12
1809 , 88.53 , 12
1810 , 88.27 , 12
1811 , 89.30 , 12
1812 , 89.04 , 12
1813 , 89.55 , 12
1814 , 89.81 , 12
1815 , 89.55 , 12
1816 , 89.55 , 12
1817 , 90.83 , 12
1818 , 91.08 , 12
1819 , 91.08 , 12
1820 , 91.08 , 12
1821 , 91.34 , 12
1822 , 91.34 , 12
1823 , 91.08 , 12
1824 , 91.85 , 12
1825 , 92.36 , 12
1826 , 92.10 , 12
1827 , 92.10 , 12
1828 , 92.87 , 12
1829 , 92.87 , 12
1830 , 92.87 , 12
1831 , 93.12 , 12
1832 , 93.12 , 12
1833 , 93.38 , 12
1834 , 93.89 , 12
1835 , 93.38 , 12
1836 , 94.14 , 12
1837 , 93.89 , 12
1838 , 94.14 , 12
1839 , 94.65 , 12
1840 , 94.40 , 12
1841 , 94.65 , 12
1842 , 94.91 , 12
1843 , 95.16 , 12
Denaturing DNA Now
1844 , 95.42 , 12
1845 , 95.67 , 12
1846 , 95.42 , 12
1847 , 95.42 , 12
1848 , 95.42 , 12
1849 , 95.42 , 12
1850 , 95.42 , 12
1851 , 95.93 , 12
1852 , 95.67 , 12
1853 , 95.67 , 12
1854 , 95.93 , 12
1855 , 95.67 , 12
1856 , 96.18 , 12
1857 , 95.93 , 12
1858 , 95.93 , 12
1859 , 95.67 , 12
1860 , 96.44 , 12
1861 , 96.18 , 12
1862 , 96.18 , 12
1863 , 96.18 , 12
Going to Extension Temperature
1864 , 96.18 , 12
1865 , 87.25 , 12
1866 , 84.96 , 12
1867 , 82.66 , 12
1868 , 80.62 , 12
1869 , 79.60 , 12
1870 , 77.56 , 12
1871 , 76.03 , 12
1872 , 74.75 , 12
1873 , 73.48 , 12
1874 , 72.46 , 12
1875 , 71.43 , 12
1876 , 69.65 , 12
1877 , 68.88 , 12
1878 , 67.86 , 12
1879 , 66.84 , 12
1880 , 66.08 , 12
1881 , 65.31 , 12
1882 , 63.78 , 12
1883 , 63.27 , 12
1884 , 61.99 , 12
1885 , 61.48 , 12
1886 , 60.72 , 12
1887 , 59.95 , 12
1888 , 58.93 , 12
Extending DNA Now
1889 , 58.42 , 12
1890 , 57.91 , 12
1891 , 60.46 , 12
1892 , 61.23 , 12
1893 , 61.48 , 12
1894 , 60.97 , 12
1895 , 61.23 , 12
1896 , 60.72 , 12
1897 , 60.46 , 12
1898 , 59.95 , 12
1899 , 59.70 , 12
1900 , 59.44 , 12
1901 , 59.44 , 12
1902 , 59.19 , 12
1903 , 58.17 , 12
1904 , 58.93 , 12
1905 , 58.93 , 12
1906 , 59.19 , 12
1907 , 58.68 , 12
1908 , 58.68 , 12
1909 , 58.42 , 12
1910 , 58.42 , 12
1911 , 58.42 , 12
1912 , 57.40 , 12
1913 , 57.40 , 12
1914 , 58.17 , 12
1915 , 57.66 , 12
1916 , 57.40 , 12
1917 , 57.15 , 12
1918 , 57.15 , 12
1919 , 56.64 , 12
1920 , 56.64 , 12
1921 , 56.64 , 12
1922 , 56.64 , 12
1923 , 56.64 , 12
1924 , 56.38 , 12
1925 , 55.62 , 12
1926 , 56.38 , 12
1927 , 55.87 , 12
1928 , 55.87 , 12
1929 , 55.36 , 12
1930 , 55.36 , 12
Going to Denaturing Temperature
1931 , 54.85 , 13
1932 , 62.25 , 13
1933 , 63.78 , 13
1934 , 65.06 , 13
1935 , 65.57 , 13
1936 , 66.33 , 13
1937 , 67.61 , 13
1938 , 68.63 , 13
1939 , 69.14 , 13
1940 , 65.06 , 13
1941 , 64.80 , 13
1942 , 65.57 , 13
1943 , 65.82 , 13
1944 , 66.59 , 13
1945 , 67.10 , 13
1946 , 67.35 , 13
1947 , 67.61 , 13
1948 , 68.63 , 13
1949 , 68.88 , 13
1950 , 68.88 , 13
1951 , 69.39 , 13
1952 , 69.90 , 13
1953 , 69.90 , 13
1954 , 70.41 , 13
1955 , 70.92 , 13
1956 , 70.92 , 13
1957 , 71.69 , 13
1958 , 71.95 , 13
1959 , 71.69 , 13
1960 , 72.20 , 13
1961 , 72.71 , 13
1962 , 72.97 , 13
1963 , 72.97 , 13
1964 , 73.22 , 13
1965 , 72.97 , 13
1966 , 73.22 , 13
1967 , 73.22 , 13
1968 , 73.22 , 13
1969 , 73.99 , 13
1970 , 74.24 , 13
1971 , 73.73 , 13
1972 , 74.24 , 13
1973 , 74.75 , 13
1974 , 75.01 , 13
1975 , 74.75 , 13
1976 , 74.50 , 13
1977 , 75.01 , 13
1978 , 75.26 , 13
1979 , 75.52 , 13
1980 , 75.77 , 13
1981 , 75.77 , 13
1982 , 75.52 , 13
1983 , 75.01 , 13
1984 , 75.77 , 13
1985 , 75.77 , 13
1986 , 75.77 , 13
1987 , 76.28 , 13
1988 , 76.03 , 13
1989 , 76.03 , 13
1990 , 75.77 , 13
1991 , 76.28 , 13
1992 , 75.77 , 13
1993 , 76.03 , 13
1994 , 76.54 , 13
1995 , 76.54 , 13
1996 , 75.77 , 13
1997 , 76.54 , 13
1998 , 76.54 , 13
1999 , 76.03 , 13
2000 , 76.54 , 13
2001 , 76.79 , 13
2002 , 77.05 , 13
2003 , 77.05 , 13
2004 , 77.05 , 13
2005 , 77.30 , 13
2006 , 77.05 , 13
2007 , 77.56 , 13
2008 , 77.05 , 13
2009 , 77.30 , 13
2010 , 77.30 , 13
2011 , 77.56 , 13
2012 , 77.56 , 13
2013 , 77.56 , 13
2014 , 77.81 , 13
2015 , 78.32 , 13
2016 , 78.32 , 13
2017 , 78.58 , 13
2018 , 78.58 , 13
2019 , 78.07 , 13
2020 , 78.32 , 13
2021 , 87.25 , 13
2022 , 101.80 , 13
Denaturing DNA Now
2023 , 99.76 , 13
2024 , 99.50 , 13
2025 , 88.27 , 13
2026 , 87.51 , 13
2027 , 87.00 , 13
2028 , 89.81 , 13
2029 , 92.36 , 13
2030 , 93.12 , 13
2031 , 92.36 , 13
2032 , 90.83 , 13
2033 , 91.08 , 13
2034 , 90.57 , 13
2035 , 92.36 , 13
2036 , 92.87 , 13
2037 , 94.65 , 13
2038 , 94.65 , 13
2039 , 94.65 , 13
2040 , 94.14 , 13
2041 , 94.65 , 13
2042 , 94.65 , 13
Going to Extension Temperature
2043 , 94.65 , 13
2044 , 84.45 , 13
2045 , 82.15 , 13
2046 , 79.85 , 13
2047 , 78.07 , 13
2048 , 76.54 , 13
2049 , 74.75 , 13
2050 , 73.73 , 13
2051 , 71.69 , 13
2052 , 71.18 , 13
2053 , 69.65 , 13
2054 , 68.12 , 13
2055 , 67.10 , 13
2056 , 66.08 , 13
2057 , 65.06 , 13
2058 , 64.29 , 13
2059 , 63.01 , 13
2060 , 62.50 , 13
2061 , 61.48 , 13
2062 , 60.46 , 13
2063 , 59.44 , 13
2064 , 58.42 , 13
Extending DNA Now
2065 , 57.91 , 13
2066 , 57.91 , 13
2067 , 61.23 , 13
2068 , 61.99 , 13
2069 , 61.23 , 13
2070 , 60.97 , 13
2071 , 61.48 , 13
2072 , 61.48 , 13
2073 , 60.97 , 13
2074 , 60.46 , 13
2075 , 60.21 , 13
2076 , 60.46 , 13
2077 , 60.21 , 13
2078 , 59.70 , 13
2079 , 59.95 , 13
2080 , 59.70 , 13
2081 , 59.44 , 13
2082 , 58.93 , 13
2083 , 59.44 , 13
2084 , 59.19 , 13
2085 , 59.44 , 13
2086 , 59.19 , 13
2087 , 58.17 , 13
2088 , 59.44 , 13
2089 , 58.68 , 13
2090 , 58.93 , 13
2091 , 58.93 , 13
2092 , 58.68 , 13
2093 , 58.17 , 13
2094 , 58.68 , 13
2095 , 58.42 , 13
2096 , 58.17 , 13
2097 , 57.91 , 13
2098 , 58.17 , 13
2099 , 58.68 , 13
2100 , 58.42 , 13
2101 , 57.40 , 13
2102 , 57.91 , 13
2103 , 57.66 , 13
2104 , 56.89 , 13
2105 , 57.66 , 13
2106 , 57.40 , 13
Going to Denaturing Temperature
2107 , 57.40 , 14
2108 , 65.57 , 14
2109 , 66.84 , 14
2110 , 68.12 , 14
2111 , 69.65 , 14
2112 , 70.67 , 14
2113 , 71.95 , 14
2114 , 72.20 , 14
2115 , 73.73 , 14
2116 , 74.50 , 14
2117 , 75.01 , 14
2118 , 75.77 , 14
2119 , 77.05 , 14
2120 , 78.32 , 14
2121 , 78.32 , 14
2122 , 79.34 , 14
2123 , 80.11 , 14
2124 , 80.88 , 14
2125 , 80.88 , 14
2126 , 82.15 , 14
2127 , 82.41 , 14
2128 , 83.17 , 14
2129 , 83.68 , 14
2130 , 83.68 , 14
2131 , 83.94 , 14
2132 , 83.68 , 14
2133 , 84.70 , 14
2134 , 85.47 , 14
2135 , 85.47 , 14
2136 , 85.98 , 14
2137 , 85.98 , 14
2138 , 85.98 , 14
2139 , 86.49 , 14
2140 , 87.00 , 14
2141 , 87.00 , 14
2142 , 88.02 , 14
2143 , 88.27 , 14
2144 , 88.79 , 14
2145 , 89.04 , 14
2146 , 89.81 , 14
2147 , 89.55 , 14
2148 , 90.83 , 14
2149 , 90.57 , 14
2150 , 90.83 , 14
2151 , 91.08 , 14
2152 , 91.08 , 14
2153 , 91.59 , 14
2154 , 91.34 , 14
2155 , 91.34 , 14
2156 , 92.10 , 14
2157 , 92.36 , 14
2158 , 92.36 , 14
2159 , 92.61 , 14
2160 , 92.61 , 14
2161 , 92.61 , 14
2162 , 92.36 , 14
2163 , 92.87 , 14
2164 , 93.12 , 14
2165 , 93.63 , 14
2166 , 93.63 , 14
2167 , 93.89 , 14
2168 , 94.14 , 14
2169 , 94.14 , 14
2170 , 93.89 , 14
2171 , 94.14 , 14
2172 , 94.14 , 14
2173 , 94.14 , 14
2174 , 94.40 , 14
2175 , 94.14 , 14
2176 , 94.14 , 14
2177 , 94.14 , 14
2178 , 94.14 , 14
2179 , 94.40 , 14
2180 , 94.65 , 14
2181 , 94.91 , 14
2182 , 94.40 , 14
2183 , 95.16 , 14
Denaturing DNA Now
2184 , 95.42 , 14
2185 , 95.16 , 14
2186 , 95.67 , 14
2187 , 95.93 , 14
2188 , 96.18 , 14
2189 , 95.67 , 14
2190 , 96.44 , 14
2191 , 96.69 , 14
2192 , 96.95 , 14
2193 , 96.44 , 14
2194 , 96.44 , 14
2195 , 96.95 , 14
2196 , 97.20 , 14
2197 , 97.20 , 14
2198 , 96.18 , 14
2199 , 95.93 , 14
2200 , 95.93 , 14
2201 , 96.69 , 14
2202 , 95.93 , 14
2203 , 96.18 , 14
Going to Extension Temperature
2204 , 96.44 , 14
2205 , 86.23 , 14
2206 , 83.17 , 14
2207 , 81.90 , 14
2208 , 79.60 , 14
2209 , 77.81 , 14
2210 , 77.05 , 14
2211 , 75.52 , 14
2212 , 73.73 , 14
2213 , 72.71 , 14
2214 , 71.43 , 14
2215 , 70.67 , 14
2216 , 69.65 , 14
2217 , 67.86 , 14
2218 , 67.35 , 14
2219 , 66.08 , 14
2220 , 65.57 , 14
2221 , 64.29 , 14
2222 , 63.01 , 14
2223 , 62.50 , 14
2224 , 61.74 , 14
2225 , 60.72 , 14
2226 , 60.21 , 14
2227 , 58.93 , 14
Extending DNA Now
2228 , 58.42 , 14
2229 , 58.68 , 14
2230 , 61.74 , 14
2231 , 61.99 , 14
2232 , 61.23 , 14
2233 , 61.74 , 14
2234 , 61.48 , 14
2235 , 61.74 , 14
2236 , 61.23 , 14
2237 , 60.72 , 14
2238 , 60.46 , 14
2239 , 60.46 , 14
2240 , 60.21 , 14
2241 , 59.70 , 14
2242 , 59.70 , 14
2243 , 59.19 , 14
2244 , 58.93 , 14
2245 , 59.19 , 14
2246 , 59.44 , 14
2247 , 59.44 , 14
2248 , 59.19 , 14
2249 , 59.19 , 14
2250 , 59.44 , 14
2251 , 59.44 , 14
2252 , 59.44 , 14
2253 , 59.44 , 14
2254 , 58.93 , 14
2255 , 58.93 , 14
2256 , 58.68 , 14
2257 , 58.42 , 14
2258 , 58.42 , 14
2259 , 58.93 , 14
2260 , 57.91 , 14
2261 , 58.68 , 14
2262 , 58.42 , 14
2263 , 58.42 , 14
2264 , 58.17 , 14
2265 , 58.42 , 14
2266 , 57.91 , 14
2267 , 58.17 , 14
2268 , 57.91 , 14
2269 , 57.66 , 14
Going to Denaturing Temperature
2270 , 57.40 , 15
2271 , 65.31 , 15
2272 , 67.10 , 15
2273 , 68.12 , 15
2274 , 69.39 , 15
2275 , 70.41 , 15
2276 , 70.92 , 15
2277 , 72.20 , 15
2278 , 72.97 , 15
2279 , 73.48 , 15
2280 , 74.75 , 15
2281 , 75.77 , 15
2282 , 76.28 , 15
2283 , 77.05 , 15
2284 , 78.07 , 15
2285 , 78.83 , 15
2286 , 79.34 , 15
2287 , 80.11 , 15
2288 , 80.62 , 15
2289 , 81.39 , 15
2290 , 82.41 , 15
2291 , 82.92 , 15
2292 , 83.94 , 15
2293 , 84.19 , 15
2294 , 84.70 , 15
2295 , 84.96 , 15
2296 , 85.72 , 15
2297 , 85.72 , 15
2298 , 86.74 , 15
2299 , 86.74 , 15
2300 , 87.51 , 15
2301 , 88.27 , 15
2302 , 88.53 , 15
2303 , 89.04 , 15
2304 , 88.53 , 15
2305 , 89.55 , 15
2306 , 90.06 , 15
2308 , 90.06 , 15
2309 , 90.32 , 15
2310 , 91.08 , 15
2311 , 91.34 , 15
2312 , 91.85 , 15
2313 , 91.85 , 15
2314 , 92.36 , 15
2315 , 92.36 , 15
2316 , 92.10 , 15
2317 , 92.87 , 15
2318 , 92.87 , 15
2319 , 92.87 , 15
2320 , 92.87 , 15
2321 , 93.12 , 15
2322 , 93.12 , 15
2323 , 93.38 , 15
2324 , 93.12 , 15
2325 , 94.14 , 15
2326 , 93.89 , 15
2327 , 93.63 , 15
2328 , 93.89 , 15
2329 , 94.40 , 15
2330 , 93.89 , 15
2331 , 94.40 , 15
2332 , 94.40 , 15
2333 , 94.65 , 15
2334 , 94.65 , 15
2335 , 94.40 , 15
2336 , 95.16 , 15
Denaturing DNA Now
2337 , 95.42 , 15
2338 , 95.16 , 15
2339 , 95.42 , 15
2340 , 95.67 , 15
2341 , 96.18 , 15
2342 , 96.18 , 15
2343 , 95.93 , 15
2344 , 96.44 , 15
2345 , 96.44 , 15
2346 , 96.18 , 15
2347 , 96.44 , 15
2348 , 96.44 , 15
2349 , 95.93 , 15
2350 , 96.69 , 15
2351 , 96.18 , 15
2352 , 96.95 , 15
2353 , 96.95 , 15
2354 , 96.95 , 15
2355 , 96.69 , 15
2356 , 96.69 , 15
Going to Extension Temperature
2357 , 97.20 , 15
2358 , 86.23 , 15
2359 , 83.17 , 15
2360 , 81.13 , 15
2361 , 79.60 , 15
2362 , 77.30 , 15
2363 , 76.28 , 15
2364 , 74.50 , 15
2365 , 72.97 , 15
2366 , 71.95 , 15
2367 , 70.41 , 15
2368 , 68.88 , 15
2369 , 68.12 , 15
2370 , 67.10 , 15
2371 , 65.57 , 15
2372 , 64.55 , 15
2373 , 63.78 , 15
2374 , 62.76 , 15
2375 , 61.99 , 15
2376 , 61.23 , 15
2377 , 60.21 , 15
2378 , 59.44 , 15
2379 , 58.17 , 15
Extending DNA Now
2380 , 57.66 , 15
2381 , 57.66 , 15
2382 , 60.97 , 15
2383 , 61.48 , 15
2384 , 62.50 , 15
2385 , 61.23 , 15
2386 , 61.23 , 15
2387 , 60.21 , 15
2388 , 60.21 , 15
2389 , 60.46 , 15
2390 , 59.95 , 15
2391 , 60.21 , 15
2392 , 59.44 , 15
2393 , 59.19 , 15
2394 , 59.44 , 15
2395 , 59.19 , 15
2396 , 59.19 , 15
2397 , 58.68 , 15
2398 , 59.19 , 15
2399 , 59.19 , 15
2400 , 59.70 , 15
2401 , 59.44 , 15
2402 , 59.70 , 15
2403 , 59.19 , 15
2404 , 59.44 , 15
2405 , 59.44 , 15
2406 , 59.19 , 15
2407 , 58.42 , 15
2408 , 58.42 , 15
2409 , 57.91 , 15
2410 , 58.17 , 15
2411 , 57.91 , 15
2412 , 57.91 , 15
2413 , 57.40 , 15
2414 , 57.66 , 15
2415 , 57.66 , 15
2416 , 57.91 , 15
2417 , 57.40 , 15
2418 , 57.40 , 15
2419 , 57.40 , 15
2420 , 57.40 , 15
Going to Denaturing Temperature
2421 , 57.66 , 16
2422 , 65.06 , 16
2423 , 67.10 , 16
2424 , 68.12 , 16
2425 , 68.37 , 16
2426 , 69.65 , 16
2427 , 70.67 , 16
2428 , 71.69 , 16
2429 , 72.46 , 16
2430 , 72.71 , 16
2431 , 73.99 , 16
2432 , 75.01 , 16
2433 , 75.52 , 16
2434 , 76.28 , 16
2435 , 77.05 , 16
2436 , 77.56 , 16
2437 , 78.07 , 16
2438 , 78.83 , 16
2439 , 79.09 , 16
2440 , 80.37 , 16
2441 , 80.62 , 16
2442 , 80.37 , 16
2443 , 81.64 , 16
2444 , 81.90 , 16
2445 , 82.15 , 16
2446 , 82.92 , 16
2447 , 82.92 , 16
2448 , 82.92 , 16
2449 , 83.94 , 16
2450 , 83.68 , 16
2451 , 84.96 , 16
2452 , 85.47 , 16
2453 , 85.72 , 16
2454 , 85.72 , 16
2455 , 86.23 , 16
2456 , 86.49 , 16
2457 , 86.74 , 16
2458 , 87.25 , 16
2459 , 87.51 , 16
2460 , 87.51 , 16
2461 , 88.02 , 16
2462 , 88.27 , 16
2463 , 88.27 , 16
2464 , 88.79 , 16
2465 , 88.79 , 16
2466 , 88.79 , 16
2467 , 89.04 , 16
2468 , 89.55 , 16
2469 , 89.81 , 16
2470 , 89.81 , 16
2471 , 89.81 , 16
2472 , 90.06 , 16
2473 , 90.32 , 16
2474 , 90.57 , 16
2475 , 90.57 , 16
2476 , 90.83 , 16
2477 , 91.08 , 16
2478 , 90.83 , 16
2479 , 91.34 , 16
2480 , 91.08 , 16
2481 , 91.34 , 16
2482 , 91.08 , 16
2483 , 91.34 , 16
2484 , 91.85 , 16
2485 , 92.10 , 16
2486 , 91.85 , 16
2487 , 92.10 , 16
2488 , 92.61 , 16
2489 , 93.12 , 16
2490 , 93.38 , 16
2491 , 92.36 , 16
2492 , 93.38 , 16
2493 , 93.63 , 16
2494 , 93.38 , 16
2495 , 92.87 , 16
2496 , 93.63 , 16
2497 , 92.87 , 16
2498 , 93.38 , 16
2499 , 93.12 , 16
2500 , 93.63 , 16
2501 , 93.63 , 16
2502 , 93.12 , 16
2503 , 93.63 , 16
2504 , 93.89 , 16
2505 , 93.89 , 16
2506 , 93.63 , 16
2507 , 93.89 , 16
2508 , 93.89 , 16
2509 , 94.65 , 16
2510 , 94.65 , 16
2511 , 94.91 , 16
2512 , 95.16 , 16
Denaturing DNA Now
2513 , 95.42 , 16
2514 , 95.42 , 16
2515 , 95.42 , 16
2516 , 95.42 , 16
2517 , 95.67 , 16
2518 , 95.42 , 16
2519 , 95.42 , 16
2520 , 95.67 , 16
2521 , 95.93 , 16
2522 , 95.93 , 16
2523 , 96.69 , 16
2524 , 97.20 , 16
2525 , 97.20 , 16
2526 , 95.93 , 16
2527 , 95.67 , 16
2528 , 95.67 , 16
2529 , 95.93 , 16
2530 , 95.93 , 16
2531 , 96.18 , 16
2532 , 95.93 , 16
Going to Extension Temperature
2533 , 95.93 , 16
2534 , 85.98 , 16
2535 , 82.66 , 16
2536 , 81.39 , 16
2537 , 79.85 , 16
2538 , 77.81 , 16
2539 , 76.79 , 16
2540 , 75.52 , 16
2541 , 73.73 , 16
2542 , 72.46 , 16
2543 , 71.95 , 16
2544 , 70.41 , 16
2545 , 69.39 , 16
2546 , 67.86 , 16
2547 , 67.10 , 16
2548 , 65.82 , 16
2549 , 64.80 , 16
2550 , 63.27 , 16
2551 , 62.50 , 16
2552 , 61.99 , 16
2553 , 61.23 , 16
2554 , 60.46 , 16
2555 , 58.93 , 16
Extending DNA Now
2556 , 58.42 , 16
2557 , 58.68 , 16
2558 , 61.74 , 16
2559 , 62.50 , 16
2560 , 62.50 , 16
2561 , 62.50 , 16
2562 , 61.99 , 16
2563 , 61.99 , 16
2564 , 61.74 , 16
2565 , 61.48 , 16
2566 , 60.97 , 16
2567 , 60.72 , 16
2568 , 61.23 , 16
2569 , 60.46 , 16
2570 , 60.46 , 16
2571 , 60.21 , 16
2572 , 60.46 , 16
2573 , 60.21 , 16
2574 , 59.95 , 16
2575 , 59.70 , 16
2576 , 59.19 , 16
2577 , 58.68 , 16
2578 , 59.44 , 16
2579 , 59.44 , 16
2580 , 59.44 , 16
2581 , 59.19 , 16
2582 , 59.44 , 16
2583 , 59.19 , 16
2584 , 58.93 , 16
2585 , 59.70 , 16
2586 , 58.68 , 16
2587 , 59.19 , 16
2588 , 58.68 , 16
2589 , 58.93 , 16
2590 , 58.93 , 16
2591 , 58.68 , 16
2592 , 58.68 , 16
2593 , 57.91 , 16
2594 , 57.66 , 16
2595 , 57.91 , 16
2596 , 57.91 , 16
2597 , 57.91 , 16
Going to Denaturing Temperature
2598 , 57.15 , 17
2599 , 65.31 , 17
2600 , 67.10 , 17
2601 , 68.37 , 17
2602 , 69.39 , 17
2603 , 70.41 , 17
2604 , 71.18 , 17
2605 , 72.71 , 17
2606 , 73.48 , 17
2607 , 73.99 , 17
2608 , 74.75 , 17
2609 , 75.77 , 17
2610 , 76.28 , 17
2611 , 77.30 , 17
2612 , 77.81 , 17
2613 , 78.32 , 17
2614 , 79.09 , 17
2615 , 79.85 , 17
2616 , 80.88 , 17
2617 , 80.88 , 17
2618 , 81.64 , 17
2619 , 82.15 , 17
2620 , 82.66 , 17
2621 , 83.17 , 17
2622 , 83.68 , 17
2623 , 83.94 , 17
2624 , 84.70 , 17
2625 , 84.70 , 17
2626 , 85.21 , 17
2627 , 85.98 , 17
2628 , 86.23 , 17
2629 , 86.49 , 17
2630 , 86.49 , 17
2631 , 86.74 , 17
2632 , 87.76 , 17
2633 , 87.51 , 17
2634 , 88.02 , 17
2635 , 88.53 , 17
2636 , 88.27 , 17
2637 , 89.04 , 17
2638 , 89.04 , 17
2639 , 89.55 , 17
2640 , 89.81 , 17
2641 , 89.81 , 17
2642 , 90.06 , 17
2643 , 90.06 , 17
2644 , 90.57 , 17
2645 , 90.57 , 17
2646 , 91.34 , 17
2647 , 91.59 , 17
2648 , 91.59 , 17
2649 , 92.36 , 17
2650 , 91.85 , 17
2651 , 91.85 , 17
2652 , 91.59 , 17
2653 , 91.85 , 17
2654 , 92.36 , 17
2655 , 92.10 , 17
2656 , 92.10 , 17
2657 , 92.36 , 17
2658 , 92.10 , 17
2659 , 93.12 , 17
2660 , 92.87 , 17
2661 , 93.38 , 17
2662 , 93.63 , 17
2663 , 93.12 , 17
2664 , 93.38 , 17
2665 , 93.89 , 17
2666 , 93.89 , 17
2667 , 94.14 , 17
2668 , 93.89 , 17
2669 , 94.40 , 17
2670 , 94.65 , 17
2671 , 94.65 , 17
2672 , 95.16 , 17
Denaturing DNA Now
2673 , 94.91 , 17
2674 , 94.91 , 17
2675 , 94.65 , 17
2676 , 95.16 , 17
2677 , 95.42 , 17
2678 , 95.42 , 17
2679 , 95.16 , 17
2680 , 96.18 , 17
2681 , 96.18 , 17
2682 , 96.18 , 17
2683 , 96.69 , 17
2684 , 96.18 , 17
2685 , 96.95 , 17
2686 , 97.46 , 17
2687 , 96.95 , 17
2688 , 95.93 , 17
2689 , 95.67 , 17
2690 , 96.18 , 17
2691 , 95.67 , 17
2692 , 95.16 , 17
Going to Extension Temperature
2693 , 95.67 , 17
2694 , 85.47 , 17
2695 , 82.92 , 17
2696 , 80.62 , 17
2697 , 79.34 , 17
2698 , 77.81 , 17
2699 , 76.79 , 17
2700 , 75.01 , 17
2701 , 73.73 , 17
2702 , 72.71 , 17
2703 , 71.43 , 17
2704 , 70.16 , 17
2705 , 68.88 , 17
2706 , 68.12 , 17
2707 , 66.33 , 17
2708 , 65.57 , 17
2709 , 64.55 , 17
2710 , 63.27 , 17
2711 , 63.27 , 17
2712 , 61.99 , 17
2713 , 61.23 , 17
2714 , 59.95 , 17
2715 , 59.19 , 17
2716 , 58.68 , 17
Extending DNA Now
2717 , 57.91 , 17
2718 , 57.66 , 17
2719 , 61.48 , 17
2720 , 62.25 , 17
2721 , 61.99 , 17
2722 , 61.48 , 17
2723 , 60.97 , 17
2724 , 61.23 , 17
2725 , 60.97 , 17
2726 , 60.72 , 17
2727 , 60.46 , 17
2728 , 60.46 , 17
2729 , 60.97 , 17
2730 , 60.72 , 17
2731 , 59.95 , 17
2732 , 59.70 , 17
2733 , 59.44 , 17
2734 , 59.19 , 17
2735 , 59.70 , 17
2736 , 58.68 , 17
2737 , 57.91 , 17
2738 , 58.68 , 17
2739 , 58.42 , 17
2740 , 58.68 , 17
2741 , 58.68 , 17
2742 , 58.42 , 17
2743 , 58.17 , 17
2744 , 57.66 , 17
2745 , 58.17 , 17
2746 , 57.40 , 17
2747 , 57.66 , 17
2748 , 57.40 , 17
2749 , 57.40 , 17
2750 , 57.66 , 17
2751 , 57.91 , 17
2752 , 57.40 , 17
2753 , 57.66 , 17
2754 , 58.17 , 17
2755 , 57.91 , 17
2756 , 57.15 , 17
2757 , 57.40 , 17
Going to Denaturing Temperature
2758 , 56.89 , 18
2759 , 65.57 , 18
2760 , 66.84 , 18
2761 , 68.37 , 18
2762 , 69.90 , 18
2763 , 70.67 , 18
2764 , 71.69 , 18
2765 , 72.46 , 18
2766 , 73.73 , 18
2767 , 73.99 , 18
2768 , 75.52 , 18
2769 , 75.77 , 18
2770 , 76.79 , 18
2771 , 77.81 , 18
2772 , 78.58 , 18
2773 , 78.83 , 18
2774 , 79.85 , 18
2775 , 80.62 , 18
2776 , 80.88 , 18
2777 , 81.13 , 18
2778 , 81.64 , 18
2779 , 82.66 , 18
2780 , 82.92 , 18
2781 , 83.17 , 18
2782 , 83.68 , 18
2783 , 84.45 , 18
2784 , 84.19 , 18
2785 , 84.70 , 18
2786 , 84.96 , 18
2787 , 85.21 , 18
2788 , 85.47 , 18
2789 , 85.98 , 18
2790 , 86.74 , 18
2791 , 87.25 , 18
2792 , 87.25 , 18
2793 , 88.02 , 18
2794 , 88.53 , 18
2795 , 88.53 , 18
2796 , 89.04 , 18
2797 , 89.55 , 18
2798 , 89.30 , 18
2799 , 89.55 , 18
2800 , 90.06 , 18
2801 , 90.83 , 18
2802 , 91.34 , 18
2803 , 91.59 , 18
2804 , 91.59 , 18
2805 , 91.59 , 18
2806 , 92.10 , 18
2807 , 91.59 , 18
2808 , 92.36 , 18
2809 , 92.36 , 18
2810 , 92.36 , 18
2811 , 92.61 , 18
2812 , 92.61 , 18
2813 , 92.61 , 18
2814 , 92.61 , 18
2815 , 93.12 , 18
2816 , 93.12 , 18
2817 , 93.89 , 18
2818 , 93.89 , 18
2819 , 94.14 , 18
2820 , 93.89 , 18
2821 , 94.14 , 18
2822 , 93.89 , 18
2823 , 94.65 , 18
2824 , 94.65 , 18
2825 , 95.42 , 18
Denaturing DNA Now
2826 , 95.42 , 18
2827 , 95.42 , 18
2828 , 95.93 , 18
2829 , 95.67 , 18
2830 , 95.67 , 18
2831 , 95.93 , 18
2832 , 96.69 , 18
2833 , 96.44 , 18
2834 , 95.93 , 18
2835 , 96.44 , 18
2836 , 96.95 , 18
2837 , 96.44 , 18
2838 , 96.69 , 18
2839 , 97.20 , 18
2840 , 96.69 , 18
2841 , 96.18 , 18
2842 , 95.42 , 18
2843 , 95.67 , 18
2844 , 95.42 , 18
2845 , 95.67 , 18
Going to Extension Temperature
2846 , 95.42 , 18
2847 , 85.47 , 18
2848 , 82.66 , 18
2849 , 80.88 , 18
2850 , 79.34 , 18
2851 , 77.56 , 18
2852 , 75.77 , 18
2853 , 75.01 , 18
2854 , 73.22 , 18
2855 , 71.69 , 18
2856 , 70.16 , 18
2857 , 69.65 , 18
2858 , 68.63 , 18
2859 , 67.61 , 18
2860 , 66.08 , 18
2861 , 65.06 , 18
2862 , 63.78 , 18
2863 , 62.76 , 18
2864 , 62.50 , 18
2865 , 61.74 , 18
2866 , 60.46 , 18
2867 , 59.44 , 18
2868 , 59.19 , 18
2869 , 58.42 , 18
Extending DNA Now
2870 , 57.66 , 18
2871 , 57.40 , 18
2872 , 60.46 , 18
2873 , 60.72 , 18
2874 , 61.74 , 18
2875 , 60.97 , 18
2876 , 60.97 , 18
2877 , 60.97 , 18
2878 , 60.46 , 18
2879 , 60.46 , 18
2880 , 60.72 , 18
2881 , 59.70 , 18
2882 , 59.95 , 18
2883 , 59.70 , 18
2884 , 59.44 , 18
2885 , 59.44 , 18
2886 , 59.44 , 18
2887 , 59.44 , 18
2888 , 59.19 , 18
2889 , 58.93 , 18
2890 , 58.68 , 18
2891 , 58.42 , 18
2892 , 58.42 , 18
2893 , 59.44 , 18
2894 , 58.68 , 18
2895 , 58.68 , 18
2896 , 58.68 , 18
2897 , 58.93 , 18
2898 , 58.42 , 18
2899 , 58.68 , 18
2900 , 58.42 , 18
2901 , 58.17 , 18
2902 , 58.17 , 18
2903 , 57.91 , 18
2904 , 58.17 , 18
2905 , 58.17 , 18
2906 , 58.17 , 18
2907 , 57.15 , 18
2908 , 57.40 , 18
2909 , 57.91 , 18
2910 , 58.17 , 18
2911 , 58.17 , 18
Going to Denaturing Temperature
2912 , 57.66 , 19
2913 , 65.82 , 19
2914 , 67.35 , 19
2915 , 68.63 , 19
2916 , 68.88 , 19
2917 , 69.90 , 19
2918 , 70.67 , 19
2919 , 71.43 , 19
2920 , 72.97 , 19
2921 , 73.48 , 19
2922 , 74.50 , 19
2923 , 75.26 , 19
2924 , 76.03 , 19
2925 , 77.30 , 19
2926 , 77.56 , 19
2927 , 78.07 , 19
2928 , 78.58 , 19
2929 , 79.60 , 19
2930 , 79.85 , 19
2931 , 80.62 , 19
2932 , 81.13 , 19
2933 , 81.90 , 19
2934 , 81.90 , 19
2935 , 82.66 , 19
2936 , 83.17 , 19
2937 , 83.94 , 19
2938 , 83.94 , 19
2939 , 84.96 , 19
2940 , 85.47 , 19
2941 , 85.47 , 19
2942 , 85.72 , 19
2943 , 86.49 , 19
2944 , 87.00 , 19
2945 , 86.74 , 19
2946 , 87.51 , 19
2947 , 87.51 , 19
2948 , 88.02 , 19
2949 , 88.79 , 19
2950 , 89.04 , 19
2951 , 89.30 , 19
2952 , 89.30 , 19
2953 , 89.55 , 19
2954 , 90.32 , 19
2955 , 90.06 , 19
2956 , 90.57 , 19
2957 , 90.83 , 19
2958 , 90.83 , 19
2959 , 90.57 , 19
2960 , 90.57 , 19
2961 , 91.85 , 19
2962 , 91.59 , 19
2963 , 92.36 , 19
2964 , 92.61 , 19
2965 , 92.36 , 19
2966 , 92.36 , 19
2967 , 92.61 , 19
2968 , 92.10 , 19
2969 , 93.12 , 19
2970 , 93.12 , 19
2971 , 93.63 , 19
2972 , 93.89 , 19
2973 , 94.14 , 19
2974 , 93.89 , 19
2975 , 93.89 , 19
2976 , 94.40 , 19
2977 , 94.14 , 19
2978 , 94.91 , 19
2979 , 94.91 , 19
2980 , 95.16 , 19
Denaturing DNA Now
2981 , 94.65 , 19
2982 , 94.65 , 19
2983 , 94.40 , 19
2984 , 95.16 , 19
2985 , 95.42 , 19
2986 , 95.16 , 19
2987 , 95.16 , 19
2988 , 95.42 , 19
2989 , 95.93 , 19
2990 , 95.93 , 19
2991 , 95.16 , 19
2992 , 95.67 , 19
2993 , 95.67 , 19
2994 , 94.91 , 19
2995 , 95.16 , 19
2996 , 95.42 , 19
2997 , 95.67 , 19
2998 , 95.16 , 19
2999 , 95.16 , 19
3000 , 94.65 , 19
Going to Extension Temperature
3001 , 95.16 , 19
3002 , 84.70 , 19
3003 , 81.90 , 19
3004 , 79.85 , 19
3005 , 78.32 , 19
3006 , 76.79 , 19
3007 , 75.01 , 19
3008 , 73.99 , 19
3009 , 72.71 , 19
3010 , 71.18 , 19
3011 , 69.90 , 19
3012 , 68.63 , 19
3013 , 67.61 , 19
3014 , 66.84 , 19
3015 , 66.08 , 19
3016 , 64.80 , 19
3017 , 64.04 , 19
3018 , 63.27 , 19
3019 , 62.25 , 19
3020 , 61.48 , 19
3021 , 60.21 , 19
3022 , 59.95 , 19
3023 , 58.93 , 19
Extending DNA Now
3024 , 57.91 , 19
3025 , 57.91 , 19
3026 , 60.97 , 19
3027 , 62.25 , 19
3028 , 62.25 , 19
3029 , 61.23 , 19
3030 , 61.74 , 19
3031 , 60.97 , 19
3032 , 60.97 , 19
3033 , 60.97 , 19
3034 , 60.97 , 19
3035 , 60.97 , 19
3036 , 60.21 , 19
3037 , 58.93 , 19
3038 , 59.70 , 19
3039 , 60.46 , 19
3040 , 59.70 , 19
3041 , 59.70 , 19
3042 , 59.44 , 19
3043 , 59.44 , 19
3044 , 59.95 , 19
3045 , 59.95 , 19
3046 , 59.95 , 19
3047 , 59.44 , 19
3048 , 59.19 , 19
3049 , 59.44 , 19
3050 , 59.19 , 19
3051 , 58.93 , 19
3052 , 59.44 , 19
3053 , 58.68 , 19
3054 , 58.93 , 19
3055 , 58.68 , 19
3056 , 58.17 , 19
3057 , 57.91 , 19
3058 , 58.17 , 19
3059 , 57.66 , 19
3060 , 57.66 , 19
3061 , 58.42 , 19
3062 , 57.40 , 19
3063 , 58.42 , 19
3064 , 58.17 , 19
Going to Denaturing Temperature
3065 , 57.91 , 20
3066 , 65.82 , 20
3067 , 67.35 , 20
3068 , 67.86 , 20
3069 , 69.14 , 20
3070 , 69.65 , 20
3071 , 70.67 , 20
3072 , 71.95 , 20
3073 , 72.71 , 20
3074 , 73.48 , 20
3076 , 74.24 , 20
3077 , 75.52 , 20
3078 , 76.03 , 20
3079 , 76.54 , 20
3080 , 77.56 , 20
3081 , 78.07 , 20
3082 , 78.58 , 20
3083 , 78.83 , 20
3084 , 79.60 , 20
3085 , 80.37 , 20
3086 , 80.88 , 20
3087 , 81.39 , 20
3088 , 82.15 , 20
3089 , 82.41 , 20
3090 , 82.92 , 20
3091 , 83.43 , 20
3092 , 84.19 , 20
3093 , 84.45 , 20
3094 , 84.70 , 20
3095 , 85.21 , 20
3096 , 84.96 , 20
3097 , 85.72 , 20
3098 , 85.72 , 20
3099 , 86.49 , 20
3100 , 86.49 , 20
3101 , 86.49 , 20
3102 , 86.49 , 20
3103 , 87.76 , 20
3104 , 88.02 , 20
3105 , 88.02 , 20
3106 , 88.53 , 20
3107 , 88.79 , 20
3108 , 89.04 , 20
3109 , 89.55 , 20
3110 , 89.55 , 20
3111 , 89.81 , 20
3112 , 90.06 , 20
3113 , 89.81 , 20
3114 , 90.32 , 20
3115 , 91.34 , 20
3116 , 91.08 , 20
3117 , 92.10 , 20
3118 , 91.85 , 20
3119 , 91.85 , 20
3120 , 92.61 , 20
3121 , 92.87 , 20
3122 , 92.87 , 20
3123 , 93.38 , 20
3124 , 93.63 , 20
3125 , 94.14 , 20
3126 , 93.89 , 20
3127 , 94.14 , 20
3128 , 93.89 , 20
3129 , 94.14 , 20
3130 , 94.65 , 20
3131 , 94.40 , 20
3132 , 94.40 , 20
3133 , 94.40 , 20
3134 , 94.91 , 20
3135 , 94.91 , 20
3136 , 94.91 , 20
3137 , 94.91 , 20
3138 , 94.65 , 20
3139 , 94.65 , 20
3140 , 94.91 , 20
3141 , 94.91 , 20
3142 , 95.16 , 20
Denaturing DNA Now
3143 , 94.65 , 20
3144 , 95.16 , 20
3145 , 95.67 , 20
3146 , 95.16 , 20
3147 , 95.42 , 20
3148 , 95.67 , 20
3149 , 95.67 , 20
3150 , 95.42 , 20
3151 , 95.16 , 20
3152 , 95.42 , 20
3153 , 95.16 , 20
3154 , 95.67 , 20
3155 , 95.93 , 20
3156 , 95.42 , 20
3157 , 96.18 , 20
3158 , 96.18 , 20
3159 , 96.69 , 20
3160 , 96.69 , 20
3161 , 96.44 , 20
3162 , 97.20 , 20
Going to Extension Temperature
3163 , 96.69 , 20
3164 , 85.72 , 20
3165 , 83.43 , 20
3166 , 81.39 , 20
3167 , 79.60 , 20
3168 , 78.07 , 20
3169 , 76.54 , 20
3170 , 75.26 , 20
3171 , 73.48 , 20
3172 , 72.20 , 20
3173 , 71.43 , 20
3174 , 69.90 , 20
3175 , 68.63 , 20
3176 , 67.86 , 20
3177 , 66.59 , 20
3178 , 66.08 , 20
3179 , 65.06 , 20
3180 , 64.29 , 20
3181 , 63.27 , 20
3182 , 62.25 , 20
3183 , 61.74 , 20
3184 , 60.46 , 20
3185 , 59.95 , 20
3186 , 58.93 , 20
Extending DNA Now
3187 , 58.17 , 20
3188 , 57.66 , 20
3189 , 60.97 , 20
3190 , 60.97 , 20
3191 , 62.50 , 20
3192 , 61.23 , 20
3193 , 61.48 , 20
3194 , 61.23 , 20
3195 , 60.97 , 20
3196 , 61.23 , 20
3197 , 60.97 , 20
3198 , 60.46 , 20
3199 , 60.72 , 20
3200 , 60.72 , 20
3201 , 60.46 , 20
3202 , 60.21 , 20
3203 , 60.21 , 20
3204 , 59.19 , 20
3205 , 59.44 , 20
3206 , 59.70 , 20
3207 , 59.44 , 20
3208 , 58.42 , 20
3209 , 58.93 , 20
3210 , 58.93 , 20
3211 , 57.66 , 20
3212 , 58.17 , 20
3213 , 58.17 , 20
3214 , 58.17 , 20
3215 , 58.17 , 20
3216 , 58.17 , 20
3217 , 58.17 , 20
3218 , 58.17 , 20
3219 , 57.66 , 20
3220 , 56.89 , 20
3221 , 57.40 , 20
3222 , 57.40 , 20
3223 , 56.89 , 20
3224 , 57.15 , 20
3225 , 57.15 , 20
3226 , 56.89 , 20
3227 , 56.13 , 20
Going to Denaturing Temperature
3228 , 56.64 , 21
3229 , 64.80 , 21
3230 , 65.82 , 21
3231 , 66.84 , 21
3232 , 67.86 , 21
3233 , 68.88 , 21
3234 , 70.41 , 21
3235 , 71.18 , 21
3236 , 71.69 , 21
3237 , 72.71 , 21
3238 , 73.48 , 21
3239 , 74.50 , 21
3240 , 75.01 , 21
3241 , 75.77 , 21
3242 , 76.79 , 21
3243 , 77.05 , 21
3244 , 77.56 , 21
3245 , 78.32 , 21
3246 , 78.83 , 21
3247 , 79.60 , 21
3248 , 79.85 , 21
3249 , 80.37 , 21
3250 , 81.13 , 21
3251 , 81.64 , 21
3252 , 82.15 , 21
3253 , 83.17 , 21
3254 , 82.92 , 21
3255 , 84.19 , 21
3256 , 84.70 , 21
3257 , 85.47 , 21
3258 , 85.47 , 21
3259 , 85.72 , 21
3260 , 85.72 , 21
3261 , 85.98 , 21
3262 , 86.74 , 21
3263 , 87.00 , 21
3264 , 87.25 , 21
3265 , 87.00 , 21
3266 , 87.51 , 21
3267 , 87.51 , 21
3268 , 88.02 , 21
3269 , 87.76 , 21
3270 , 88.27 , 21
3271 , 88.27 , 21
3272 , 88.27 , 21
3273 , 89.04 , 21
3274 , 88.79 , 21
3275 , 88.79 , 21
3276 , 89.30 , 21
3277 , 89.55 , 21
3278 , 90.06 , 21
3279 , 90.32 , 21
3280 , 90.57 , 21
3281 , 90.83 , 21
3282 , 91.08 , 21
3283 , 91.34 , 21
3284 , 91.08 , 21
3285 , 91.59 , 21
3286 , 91.34 , 21
3287 , 91.34 , 21
3288 , 91.34 , 21
3289 , 91.59 , 21
3290 , 92.10 , 21
3291 , 92.61 , 21
3292 , 92.10 , 21
3293 , 92.61 , 21
3294 , 93.38 , 21
3295 , 92.61 , 21
3296 , 92.87 , 21
3297 , 93.12 , 21
3298 , 93.63 , 21
3299 , 93.38 , 21
3300 , 93.89 , 21
3301 , 93.89 , 21
3302 , 93.89 , 21
3303 , 94.14 , 21
3304 , 94.14 , 21
3305 , 93.89 , 21
3306 , 94.14 , 21
3307 , 94.40 , 21
3308 , 94.65 , 21
3309 , 94.40 , 21
3310 , 94.14 , 21
3311 , 94.65 , 21
3312 , 94.14 , 21
3313 , 94.14 , 21
3314 , 94.40 , 21
3315 , 94.65 , 21
3316 , 94.14 , 21
3317 , 94.65 , 21
3318 , 94.40 , 21
3319 , 94.91 , 21
3320 , 95.16 , 21
Denaturing DNA Now
3321 , 95.42 , 21
3322 , 95.16 , 21
3323 , 95.67 , 21
3324 , 95.93 , 21
3325 , 95.93 , 21
3326 , 95.42 , 21
3327 , 95.67 , 21
3328 , 95.42 , 21
3329 , 95.42 , 21
3330 , 95.42 , 21
3331 , 95.67 , 21
3332 , 95.42 , 21
3333 , 95.16 , 21
3334 , 95.16 , 21
3335 , 95.42 , 21
3336 , 95.42 , 21
3337 , 95.16 , 21
3338 , 94.91 , 21
3339 , 95.16 , 21
3340 , 95.42 , 21
Going to Extension Temperature
3341 , 95.16 , 21
3342 , 84.70 , 21
3343 , 82.41 , 21
3344 , 80.62 , 21
3345 , 78.83 , 21
3346 , 76.79 , 21
3347 , 75.26 , 21
3348 , 74.50 , 21
3349 , 73.22 , 21
3350 , 71.95 , 21
3351 , 70.41 , 21
3352 , 69.65 , 21
3353 , 68.12 , 21
3354 , 67.10 , 21
3355 , 66.08 , 21
3356 , 64.80 , 21
3357 , 64.04 , 21
3358 , 63.01 , 21
3359 , 61.74 , 21
3360 , 60.97 , 21
3361 , 60.21 , 21
3362 , 59.70 , 21
3363 , 58.93 , 21
Extending DNA Now
3364 , 57.91 , 21
3365 , 58.17 , 21
3366 , 60.72 , 21
3367 , 61.48 , 21
3368 , 61.74 , 21
3369 , 60.97 , 21
3370 , 60.97 , 21
3371 , 61.23 , 21
3372 , 61.23 , 21
3373 , 60.97 , 21
3374 , 60.21 , 21
3375 , 60.21 , 21
3376 , 59.70 , 21
3377 , 60.21 , 21
3378 , 60.72 , 21
3379 , 60.21 , 21
3380 , 59.70 , 21
3381 , 58.93 , 21
3382 , 59.44 , 21
3383 , 59.44 , 21
3384 , 59.95 , 21
3385 , 59.44 , 21
3386 , 58.68 , 21
3387 , 59.19 , 21
3388 , 58.42 , 21
3389 , 58.93 , 21
3390 , 58.17 , 21
3391 , 58.68 , 21
3392 , 58.17 , 21
3393 , 58.93 , 21
3394 , 57.91 , 21
3395 , 58.17 , 21
3396 , 57.66 , 21
3397 , 57.66 , 21
3398 , 57.66 , 21
3399 , 57.66 , 21
3400 , 57.40 , 21
3401 , 57.66 , 21
3402 , 57.15 , 21
3403 , 56.89 , 21
3404 , 57.15 , 21
3405 , 57.15 , 21
Going to Denaturing Temperature
3406 , 57.15 , 22
3407 , 64.55 , 22
3408 , 66.08 , 22
3409 , 67.61 , 22
3410 , 68.12 , 22
3411 , 69.14 , 22
3412 , 69.90 , 22
3413 , 70.67 , 22
3414 , 71.69 , 22
3415 , 72.20 , 22
3416 , 73.22 , 22
3417 , 73.73 , 22
3418 , 74.50 , 22
3419 , 75.77 , 22
3420 , 76.28 , 22
3421 , 77.05 , 22
3422 , 78.07 , 22
3423 , 78.58 , 22
3424 , 79.09 , 22
3425 , 79.60 , 22
3426 , 80.37 , 22
3427 , 80.37 , 22
3428 , 81.13 , 22
3429 , 81.39 , 22
3430 , 82.15 , 22
3431 , 83.17 , 22
3432 , 83.68 , 22
3433 , 83.94 , 22
3434 , 84.19 , 22
3435 , 84.70 , 22
3436 , 84.45 , 22
3437 , 85.47 , 22
3438 , 85.72 , 22
3439 , 86.49 , 22
3440 , 86.74 , 22
3441 , 87.00 , 22
3442 , 87.00 , 22
3443 , 87.25 , 22
3444 , 87.25 , 22
3445 , 88.27 , 22
3446 , 88.02 , 22
3447 , 88.79 , 22
3448 , 89.04 , 22
3449 , 89.04 , 22
3450 , 89.04 , 22
3451 , 89.04 , 22
3452 , 89.55 , 22
3453 , 89.55 , 22
3454 , 89.81 , 22
3455 , 89.81 , 22
3456 , 89.81 , 22
3457 , 89.55 , 22
3458 , 90.32 , 22
3459 , 90.32 , 22
3460 , 89.81 , 22
3461 , 90.57 , 22
3462 , 90.83 , 22
3463 , 91.08 , 22
3464 , 91.08 , 22
3465 , 91.34 , 22
3466 , 91.59 , 22
3467 , 91.59 , 22
3468 , 91.59 , 22
3469 , 91.59 , 22
3470 , 92.10 , 22
3471 , 91.59 , 22
3472 , 92.10 , 22
3473 , 92.10 , 22
3474 , 92.36 , 22
3475 , 92.10 , 22
3476 , 92.36 , 22
3477 , 92.61 , 22
3478 , 93.38 , 22
3479 , 93.38 , 22
3480 , 93.38 , 22
3481 , 93.12 , 22
3482 , 93.38 , 22
3483 , 93.63 , 22
3484 , 93.38 , 22
3485 , 93.63 , 22
3486 , 93.38 , 22
3487 , 93.63 , 22
3488 , 93.38 , 22
3489 , 94.14 , 22
3490 , 93.63 , 22
3491 , 93.63 , 22
3492 , 94.14 , 22
3493 , 93.89 , 22
3494 , 93.38 , 22
3495 , 94.14 , 22
3496 , 94.14 , 22
3497 , 93.89 , 22
3498 , 93.63 , 22
3499 , 94.14 , 22
3500 , 93.89 , 22
3501 , 94.14 , 22
3502 , 94.14 , 22
3503 , 93.89 , 22
3504 , 94.40 , 22
3505 , 94.14 , 22
3506 , 93.89 , 22
3507 , 94.65 , 22
3508 , 94.14 , 22
3509 , 94.14 , 22
3510 , 94.65 , 22
3511 , 94.14 , 22
3512 , 93.63 , 22
3513 , 94.40 , 22
3514 , 94.65 , 22
3515 , 94.14 , 22
3516 , 94.14 , 22
3517 , 94.14 , 22
3518 , 94.65 , 22
3519 , 94.14 , 22
3520 , 94.40 , 22
3521 , 94.40 , 22
3522 , 94.14 , 22
3523 , 94.65 , 22
3524 , 94.91 , 22
3525 , 95.42 , 22
Denaturing DNA Now
3526 , 95.16 , 22
3527 , 95.16 , 22
3528 , 95.16 , 22
3529 , 95.42 , 22
3530 , 95.67 , 22
3531 , 95.42 , 22
3532 , 95.42 , 22
3533 , 95.42 , 22
3534 , 95.16 , 22
3535 , 94.65 , 22
3536 , 95.42 , 22
3537 , 95.67 , 22
3538 , 95.42 , 22
3539 , 95.42 , 22
3540 , 95.42 , 22
3541 , 95.67 , 22
3542 , 95.16 , 22
3543 , 94.91 , 22
3544 , 95.16 , 22
3545 , 94.65 , 22
Going to Extension Temperature
3546 , 95.42 , 22
3547 , 84.45 , 22
3548 , 82.41 , 22
3549 , 79.85 , 22
3550 , 78.07 , 22
3551 , 77.30 , 22
3552 , 75.77 , 22
3553 , 74.75 , 22
3554 , 72.97 , 22
3555 , 72.20 , 22
3556 , 70.92 , 22
3557 , 69.65 , 22
3558 , 68.63 , 22
3559 , 67.10 , 22
3560 , 66.33 , 22
3561 , 65.57 , 22
3562 , 64.55 , 22
3563 , 63.53 , 22
3564 , 61.99 , 22
3565 , 61.74 , 22
3566 , 60.72 , 22
3567 , 60.21 , 22
3568 , 59.44 , 22
3569 , 58.42 , 22
Extending DNA Now
3570 , 57.15 , 22
3571 , 57.40 , 22
3572 , 60.21 , 22
3573 , 61.23 , 22
3574 , 61.74 , 22
3575 , 60.97 , 22
3576 , 60.72 , 22
3577 , 60.21 , 22
3578 , 60.72 , 22
3579 , 60.97 , 22
3580 , 60.46 , 22
3581 , 59.95 , 22
3582 , 59.70 , 22
3583 , 60.21 , 22
3584 , 59.70 , 22
3585 , 59.95 , 22
3586 , 59.95 , 22
3587 , 59.19 , 22
3588 , 59.70 , 22
3589 , 58.17 , 22
3590 , 58.93 , 22
3591 , 59.70 , 22
3592 , 59.70 , 22
3593 , 58.93 , 22
3594 , 59.44 , 22
3595 , 59.19 , 22
3596 , 59.19 , 22
3597 , 58.93 , 22
3598 , 58.68 , 22
3599 , 58.93 , 22
3600 , 58.68 , 22
3601 , 58.93 , 22
3602 , 57.66 , 22
3603 , 58.42 , 22
3604 , 58.17 , 22
3605 , 58.17 , 22
3606 , 58.17 , 22
3607 , 58.17 , 22
3608 , 58.17 , 22
3609 , 57.66 , 22
3610 , 57.15 , 22
Going to Denaturing Temperature
3611 , 57.66 , 23
3612 , 65.06 , 23
3613 , 66.59 , 23
3614 , 68.12 , 23
3615 , 68.63 , 23
3616 , 69.65 , 23
3617 , 70.41 , 23
3618 , 71.18 , 23
3619 , 72.20 , 23
3620 , 72.71 , 23
3621 , 73.99 , 23
3622 , 74.50 , 23
3623 , 75.01 , 23
3624 , 76.03 , 23
3625 , 76.28 , 23
3626 , 76.79 , 23
3627 , 78.07 , 23
3628 , 78.58 , 23
3629 , 79.09 , 23
3630 , 79.85 , 23
3631 , 80.62 , 23
3632 , 81.13 , 23
3633 , 81.90 , 23
3634 , 82.15 , 23
3635 , 82.15 , 23
3636 , 82.92 , 23
3637 , 84.19 , 23
3638 , 84.70 , 23
3990 , 78.32 , 25
3991 , 78.83 , 25
3992 , 79.60 , 25
3993 , 79.34 , 25
3994 , 80.37 , 25
3995 , 80.62 , 25
3996 , 81.13 , 25
3997 , 81.64 , 25
3998 , 82.41 , 25
3999 , 82.15 , 25
4000 , 82.66 , 25
4001 , 83.17 , 25
4002 , 83.68 , 25
4003 , 84.45 , 25
4004 , 84.19 , 25
4005 , 85.21 , 25
4006 , 85.47 , 25
4007 , 85.72 , 25
4008 , 86.49 , 25
4009 , 87.00 , 25
4010 , 87.25 , 25
4011 , 88.02 , 25
4012 , 87.76 , 25
4013 , 88.53 , 25
4014 , 88.27 , 25
4015 , 89.04 , 25
4016 , 89.04 , 25
4017 , 89.30 , 25
4018 , 89.30 , 25
4019 , 89.30 , 25
4020 , 89.30 , 25
4021 , 89.81 , 25
4022 , 89.81 , 25
4023 , 89.81 , 25
4024 , 89.81 , 25
4025 , 90.32 , 25
4026 , 90.83 , 25
4027 , 91.08 , 25
4028 , 91.08 , 25
4029 , 90.83 , 25
4030 , 91.34 , 25
4031 , 91.08 , 25
4032 , 91.85 , 25
4033 , 91.85 , 25
4034 , 91.59 , 25
4035 , 91.85 , 25
4036 , 91.34 , 25
4037 , 92.10 , 25
4038 , 91.85 , 25
4039 , 92.10 , 25
4040 , 92.36 , 25
4041 , 92.10 , 25
4042 , 92.36 , 25
4043 , 92.87 , 25
4044 , 92.61 , 25
4045 , 93.12 , 25
4046 , 93.38 , 25
4047 , 93.12 , 25
4048 , 92.87 , 25
4049 , 92.61 , 25
4050 , 92.61 , 25
4051 , 93.63 , 25
4052 , 93.38 , 25
4053 , 93.38 , 25
4054 , 93.63 , 25
4055 , 93.89 , 25
4056 , 94.14 , 25
4057 , 93.63 , 25
4058 , 94.40 , 25
4059 , 94.65 , 25
4060 , 94.65 , 25
4061 , 95.16 , 25
Denaturing DNA Now
4062 , 94.91 , 25
4063 , 95.67 , 25
4064 , 95.42 , 25
4065 , 95.16 , 25
4066 , 96.18 , 25
4067 , 96.18 , 25
4068 , 95.93 , 25
4069 , 96.69 , 25
4070 , 96.44 , 25
4071 , 96.69 , 25
4072 , 97.20 , 25
4073 , 96.95 , 25
4074 , 96.18 , 25
4075 , 95.93 , 25
4076 , 95.93 , 25
4077 , 95.16 , 25
4078 , 95.16 , 25
4079 , 94.91 , 25
4080 , 94.40 , 25
4081 , 95.16 , 25
Going to Extension Temperature
4082 , 95.42 , 25
4083 , 85.47 , 25
4084 , 82.92 , 25
4085 , 81.13 , 25
4086 , 78.58 , 25
4087 , 77.56 , 25
4088 , 76.03 , 25
4089 , 75.01 , 25
4090 , 73.99 , 25
4091 , 72.46 , 25
4092 , 71.18 , 25
4093 , 69.90 , 25
4094 , 68.63 , 25
4095 , 67.86 , 25
4096 , 66.84 , 25
4097 , 66.08 , 25
4098 , 65.06 , 25
4099 , 64.04 , 25
4100 , 63.27 , 25
4101 , 62.25 , 25
4102 , 61.74 , 25
4103 , 60.72 , 25
4104 , 59.95 , 25
4105 , 59.44 , 25
4106 , 58.42 , 25
Extending DNA Now
4107 , 57.66 , 25
4108 , 57.91 , 25
4109 , 60.72 , 25
4110 , 60.72 , 25
4111 , 61.74 , 25
4112 , 60.97 , 25
4113 , 60.72 , 25
4114 , 60.97 , 25
4115 , 60.21 , 25
4116 , 60.21 , 25
4117 , 58.93 , 25
4118 , 59.44 , 25
4119 , 59.19 , 25
4120 , 59.70 , 25
4121 , 59.19 , 25
4122 , 59.19 , 25
4123 , 59.44 , 25
4124 , 58.68 , 25
4125 , 58.68 , 25
4126 , 58.93 , 25
4127 , 58.42 , 25
4128 , 58.42 , 25
4129 , 58.68 , 25
4130 , 58.42 , 25
4131 , 57.91 , 25
4132 , 57.66 , 25
4133 , 58.42 , 25
4134 , 57.91 , 25
4135 , 57.15 , 25
4136 , 57.66 , 25
4137 , 57.40 , 25
4138 , 57.66 , 25
4139 , 56.64 , 25
4140 , 56.89 , 25
4141 , 56.38 , 25
4142 , 56.13 , 25
4143 , 55.87 , 25
4144 , 55.87 , 25
4145 , 55.87 , 25
4146 , 55.87 , 25
4147 , 55.87 , 25
Going to Denaturing Temperature
4148 , 55.62 , 26
4149 , 63.27 , 26
4150 , 64.80 , 26
4151 , 65.57 , 26
4152 , 66.33 , 26
4153 , 67.86 , 26
4154 , 68.12 , 26
4155 , 69.39 , 26
4156 , 70.16 , 26
4157 , 71.18 , 26
4158 , 71.69 , 26
4159 , 72.71 , 26
4160 , 72.71 , 26
4161 , 73.48 , 26
4162 , 75.01 , 26
4163 , 75.77 , 26
4164 , 76.03 , 26
4165 , 77.05 , 26
4166 , 77.30 , 26
4167 , 77.30 , 26
4168 , 78.07 , 26
4169 , 79.34 , 26
4170 , 79.09 , 26
4171 , 80.11 , 26
4172 , 80.37 , 26
4173 , 81.13 , 26
4174 , 80.88 , 26
4175 , 82.15 , 26
4176 , 82.41 , 26
4177 , 83.17 , 26
4178 , 83.17 , 26
4179 , 83.68 , 26
4180 , 83.94 , 26
4181 , 84.45 , 26
4182 , 84.96 , 26
4183 , 85.21 , 26
4184 , 85.72 , 26
4185 , 86.23 , 26
4186 , 86.74 , 26
4187 , 86.49 , 26
4188 , 87.51 , 26
4189 , 87.51 , 26
4190 , 88.02 , 26
4191 , 88.53 , 26
4192 , 88.53 , 26
4193 , 89.30 , 26
4194 , 89.55 , 26
4195 , 89.81 , 26
4196 , 89.81 , 26
4197 , 90.32 , 26
4198 , 90.32 , 26
4199 , 91.08 , 26
4200 , 91.34 , 26
4201 , 91.34 , 26
4202 , 91.59 , 26
4203 , 91.85 , 26
4204 , 92.36 , 26
4205 , 92.36 , 26
4206 , 92.87 , 26
4207 , 93.38 , 26
4208 , 92.87 , 26
4209 , 93.12 , 26
4210 , 93.12 , 26
4211 , 93.89 , 26
4212 , 93.12 , 26
4213 , 93.89 , 26
4214 , 94.14 , 26
4215 , 93.63 , 26
4216 , 94.40 , 26
4217 , 94.65 , 26
4218 , 94.91 , 26
4219 , 94.65 , 26
4220 , 95.16 , 26
Denaturing DNA Now
4221 , 95.42 , 26
4222 , 95.16 , 26
4223 , 95.42 , 26
4224 , 94.91 , 26
4225 , 95.16 , 26
4226 , 95.16 , 26
4227 , 95.16 , 26
4228 , 95.67 , 26
4229 , 95.67 , 26
4230 , 95.16 , 26
4231 , 96.18 , 26
4232 , 95.67 , 26
4233 , 96.18 , 26
4234 , 96.44 , 26
4235 , 96.44 , 26
4236 , 96.18 , 26
4237 , 96.69 , 26
4238 , 96.69 , 26
4239 , 96.69 , 26
4240 , 96.69 , 26
Going to Extension Temperature
4241 , 96.44 , 26
4242 , 86.74 , 26
4243 , 84.19 , 26
4244 , 82.15 , 26
4245 , 80.37 , 26
4246 , 78.83 , 26
4247 , 77.05 , 26
4248 , 76.28 , 26
4249 , 74.50 , 26
4250 , 72.97 , 26
4251 , 71.18 , 26
4252 , 70.92 , 26
4253 , 69.65 , 26
4254 , 68.12 , 26
4255 , 67.61 , 26
4256 , 66.08 , 26
4257 , 65.31 , 26
4258 , 64.55 , 26
4259 , 63.53 , 26
4260 , 62.50 , 26
4261 , 61.74 , 26
4262 , 60.72 , 26
4263 , 60.21 , 26
4264 , 59.19 , 26
4265 , 58.42 , 26
Extending DNA Now
4266 , 57.66 , 26
4267 , 57.40 , 26
4268 , 60.21 , 26
4269 , 60.97 , 26
4270 , 60.97 , 26
4271 , 61.48 , 26
4272 , 60.97 , 26
4273 , 59.95 , 26
4274 , 60.46 , 26
4275 , 60.21 , 26
4276 , 59.44 , 26
4277 , 59.70 , 26
4278 , 59.70 , 26
4279 , 59.19 , 26
4280 , 59.19 , 26
4281 , 58.93 , 26
4282 , 58.93 , 26
4283 , 58.93 , 26
4284 , 58.42 , 26
4285 , 58.68 , 26
4286 , 58.42 , 26
4287 , 58.68 , 26
4288 , 58.68 , 26
4289 , 58.68 , 26
4290 , 58.42 , 26
4291 , 57.40 , 26
4292 , 58.17 , 26
4293 , 58.17 , 26
4294 , 57.40 , 26
4295 , 57.91 , 26
4296 , 57.66 , 26
4297 , 57.40 , 26
4298 , 57.15 , 26
4299 , 56.89 , 26
4300 , 56.13 , 26
4301 , 57.15 , 26
4302 , 56.13 , 26
4303 , 56.13 , 26
4304 , 56.64 , 26
4305 , 56.13 , 26
4306 , 56.38 , 26
Going to Denaturing Temperature
4307 , 56.64 , 27
4308 , 63.78 , 27
4309 , 65.57 , 27
4310 , 66.59 , 27
4311 , 67.61 , 27
4312 , 68.12 , 27
4313 , 69.14 , 27
4314 , 70.16 , 27
4315 , 70.92 , 27
4316 , 72.20 , 27
4317 , 73.22 , 27
4318 , 72.97 , 27
4319 , 74.24 , 27
4320 , 75.26 , 27
4321 , 75.26 , 27
4322 , 76.54 , 27
4323 , 77.30 , 27
4324 , 77.81 , 27
4325 , 78.32 , 27
4326 , 79.09 , 27
4327 , 79.09 , 27
4328 , 79.60 , 27
4329 , 80.37 , 27
4330 , 80.88 , 27
4331 , 81.39 , 27
4332 , 81.90 , 27
4333 , 82.41 , 27
4334 , 82.92 , 27
4335 , 82.92 , 27
4336 , 83.68 , 27
4337 , 83.94 , 27
4338 , 84.19 , 27
4339 , 84.96 , 27
4340 , 84.96 , 27
4341 , 85.21 , 27
4342 , 84.96 , 27
4343 , 85.47 , 27
4344 , 86.49 , 27
4345 , 87.00 , 27
4346 , 87.00 , 27
4347 , 86.74 , 27
4348 , 87.76 , 27
4349 , 87.76 , 27
4350 , 88.02 , 27
4351 , 88.27 , 27
4352 , 88.27 , 27
4353 , 88.53 , 27
4354 , 88.53 , 27
4355 , 89.04 , 27
4356 , 89.30 , 27
4357 , 89.55 , 27
4358 , 89.81 , 27
4359 , 89.81 , 27
4360 , 89.81 , 27
4361 , 89.81 , 27
4362 , 89.81 , 27
4363 , 89.81 , 27
4364 , 89.81 , 27
4365 , 89.81 , 27
4366 , 90.32 , 27
4367 , 90.06 , 27
4368 , 90.57 , 27
4369 , 90.06 , 27
4370 , 90.83 , 27
4371 , 91.08 , 27
4372 , 91.34 , 27
4373 , 91.34 , 27
4374 , 91.85 , 27
4375 , 91.85 , 27
4376 , 92.10 , 27
4377 , 92.36 , 27
4378 , 92.10 , 27
4379 , 92.61 , 27
4380 , 92.87 , 27
4381 , 93.12 , 27
4382 , 92.87 , 27
4383 , 93.38 , 27
4384 , 93.63 , 27
4385 , 93.12 , 27
4386 , 93.63 , 27
4387 , 93.63 , 27
4388 , 93.63 , 27
4389 , 94.14 , 27
4390 , 93.63 , 27
4391 , 93.63 , 27
4392 , 93.89 , 27
4393 , 94.14 , 27
4394 , 94.40 , 27
4395 , 93.89 , 27
4396 , 93.89 , 27
4397 , 93.63 , 27
4398 , 94.14 , 27
4399 , 94.40 , 27
4400 , 94.65 , 27
4401 , 94.14 , 27
4402 , 94.65 , 27
4403 , 94.91 , 27
4404 , 95.16 , 27
Denaturing DNA Now
4405 , 94.91 , 27
4406 , 94.14 , 27
4407 , 94.65 , 27
4408 , 94.91 , 27
4409 , 94.91 , 27
4410 , 94.65 , 27
4411 , 94.91 , 27
4412 , 94.91 , 27
4413 , 94.65 , 27
4414 , 94.91 , 27
4415 , 94.40 , 27
4416 , 94.91 , 27
4417 , 94.91 , 27
4418 , 94.91 , 27
4419 , 94.91 , 27
4420 , 95.67 , 27
4421 , 95.42 , 27
4422 , 96.18 , 27
4423 , 96.18 , 27
4424 , 96.18 , 27
Going to Extension Temperature
4425 , 95.67 , 27
4426 , 85.72 , 27
4427 , 83.17 , 27
4428 , 81.39 , 27
4429 , 79.60 , 27
4430 , 78.32 , 27
4431 , 76.54 , 27
4432 , 75.52 , 27
4433 , 73.73 , 27
4434 , 72.46 , 27
4435 , 71.43 , 27
4436 , 69.90 , 27
4437 , 68.88 , 27
4438 , 67.35 , 27
4439 , 66.33 , 27
4440 , 65.57 , 27
4441 , 64.80 , 27
4442 , 63.78 , 27
4443 , 63.01 , 27
4444 , 62.25 , 27
4445 , 60.97 , 27
4446 , 60.46 , 27
4447 , 59.44 , 27
4448 , 58.68 , 27
Extending DNA Now
4449 , 57.91 , 27
4450 , 58.17 , 27
4451 , 60.97 , 27
4452 , 61.23 , 27
4453 , 61.99 , 27
4454 , 61.23 , 27
4455 , 60.97 , 27
4456 , 60.72 , 27
4457 , 60.72 , 27
4458 , 60.21 , 27
4459 , 60.21 , 27
4460 , 60.72 , 27
4461 , 60.46 , 27
4462 , 59.95 , 27
4463 , 59.70 , 27
4464 , 60.21 , 27
4465 , 59.95 , 27
4466 , 59.70 , 27
4467 , 59.19 , 27
4468 , 59.19 , 27
4469 , 58.68 , 27
4470 , 58.68 , 27
4471 , 58.68 , 27
4472 , 58.93 , 27
4473 , 59.19 , 27
4474 , 58.93 , 27
4475 , 58.68 , 27
4476 , 59.19 , 27
4477 , 58.42 , 27
4478 , 58.93 , 27
4479 , 58.68 , 27
4480 , 58.68 , 27
4481 , 58.93 , 27
4482 , 58.68 , 27
4483 , 57.91 , 27
4484 , 58.17 , 27
4485 , 58.17 , 27
4486 , 58.17 , 27
4487 , 57.91 , 27
4488 , 57.15 , 27
4489 , 57.91 , 27
4490 , 57.40 , 27
Going to Denaturing Temperature
4491 , 57.15 , 28
4492 , 65.06 , 28
4493 , 66.33 , 28
4494 , 67.61 , 28
4495 , 68.12 , 28
4496 , 69.39 , 28
4497 , 69.65 , 28
4498 , 70.92 , 28
4499 , 71.43 , 28
4500 , 71.95 , 28
4501 , 72.97 , 28
4502 , 73.99 , 28
4503 , 74.50 , 28
4504 , 75.26 , 28
4505 , 75.77 , 28
4506 , 76.28 , 28
4507 , 76.79 , 28
4508 , 77.56 , 28
4509 , 77.81 , 28
4510 , 78.32 , 28
4511 , 79.09 , 28
4512 , 79.09 , 28
4513 , 79.34 , 28
4514 , 80.62 , 28
4515 , 80.88 , 28
4516 , 81.13 , 28
4517 , 81.39 , 28
4518 , 81.39 , 28
4519 , 81.90 , 28
4520 , 82.41 , 28
4521 , 82.41 , 28
4522 , 83.17 , 28
4523 , 83.43 , 28
4524 , 83.43 , 28
4525 , 84.45 , 28
4526 , 84.45 , 28
4527 , 84.70 , 28
4528 , 84.96 , 28
4529 , 85.21 , 28
4530 , 85.72 , 28
4531 , 85.98 , 28
4532 , 86.49 , 28
4533 , 87.00 , 28
4534 , 87.00 , 28
4535 , 87.51 , 28
4536 , 87.51 , 28
4537 , 87.76 , 28
4538 , 88.02 , 28
4539 , 87.76 , 28
4540 , 87.76 , 28
4541 , 88.27 , 28
4542 , 88.53 , 28
4543 , 89.04 , 28
4544 , 89.30 , 28
4545 , 89.04 , 28
4546 , 89.30 , 28
4547 , 89.55 , 28
4548 , 90.06 , 28
4549 , 90.06 , 28
4550 , 90.06 , 28
4551 , 90.32 , 28
4552 , 90.83 , 28
4553 , 90.83 , 28
4554 , 90.32 , 28
4555 , 91.08 , 28
4556 , 90.83 , 28
4557 , 90.83 , 28
4558 , 91.08 , 28
4559 , 90.57 , 28
4560 , 90.57 , 28
4561 , 91.08 , 28
4562 , 90.83 , 28
4563 , 90.57 , 28
4564 , 90.83 , 28
4565 , 91.08 , 28
4566 , 91.59 , 28
4567 , 92.10 , 28
4568 , 92.10 , 28
4569 , 92.10 , 28
4570 , 92.10 , 28
4571 , 91.59 , 28
4572 , 92.36 , 28
4573 , 91.85 , 28
4574 , 92.61 , 28
4575 , 92.61 , 28
4576 , 92.87 , 28
4577 , 93.12 , 28
4578 , 92.87 , 28
4579 , 92.61 , 28
4580 , 93.38 , 28
4581 , 93.12 , 28
4582 , 93.38 , 28
4583 , 93.12 , 28
4584 , 92.87 , 28
4585 , 93.12 , 28
4586 , 93.12 , 28
4587 , 93.38 , 28
4588 , 93.38 , 28
4589 , 93.63 , 28
4590 , 93.63 , 28
4591 , 93.63 , 28
4592 , 93.63 , 28
4593 , 93.63 , 28
4594 , 93.63 , 28
4595 , 93.63 , 28
4596 , 93.38 , 28
4597 , 93.63 , 28
4598 , 93.12 , 28
4599 , 93.63 , 28
4600 , 93.89 , 28
4601 , 94.14 , 28
4602 , 93.63 , 28
4603 , 94.14 , 28
4604 , 94.65 , 28
4605 , 94.40 , 28
4606 , 94.40 , 28
4607 , 94.65 , 28
4608 , 94.65 , 28
4609 , 95.16 , 28
Denaturing DNA Now
4610 , 94.91 , 28
4611 , 94.91 , 28
4612 , 95.16 , 28
4613 , 95.42 , 28
4615 , 95.42 , 28
4616 , 95.93 , 28
4617 , 95.67 , 28
4618 , 95.67 , 28
4619 , 95.93 , 28
4620 , 95.67 , 28
4621 , 95.42 , 28
4622 , 95.67 , 28
4623 , 95.42 , 28
4624 , 95.67 , 28
4625 , 94.91 , 28
4626 , 95.67 , 28
4627 , 95.93 , 28
4628 , 95.67 , 28
4629 , 94.91 , 28
Going to Extension Temperature
4630 , 95.42 , 28
4631 , 85.21 , 28
4632 , 82.15 , 28
4633 , 80.11 , 28
4634 , 78.32 , 28
4635 , 76.79 , 28
4636 , 75.52 , 28
4637 , 74.24 , 28
4638 , 72.71 , 28
4639 , 71.69 , 28
4640 , 70.16 , 28
4641 , 69.14 , 28
4642 , 68.12 , 28
4643 , 67.10 , 28
4644 , 66.08 , 28
4645 , 65.06 , 28
4646 , 64.29 , 28
4647 , 63.01 , 28
4648 , 62.50 , 28
4649 , 61.74 , 28
4650 , 60.21 , 28
4651 , 59.70 , 28
4652 , 59.19 , 28
4653 , 58.42 , 28
Extending DNA Now
4654 , 57.91 , 28
4655 , 57.40 , 28
4656 , 61.23 , 28
4657 , 61.74 , 28
4658 , 61.48 , 28
4659 , 61.48 , 28
4660 , 60.97 , 28
4661 , 60.97 , 28
4662 , 61.23 , 28
4663 , 60.72 , 28
4664 , 60.21 , 28
4665 , 59.95 , 28
4666 , 60.46 , 28
4667 , 60.21 , 28
4668 , 59.44 , 28
4669 , 60.21 , 28
4670 , 59.44 , 28
4671 , 59.19 , 28
4672 , 58.93 , 28
4673 , 58.93 , 28
4674 , 59.19 , 28
4675 , 58.93 , 28
4676 , 58.68 , 28
4677 , 58.93 , 28
4678 , 58.68 , 28
4679 , 58.42 , 28
4680 , 58.68 , 28
4681 , 58.68 , 28
4682 , 58.17 , 28
4683 , 58.17 , 28
4684 , 58.68 , 28
4685 , 58.42 , 28
4686 , 58.17 , 28
4687 , 57.91 , 28
4688 , 57.66 , 28
4689 , 57.40 , 28
4690 , 57.66 , 28
4691 , 57.91 , 28
4692 , 56.89 , 28
4693 , 57.66 , 28
4694 , 57.40 , 28
Going to Denaturing Temperature
4695 , 56.64 , 29
4696 , 64.80 , 29
4697 , 66.84 , 29
4698 , 67.61 , 29
4699 , 68.37 , 29
4700 , 69.65 , 29
4701 , 70.92 , 29
4702 , 71.69 , 29
4703 , 72.20 , 29
4704 , 73.48 , 29
4705 , 74.24 , 29
4706 , 75.26 , 29
4707 , 75.52 , 29
4708 , 76.28 , 29
4709 , 76.79 , 29
4710 , 77.56 , 29
4711 , 78.07 , 29
4712 , 79.09 , 29
4713 , 79.34 , 29
4714 , 79.34 , 29
4715 , 80.11 , 29
4716 , 80.11 , 29
4717 , 81.13 , 29
4718 , 81.64 , 29
4719 , 81.90 , 29
4720 , 82.66 , 29
4721 , 82.66 , 29
4722 , 83.43 , 29
4723 , 83.94 , 29
4724 , 84.19 , 29
4725 , 84.70 , 29
4726 , 84.45 , 29
4727 , 85.47 , 29
4728 , 85.47 , 29
4729 , 85.72 , 29
4730 , 85.72 , 29
4731 , 85.98 , 29
4732 , 86.23 , 29
4733 , 87.00 , 29
4734 , 87.25 , 29
4735 , 87.76 , 29
4736 , 88.27 , 29
4737 , 88.79 , 29
4738 , 89.04 , 29
4739 , 90.06 , 29
4740 , 90.06 , 29
4741 , 90.32 , 29
4742 , 90.32 , 29
4743 , 91.08 , 29
4744 , 90.83 , 29
4745 , 91.34 , 29
4746 , 91.34 , 29
4747 , 91.59 , 29
4748 , 91.34 , 29
4749 , 91.59 , 29
4750 , 91.59 , 29
4751 , 91.85 , 29
4752 , 92.36 , 29
4753 , 92.10 , 29
4754 , 92.10 , 29
4755 , 92.36 , 29
4756 , 92.10 , 29
4757 , 92.87 , 29
4758 , 92.87 , 29
4759 , 92.87 , 29
4760 , 92.61 , 29
4761 , 93.12 , 29
4762 , 93.63 , 29
4763 , 93.89 , 29
4764 , 93.63 , 29
4765 , 93.89 , 29
4766 , 93.63 , 29
4767 , 94.14 , 29
4768 , 94.40 , 29
4769 , 94.91 , 29
4770 , 94.40 , 29
4771 , 94.65 , 29
4772 , 94.40 , 29
4773 , 93.89 , 29
4774 , 94.65 , 29
4775 , 94.40 , 29
4776 , 94.65 , 29
4777 , 94.40 , 29
4778 , 94.65 , 29
4779 , 94.91 , 29
4780 , 95.16 , 29
Denaturing DNA Now
4781 , 94.65 , 29
4782 , 94.91 , 29
4783 , 94.91 , 29
4784 , 95.42 , 29
4785 , 95.16 , 29
4786 , 95.16 , 29
4787 , 95.67 , 29
4788 , 96.18 , 29
4789 , 96.18 , 29
4790 , 96.18 , 29
4791 , 96.44 , 29
4792 , 96.95 , 29
4793 , 96.44 , 29
4794 , 96.44 , 29
4795 , 96.44 , 29
4796 , 96.44 , 29
4797 , 96.44 , 29
4798 , 96.44 , 29
4799 , 96.18 , 29
4800 , 95.67 , 29
Going to Extension Temperature
4801 , 96.18 , 29
4802 , 84.96 , 29
4803 , 82.92 , 29
4804 , 80.88 , 29
4805 , 79.85 , 29
4806 , 77.56 , 29
4807 , 76.54 , 29
4808 , 74.50 , 29
4809 , 73.73 , 29
4810 , 72.20 , 29
4811 , 70.92 , 29
4812 , 69.90 , 29
4813 , 68.63 , 29
4814 , 66.84 , 29
4815 , 66.33 , 29
4816 , 65.57 , 29
4817 , 64.29 , 29
4818 , 63.53 , 29
4819 , 63.01 , 29
4820 , 61.74 , 29
4821 , 61.23 , 29
4822 , 60.21 , 29
4823 , 59.70 , 29
4824 , 58.42 , 29
Extending DNA Now
4825 , 57.91 , 29
4826 , 57.91 , 29
4827 , 60.72 , 29
4828 , 61.23 , 29
4829 , 61.48 , 29
4830 , 61.23 , 29
4831 , 60.97 , 29
4832 , 60.72 , 29
4833 , 60.72 , 29
4834 , 60.46 , 29
4835 , 60.72 , 29
4836 , 59.95 , 29
4837 , 59.19 , 29
4838 , 59.95 , 29
4839 , 59.95 , 29
4840 , 59.95 , 29
4841 , 59.70 , 29
4842 , 59.19 , 29
4843 , 58.68 , 29
4844 , 58.68 , 29
4845 , 58.68 , 29
4846 , 58.93 , 29
4847 , 58.68 , 29
4848 , 58.68 , 29
4849 , 58.17 , 29
4850 , 58.17 , 29
4851 , 58.68 , 29
4852 , 58.17 , 29
4853 , 57.91 , 29
4854 , 57.91 , 29
4855 , 58.42 , 29
4856 , 58.17 , 29
4857 , 57.91 , 29
4858 , 57.66 , 29
4859 , 58.17 , 29
4860 , 57.40 , 29
4861 , 57.40 , 29
4862 , 57.66 , 29
4863 , 56.89 , 29
4864 , 57.40 , 29
4865 , 57.40 , 29
4866 , 56.64 , 29
Going to Denaturing Temperature
4867 , 57.66 , 30
4868 , 64.29 , 30
4869 , 66.08 , 30
4870 , 67.35 , 30
4871 , 67.86 , 30
4872 , 68.88 , 30
4873 , 70.41 , 30
4874 , 71.18 , 30
4875 , 72.20 , 30
4876 , 72.71 , 30
4877 , 73.73 , 30
4878 , 74.75 , 30
4879 , 74.75 , 30
4880 , 75.77 , 30
4881 , 76.54 , 30
4882 , 77.05 , 30
4883 , 77.30 , 30
4884 , 78.32 , 30
4885 , 78.83 , 30
4886 , 79.85 , 30
4887 , 80.11 , 30
4888 , 80.37 , 30
4889 , 80.88 , 30
4890 , 81.64 , 30
4891 , 82.15 , 30
4892 , 82.41 , 30
4893 , 82.66 , 30
4894 , 83.43 , 30
4895 , 83.43 , 30
4896 , 84.19 , 30
4897 , 84.45 , 30
4898 , 84.96 , 30
4899 , 85.21 , 30
4900 , 85.72 , 30
4901 , 85.47 , 30
4902 , 85.98 , 30
4903 , 86.49 , 30
4904 , 87.25 , 30
4905 , 87.25 , 30
4906 , 87.25 , 30
4907 , 88.27 , 30
4908 , 88.27 , 30
4909 , 88.02 , 30
4910 , 88.53 , 30
4911 , 89.04 , 30
4912 , 89.30 , 30
4913 , 89.81 , 30
4914 , 89.81 , 30
4915 , 89.81 , 30
4916 , 90.57 , 30
4917 , 90.32 , 30
4918 , 90.32 , 30
4919 , 90.57 , 30
4920 , 90.57 , 30
4921 , 91.08 , 30
4922 , 90.83 , 30
4923 , 91.08 , 30
4924 , 91.08 , 30
4925 , 91.59 , 30
4926 , 91.59 , 30
4927 , 92.10 , 30
4928 , 92.10 , 30
4929 , 92.10 , 30
4930 , 91.59 , 30
4931 , 92.61 , 30
4932 , 92.87 , 30
4933 , 92.61 , 30
4934 , 92.61 , 30
4935 , 92.61 , 30
4936 , 92.61 , 30
4937 , 93.12 , 30
4938 , 93.63 , 30
4939 , 93.38 , 30
4940 , 93.63 , 30
4941 , 94.14 , 30
4942 , 94.40 , 30
4943 , 93.89 , 30
4944 , 94.14 , 30
4945 , 94.14 , 30
4946 , 93.89 , 30
4947 , 94.14 , 30
4948 , 94.14 , 30
4949 , 94.40 , 30
4950 , 93.89 , 30
4951 , 93.63 , 30
4952 , 93.89 , 30
4953 , 93.63 , 30
4954 , 93.89 , 30
4955 , 94.14 , 30
4956 , 93.89 , 30
4957 , 94.14 , 30
4958 , 94.40 , 30
4959 , 93.63 , 30
4960 , 94.40 , 30
4961 , 94.14 , 30
4962 , 94.14 , 30
4963 , 94.65 , 30
4964 , 94.65 , 30
4965 , 94.40 , 30
4966 , 93.89 , 30
4967 , 94.14 , 30
4968 , 94.14 , 30
4969 , 94.14 , 30
4970 , 94.14 , 30
4971 , 93.89 , 30
4972 , 94.14 , 30
4973 , 93.63 , 30
4974 , 94.14 , 30
4975 , 94.14 , 30
4976 , 94.40 , 30
4977 , 94.65 , 30
4978 , 95.16 , 30
Denaturing DNA Now
4979 , 95.16 , 30
4980 , 94.65 , 30
4981 , 95.67 , 30
4982 , 94.91 , 30
4983 , 95.67 , 30
4984 , 94.91 , 30
4985 , 95.42 , 30
4986 , 95.67 , 30
4987 , 95.42 , 30
4988 , 95.42 , 30
4989 , 95.16 , 30
4990 , 95.42 , 30
4991 , 95.16 , 30
4992 , 94.91 , 30
4993 , 95.42 , 30
4994 , 95.16 , 30
4995 , 95.42 , 30
4996 , 95.16 , 30
4997 , 95.16 , 30
4998 , 94.14 , 30
Going to Extension Temperature
4999 , 94.91 , 30
5000 , 84.96 , 30
5001 , 82.15 , 30
5002 , 79.85 , 30
5003 , 78.07 , 30
5004 , 76.54 , 30
5005 , 75.01 , 30
5006 , 73.48 , 30
5007 , 72.20 , 30
5008 , 71.18 , 30
5009 , 69.65 , 30
5010 , 68.37 , 30
5011 , 67.10 , 30
5012 , 66.33 , 30
5013 , 65.06 , 30
5014 , 64.55 , 30
5015 , 63.53 , 30
5016 , 62.50 , 30
5017 , 61.23 , 30
5018 , 60.72 , 30
5019 , 59.95 , 30
5020 , 58.93 , 30
Extending DNA Now
5021 , 58.42 , 30
5022 , 57.91 , 30
5023 , 60.72 , 30
5024 , 61.74 , 30
5025 , 61.74 , 30
5026 , 61.48 , 30
5027 , 61.74 , 30
5028 , 61.23 , 30
5029 , 61.23 , 30
5030 , 60.97 , 30
5031 , 60.46 , 30
5032 , 60.46 , 30
5033 , 60.72 , 30
5034 , 60.46 , 30
5035 , 60.21 , 30
5036 , 59.70 , 30
5037 , 59.70 , 30
5038 , 59.19 , 30
5039 , 58.93 , 30
5040 , 58.42 , 30
5041 , 58.68 , 30
5042 , 58.42 , 30
5043 , 58.68 , 30
5044 , 57.91 , 30
5045 , 58.68 , 30
5046 , 58.68 , 30
5047 , 57.91 , 30
5048 , 58.42 , 30
5049 , 57.91 , 30
5050 , 58.17 , 30
5051 , 58.17 , 30
5052 , 58.42 , 30
5053 , 58.17 , 30
5054 , 58.17 , 30
5055 , 57.91 , 30
5056 , 57.91 , 30
5057 , 57.66 , 30
5058 , 56.64 , 30
5059 , 56.38 , 30
5060 , 56.89 , 30
5061 , 57.40 , 30
5062 , 57.40 , 30
