Please wait for the temperature to reach 95
0 , 86.49 , 0
1 , 80.37 , 0
2 , 84.96 , 0
3 , 85.98 , 0
4 , 87.00 , 0
5 , 88.02 , 0
6 , 88.79 , 0
7 , 89.30 , 0
8 , 90.83 , 0
9 , 91.85 , 0
10 , 92.87 , 0
11 , 94.65 , 0
Temperature has reached 95, please wait 60s for the initial denaturing to complete
12 , 95.67 , 0
Initial Denaturing has completed, Amplification Loop will start now
Going to Denaturing Temperature
Denaturing DNA Now
13 , 96.18 , 1
14 , 94.14 , 1
15 , 94.40 , 1
16 , 94.65 , 1
17 , 94.40 , 1
18 , 93.89 , 1
19 , 94.14 , 1
20 , 94.91 , 1
21 , 95.16 , 1
22 , 95.42 , 1
23 , 93.63 , 1
24 , 93.89 , 1
25 , 95.16 , 1
26 , 95.42 , 1
27 , 93.89 , 1
28 , 94.40 , 1
29 , 95.93 , 1
30 , 95.67 , 1
31 , 94.65 , 1
32 , 94.14 , 1
Going to Extension Temperature
33 , 93.89 , 1
34 , 81.64 , 1
35 , 77.05 , 1
36 , 73.73 , 1
Extending DNA Now
37 , 69.90 , 1
38 , 70.92 , 1
39 , 73.22 , 1
40 , 73.48 , 1
41 , 73.48 , 1
42 , 73.73 , 1
43 , 73.99 , 1
44 , 73.73 , 1
45 , 73.48 , 1
46 , 73.48 , 1
47 , 72.71 , 1
48 , 72.97 , 1
49 , 73.22 , 1
50 , 72.46 , 1
51 , 72.20 , 1
52 , 72.46 , 1
53 , 71.95 , 1
54 , 71.95 , 1
55 , 71.69 , 1
56 , 71.69 , 1
57 , 71.43 , 1
58 , 71.43 , 1
59 , 71.43 , 1
60 , 71.43 , 1
61 , 70.67 , 1
62 , 70.41 , 1
63 , 70.41 , 1
64 , 70.16 , 1
65 , 70.41 , 1
66 , 69.90 , 1
67 , 69.90 , 1
68 , 69.65 , 1
69 , 69.65 , 1
70 , 69.65 , 1
71 , 69.14 , 1
72 , 69.39 , 1
73 , 69.14 , 1
74 , 69.14 , 1
75 , 68.88 , 1
76 , 68.63 , 1
77 , 68.88 , 1
Going to Denaturing Temperature
78 , 68.63 , 2
79 , 76.79 , 2
80 , 78.32 , 2
81 , 79.60 , 2
82 , 80.62 , 2
83 , 81.90 , 2
84 , 82.15 , 2
85 , 83.43 , 2
86 , 84.19 , 2
87 , 84.96 , 2
88 , 85.47 , 2
89 , 87.00 , 2
90 , 87.25 , 2
91 , 88.27 , 2
92 , 89.04 , 2
93 , 89.30 , 2
94 , 89.81 , 2
95 , 91.08 , 2
96 , 91.34 , 2
97 , 91.85 , 2
98 , 92.10 , 2
99 , 92.87 , 2
100 , 93.12 , 2
101 , 93.89 , 2
102 , 94.40 , 2
Denaturing DNA Now
103 , 94.65 , 2
104 , 94.91 , 2
105 , 95.67 , 2
106 , 95.42 , 2
107 , 94.14 , 2
108 , 94.14 , 2
109 , 93.38 , 2
110 , 93.63 , 2
111 , 95.42 , 2
112 , 95.16 , 2
113 , 94.14 , 2
114 , 94.14 , 2
115 , 93.63 , 2
116 , 94.40 , 2
117 , 95.67 , 2
118 , 95.93 , 2
119 , 94.65 , 2
120 , 94.65 , 2
121 , 94.65 , 2
122 , 94.40 , 2
Going to Extension Temperature
123 , 94.40 , 2
124 , 81.13 , 2
125 , 77.56 , 2
126 , 73.48 , 2
Extending DNA Now
127 , 69.14 , 2
128 , 70.67 , 2
129 , 72.46 , 2
130 , 72.71 , 2
131 , 72.46 , 2
132 , 73.22 , 2
133 , 73.22 , 2
134 , 73.22 , 2
135 , 73.22 , 2
136 , 72.71 , 2
137 , 72.97 , 2
138 , 72.71 , 2
139 , 72.46 , 2
140 , 72.71 , 2
141 , 71.95 , 2
142 , 71.95 , 2
143 , 71.95 , 2
144 , 71.69 , 2
145 , 71.95 , 2
146 , 71.43 , 2
147 , 71.18 , 2
148 , 71.43 , 2
149 , 70.92 , 2
150 , 70.67 , 2
151 , 70.92 , 2
152 , 70.92 , 2
153 , 70.92 , 2
154 , 70.67 , 2
155 , 70.41 , 2
156 , 70.16 , 2
157 , 69.90 , 2
158 , 70.16 , 2
159 , 70.16 , 2
160 , 69.90 , 2
161 , 69.39 , 2
162 , 69.65 , 2
163 , 69.39 , 2
164 , 69.39 , 2
165 , 68.88 , 2
166 , 68.37 , 2
167 , 69.14 , 2
Going to Denaturing Temperature
168 , 68.63 , 3
169 , 77.30 , 3
170 , 78.58 , 3
171 , 79.60 , 3
172 , 80.62 , 3
173 , 82.15 , 3
174 , 83.17 , 3
175 , 84.19 , 3
176 , 84.96 , 3
177 , 85.98 , 3
178 , 87.00 , 3
179 , 87.51 , 3
180 , 88.27 , 3
181 , 89.04 , 3
182 , 89.81 , 3
183 , 90.57 , 3
184 , 91.34 , 3
185 , 91.08 , 3
186 , 92.36 , 3
187 , 93.12 , 3
188 , 93.38 , 3
189 , 94.14 , 3
Denaturing DNA Now
190 , 94.14 , 3
191 , 94.40 , 3
192 , 95.16 , 3
193 , 95.16 , 3
194 , 93.63 , 3
195 , 93.38 , 3
196 , 95.16 , 3
197 , 95.42 , 3
198 , 94.14 , 3
199 , 93.63 , 3
200 , 94.14 , 3
201 , 95.42 , 3
202 , 95.93 , 3
203 , 94.91 , 3
204 , 94.65 , 3
205 , 93.89 , 3
206 , 94.14 , 3
207 , 95.67 , 3
208 , 96.18 , 3
209 , 94.14 , 3
Going to Extension Temperature
210 , 94.14 , 3
211 , 81.39 , 3
212 , 77.56 , 3
213 , 73.48 , 3
Extending DNA Now
214 , 69.90 , 3
215 , 70.92 , 3
216 , 72.97 , 3
217 , 72.97 , 3
218 , 73.22 , 3
219 , 72.97 , 3
220 , 73.48 , 3
221 , 73.22 , 3
222 , 73.22 , 3
223 , 72.71 , 3
224 , 73.22 , 3
225 , 72.71 , 3
226 , 72.46 , 3
227 , 72.20 , 3
228 , 71.95 , 3
229 , 72.46 , 3
230 , 71.95 , 3
231 , 71.18 , 3
232 , 71.18 , 3
233 , 71.18 , 3
234 , 71.43 , 3
235 , 70.92 , 3
236 , 70.92 , 3
237 , 70.92 , 3
238 , 70.16 , 3
239 , 70.41 , 3
240 , 70.41 , 3
241 , 69.90 , 3
242 , 69.90 , 3
243 , 69.90 , 3
244 , 69.90 , 3
245 , 69.65 , 3
246 , 69.65 , 3
247 , 68.88 , 3
248 , 69.65 , 3
249 , 68.88 , 3
250 , 69.39 , 3
251 , 69.14 , 3
252 , 69.14 , 3
253 , 69.14 , 3
254 , 68.88 , 3
Going to Denaturing Temperature
255 , 68.63 , 4
256 , 77.81 , 4
257 , 78.83 , 4
258 , 80.11 , 4
259 , 80.88 , 4
260 , 81.90 , 4
261 , 83.43 , 4
262 , 84.70 , 4
263 , 85.21 , 4
264 , 86.49 , 4
265 , 87.00 , 4
266 , 88.02 , 4
267 , 88.53 , 4
268 , 89.30 , 4
269 , 90.06 , 4
270 , 90.57 , 4
271 , 91.34 , 4
272 , 91.59 , 4
273 , 92.36 , 4
274 , 92.87 , 4
275 , 93.12 , 4
276 , 94.14 , 4
Denaturing DNA Now
277 , 94.14 , 4
278 , 94.91 , 4
279 , 94.40 , 4
280 , 95.42 , 4
281 , 96.18 , 4
282 , 94.14 , 4
283 , 94.40 , 4
284 , 93.63 , 4
285 , 93.63 , 4
286 , 95.42 , 4
287 , 95.67 , 4
288 , 94.14 , 4
289 , 94.40 , 4
290 , 94.40 , 4
291 , 94.14 , 4
292 , 94.65 , 4
293 , 93.89 , 4
294 , 94.65 , 4
295 , 95.67 , 4
296 , 95.42 , 4
297 , 94.65 , 4
Going to Extension Temperature
298 , 94.65 , 4
299 , 81.13 , 4
300 , 77.56 , 4
301 , 73.48 , 4
Extending DNA Now
302 , 69.39 , 4
303 , 70.67 , 4
304 , 72.71 , 4
305 , 73.22 , 4
306 , 73.22 , 4
307 , 73.48 , 4
308 , 73.22 , 4
309 , 73.48 , 4
310 , 73.22 , 4
311 , 73.48 , 4
312 , 73.48 , 4
313 , 73.48 , 4
314 , 72.46 , 4
315 , 72.71 , 4
316 , 72.71 , 4
317 , 72.71 , 4
318 , 72.20 , 4
319 , 71.69 , 4
320 , 71.95 , 4
321 , 71.69 , 4
322 , 71.95 , 4
323 , 71.18 , 4
324 , 71.43 , 4
325 , 70.92 , 4
326 , 70.67 , 4
327 , 70.92 , 4
328 , 70.92 , 4
329 , 70.92 , 4
330 , 70.67 , 4
331 , 70.67 , 4
332 , 70.41 , 4
333 , 69.90 , 4
334 , 70.16 , 4
335 , 70.16 , 4
336 , 69.90 , 4
337 , 69.39 , 4
338 , 69.65 , 4
339 , 69.14 , 4
340 , 69.39 , 4
341 , 69.39 , 4
342 , 69.39 , 4
Going to Denaturing Temperature
343 , 69.39 , 5
344 , 77.30 , 5
345 , 78.83 , 5
346 , 80.11 , 5
347 , 80.88 , 5
348 , 82.41 , 5
349 , 83.43 , 5
350 , 84.45 , 5
351 , 84.96 , 5
352 , 86.49 , 5
353 , 87.00 , 5
354 , 88.02 , 5
355 , 88.53 , 5
356 , 3.56 , 5
357 , 90.06 , 5
358 , 90.57 , 5
359 , 91.08 , 5
360 , 91.59 , 5
361 , 92.36 , 5
362 , 92.87 , 5
363 , 93.89 , 5
364 , 93.38 , 5
365 , 94.14 , 5
Denaturing DNA Now
366 , 94.14 , 5
367 , 94.65 , 5
368 , 95.42 , 5
369 , 95.42 , 5
370 , 93.63 , 5
371 , 93.89 , 5
372 , 95.16 , 5
373 , 95.42 , 5
374 , 93.63 , 5
375 , 94.14 , 5
376 , 95.93 , 5
377 , 95.93 , 5
378 , 94.65 , 5
379 , 94.40 , 5
380 , 8.92 , 5
381 , 94.40 , 5
382 , 95.93 , 5
383 , 96.18 , 5
384 , 94.91 , 5
385 , 94.91 , 5
Going to Extension Temperature
386 , 94.40 , 5
387 , 81.90 , 5
388 , 77.81 , 5
389 , 73.48 , 5
Extending DNA Now
390 , 69.90 , 5
391 , 70.41 , 5
392 , 73.48 , 5
393 , 72.46 , 5
394 , 73.48 , 5
395 , 73.73 , 5
396 , 73.73 , 5
397 , 73.22 , 5
398 , 73.48 , 5
399 , 73.22 , 5
400 , 73.22 , 5
401 , 73.22 , 5
402 , 72.71 , 5
403 , 72.46 , 5
404 , 72.46 , 5
405 , 71.95 , 5
406 , 72.20 , 5
407 , 71.95 , 5
408 , 71.95 , 5
409 , 71.69 , 5
410 , 71.69 , 5
411 , 71.18 , 5
412 , 71.69 , 5
413 , 70.92 , 5
414 , 71.18 , 5
415 , 70.92 , 5
416 , 70.67 , 5
417 , 70.67 , 5
418 , 70.41 , 5
419 , 70.16 , 5
420 , 70.16 , 5
421 , 70.16 , 5
422 , 69.90 , 5
423 , 70.16 , 5
424 , 69.90 , 5
425 , 69.65 , 5
426 , 69.90 , 5
427 , 69.14 , 5
428 , 69.39 , 5
429 , 69.39 , 5
430 , 69.39 , 5
Going to Denaturing Temperature
431 , 68.63 , 6
432 , 77.56 , 6
433 , 78.83 , 6
434 , 80.37 , 6
435 , 80.88 , 6
436 , 82.15 , 6
437 , 83.68 , 6
438 , 84.96 , 6
439 , 85.47 , 6
440 , 86.49 , 6
441 , 86.74 , 6
442 , 87.76 , 6
443 , 88.79 , 6
444 , 89.55 , 6
445 , 90.06 , 6
446 , 90.57 , 6
447 , 91.08 , 6
448 , 91.59 , 6
449 , 92.10 , 6
450 , 92.87 , 6
451 , 93.38 , 6
452 , 94.14 , 6
Denaturing DNA Now
453 , 94.40 , 6
454 , 94.91 , 6
455 , 95.16 , 6
456 , 95.16 , 6
457 , 93.12 , 6
458 , 93.63 , 6
459 , 94.65 , 6
460 , 95.16 , 6
461 , 95.67 , 6
462 , 94.65 , 6
463 , 94.65 , 6
464 , 94.40 , 6
465 , 94.65 , 6
466 , 94.14 , 6
467 , 93.63 , 6
468 , 94.40 , 6
469 , 95.93 , 6
470 , 95.93 , 6
471 , 95.16 , 6
472 , 94.91 , 6
473 , 94.91 , 6
Going to Extension Temperature
474 , 94.40 , 6
475 , 81.39 , 6
476 , 77.30 , 6
477 , 73.73 , 6
Extending DNA Now
478 , 70.16 , 6
479 , 70.92 , 6
480 , 72.71 , 6
481 , 73.22 , 6
482 , 73.73 , 6
483 , 73.73 , 6
484 , 73.48 , 6
485 , 73.73 , 6
486 , 73.73 , 6
487 , 72.46 , 6
488 , 73.48 , 6
489 , 73.22 , 6
490 , 72.97 , 6
491 , 72.97 , 6
492 , 72.71 , 6
493 , 72.97 , 6
494 , 72.46 , 6
495 , 72.46 , 6
496 , 71.95 , 6
497 , 71.69 , 6
498 , 72.20 , 6
499 , 71.69 , 6
500 , 71.43 , 6
501 , 71.18 , 6
502 , 70.41 , 6
503 , 70.92 , 6
504 , 71.18 , 6
505 , 71.18 , 6
506 , 70.16 , 6
507 , 70.41 , 6
508 , 70.41 , 6
509 , 70.67 , 6
510 , 70.16 , 6
511 , 69.90 , 6
512 , 70.16 , 6
513 , 69.39 , 6
514 , 69.39 , 6
515 , 69.39 , 6
516 , 69.39 , 6
517 , 69.14 , 6
518 , 69.39 , 6
Going to Denaturing Temperature
519 , 69.39 , 7
520 , 77.56 , 7
521 , 79.09 , 7
522 , 80.11 , 7
523 , 81.13 , 7
524 , 81.90 , 7
525 , 83.43 , 7
526 , 84.19 , 7
527 , 85.47 , 7
528 , 86.23 , 7
529 , 87.00 , 7
530 , 87.76 , 7
531 , 88.27 , 7
532 , 88.27 , 7
533 , 89.81 , 7
534 , 90.57 , 7
535 , 90.83 , 7
536 , 91.08 , 7
537 , 92.10 , 7
538 , 92.61 , 7
539 , 92.61 , 7
540 , 93.12 , 7
541 , 93.63 , 7
542 , 94.65 , 7
Denaturing DNA Now
543 , 94.40 , 7
544 , 95.16 , 7
545 , 95.67 , 7
546 , 93.89 , 7
547 , 93.38 , 7
548 , 95.16 , 7
549 , 95.16 , 7
550 , 94.14 , 7
551 , 93.63 , 7
552 , 94.14 , 7
553 , 95.16 , 7
554 , 95.93 , 7
555 , 93.89 , 7
556 , 94.65 , 7
557 , 95.67 , 7
558 , 95.67 , 7
559 , 94.91 , 7
560 , 94.91 , 7
561 , 94.65 , 7
562 , 94.65 , 7
Going to Extension Temperature
563 , 94.40 , 7
564 , 81.39 , 7
565 , 77.56 , 7
566 , 73.48 , 7
Extending DNA Now
567 , 69.65 , 7
568 , 70.41 , 7
569 , 72.46 , 7
570 , 72.46 , 7
571 , 73.22 , 7
572 , 73.48 , 7
573 , 72.97 , 7
574 , 73.73 , 7
575 , 73.48 , 7
576 , 73.73 , 7
577 , 73.73 , 7
578 , 73.48 , 7
579 , 73.48 , 7
580 , 73.22 , 7
581 , 73.22 , 7
582 , 72.97 , 7
583 , 72.46 , 7
584 , 72.97 , 7
585 , 72.46 , 7
586 , 72.46 , 7
587 , 71.95 , 7
588 , 72.20 , 7
589 , 71.69 , 7
590 , 71.69 , 7
591 , 71.43 , 7
592 , 71.43 , 7
593 , 70.67 , 7
594 , 70.41 , 7
595 , 70.92 , 7
596 , 70.67 , 7
597 , 70.41 , 7
598 , 70.41 , 7
599 , 70.16 , 7
600 , 70.16 , 7
601 , 69.90 , 7
602 , 69.90 , 7
603 , 69.90 , 7
604 , 69.90 , 7
605 , 69.65 , 7
606 , 69.39 , 7
607 , 69.65 , 7
Going to Denaturing Temperature
608 , 69.39 , 8
609 , 77.30 , 8
610 , 78.83 , 8
611 , 80.37 , 8
612 , 81.64 , 8
613 , 82.66 , 8
614 , 83.94 , 8
615 , 84.19 , 8
616 , 85.72 , 8
617 , 86.49 , 8
618 , 87.51 , 8
619 , 88.02 , 8
620 , 88.53 , 8
621 , 89.30 , 8
622 , 90.06 , 8
623 , 90.57 , 8
624 , 91.08 , 8
625 , 91.59 , 8
626 , 92.36 , 8
627 , 92.61 , 8
628 , 92.87 , 8
629 , 93.89 , 8
630 , 94.14 , 8
Denaturing DNA Now
631 , 94.40 , 8
632 , 94.91 , 8
633 , 95.67 , 8
634 , 94.91 , 8
635 , 93.63 , 8
636 , 93.38 , 8
637 , 94.91 , 8
638 , 95.42 , 8
639 , 95.67 , 8
640 , 94.40 , 8
641 , 94.14 , 8
642 , 94.14 , 8
643 , 93.63 , 8
644 , 93.89 , 8
645 , 95.42 , 8
646 , 95.42 , 8
647 , 94.40 , 8
648 , 93.12 , 8
649 , 93.63 , 8
650 , 95.42 , 8
Going to Extension Temperature
651 , 95.42 , 8
652 , 80.62 , 8
653 , 77.30 , 8
654 , 73.22 , 8
Extending DNA Now
655 , 69.65 , 8
656 , 70.41 , 8
657 , 72.20 , 8
658 , 72.46 , 8
659 , 73.22 , 8
660 , 73.22 , 8
661 , 72.71 , 8
662 , 73.22 , 8
663 , 72.97 , 8
664 , 73.22 , 8
665 , 73.22 , 8
666 , 73.22 , 8
667 , 73.22 , 8
668 , 72.71 , 8
669 , 72.46 , 8
670 , 72.46 , 8
671 , 71.69 , 8
672 , 72.20 , 8
673 , 72.20 , 8
674 , 72.20 , 8
675 , 71.69 , 8
676 , 71.43 , 8
677 , 72.20 , 8
678 , 71.43 , 8
679 , 71.43 , 8
680 , 70.67 , 8
681 , 70.67 , 8
682 , 70.67 , 8
683 , 70.67 , 8
684 , 70.41 , 8
685 , 70.67 , 8
686 , 69.90 , 8
687 , 70.16 , 8
688 , 70.16 , 8
689 , 69.90 , 8
690 , 69.90 , 8
691 , 69.39 , 8
692 , 69.39 , 8
693 , 69.39 , 8
694 , 68.63 , 8
695 , 69.39 , 8
Going to Denaturing Temperature
696 , 69.14 , 9
697 , 77.81 , 9
698 , 78.83 , 9
699 , 80.11 , 9
700 , 81.90 , 9
701 , 82.66 , 9
702 , 83.68 , 9
703 , 84.45 , 9
704 , 85.72 , 9
705 , 86.23 , 9
706 , 87.00 , 9
707 , 88.27 , 9
708 , 88.79 , 9
709 , 89.30 , 9
710 , 90.06 , 9
711 , 90.06 , 9
712 , 91.34 , 9
713 , 92.10 , 9
714 , 92.36 , 9
715 , 92.87 , 9
716 , 93.12 , 9
717 , 93.12 , 9
718 , 94.40 , 9
Denaturing DNA Now
719 , 94.40 , 9
720 , 94.91 , 9
721 , 94.91 , 9
722 , 95.67 , 9
723 , 95.93 , 9
724 , 93.89 , 9
725 , 93.63 , 9
726 , 95.16 , 9
727 , 95.67 , 9
728 , 94.40 , 9
729 , 94.65 , 9
730 , 94.40 , 9
731 , 93.89 , 9
732 , 94.14 , 9
734 , 95.67 , 9
735 , 96.18 , 9
736 , 94.40 , 9
737 , 94.14 , 9
738 , 94.65 , 9
Going to Extension Temperature
739 , 94.65 , 9
740 , 81.39 , 9
741 , 77.56 , 9
742 , 73.73 , 9
Extending DNA Now
743 , 69.65 , 9
744 , 70.67 , 9
745 , 72.71 , 9
746 , 72.71 , 9
747 , 73.22 , 9
748 , 73.48 , 9
749 , 73.48 , 9
750 , 73.48 , 9
751 , 73.48 , 9
752 , 73.48 , 9
753 , 72.97 , 9
754 , 72.71 , 9
755 , 72.71 , 9
756 , 73.22 , 9
757 , 72.71 , 9
758 , 72.20 , 9
759 , 71.95 , 9
760 , 71.69 , 9
761 , 72.20 , 9
762 , 71.69 , 9
763 , 71.18 , 9
764 , 71.18 , 9
765 , 70.92 , 9
766 , 71.18 , 9
767 , 70.67 , 9
768 , 71.18 , 9
769 , 70.92 , 9
770 , 69.90 , 9
771 , 70.41 , 9
772 , 70.41 , 9
773 , 70.41 , 9
774 , 69.65 , 9
775 , 70.16 , 9
776 , 69.65 , 9
777 , 69.90 , 9
778 , 69.90 , 9
779 , 69.65 , 9
780 , 69.14 , 9
781 , 69.39 , 9
782 , 69.39 , 9
783 , 68.63 , 9
Going to Denaturing Temperature
784 , 68.88 , 10
785 , 77.81 , 10
786 , 78.83 , 10
787 , 80.11 , 10
788 , 81.13 , 10
789 , 82.41 , 10
790 , 83.43 , 10
791 , 84.96 , 10
792 , 85.72 , 10
793 , 86.23 , 10
794 , 87.51 , 10
795 , 88.02 , 10
796 , 89.04 , 10
797 , 89.30 , 10
798 , 90.57 , 10
799 , 90.32 , 10
800 , 91.08 , 10
801 , 91.59 , 10
802 , 92.36 , 10
803 , 92.87 , 10
804 , 93.38 , 10
805 , 93.89 , 10
806 , 94.40 , 10
Denaturing DNA Now
807 , 94.40 , 10
808 , 95.16 , 10
809 , 94.91 , 10
810 , 93.89 , 10
811 , 93.63 , 10
812 , 95.42 , 10
813 , 95.42 , 10
814 , 94.40 , 10
815 , 94.40 , 10
816 , 93.89 , 10
817 , 94.14 , 10
818 , 95.16 , 10
819 , 96.18 , 10
820 , 94.14 , 10
821 , 94.40 , 10
822 , 94.14 , 10
823 , 94.65 , 10
824 , 94.65 , 10
825 , 94.14 , 10
826 , 94.65 , 10
Going to Extension Temperature
827 , 94.40 , 10
828 , 81.39 , 10
829 , 76.79 , 10
Extending DNA Now
830 , 73.48 , 10
831 , 69.14 , 10
832 , 70.67 , 10
833 , 72.46 , 10
834 , 72.97 , 10
835 , 72.97 , 10
836 , 73.48 , 10
837 , 73.99 , 10
838 , 73.48 , 10
839 , 73.48 , 10
840 , 73.73 , 10
841 , 73.48 , 10
842 , 73.22 , 10
843 , 73.48 , 10
844 , 72.71 , 10
845 , 73.22 , 10
846 , 72.97 , 10
847 , 72.97 , 10
848 , 72.20 , 10
849 , 72.20 , 10
850 , 72.20 , 10
851 , 71.95 , 10
852 , 71.69 , 10
853 , 71.69 , 10
854 , 71.43 , 10
855 , 71.43 , 10
856 , 71.18 , 10
857 , 71.18 , 10
858 , 70.67 , 10
859 , 70.41 , 10
860 , 70.67 , 10
861 , 70.41 , 10
862 , 70.16 , 10
863 , 70.67 , 10
864 , 70.16 , 10
865 , 70.16 , 10
866 , 69.90 , 10
867 , 69.90 , 10
868 , 69.14 , 10
869 , 69.65 , 10
870 , 69.65 , 10
871 , 69.39 , 10
Going to Denaturing Temperature
872 , 69.14 , 11
873 , 77.81 , 11
874 , 78.83 , 11
875 , 80.37 , 11
876 , 81.64 , 11
877 , 82.15 , 11
878 , 83.68 , 11
879 , 84.45 , 11
880 , 85.47 , 11
881 , 86.49 , 11
882 , 87.00 , 11
883 , 88.02 , 11
884 , 88.27 , 11
885 , 89.04 , 11
886 , 90.06 , 11
887 , 90.57 , 11
888 , 90.83 , 11
889 , 91.08 , 11
890 , 91.59 , 11
891 , 92.61 , 11
892 , 92.36 , 11
893 , 93.63 , 11
894 , 93.38 , 11
895 , 94.40 , 11
Denaturing DNA Now
896 , 94.65 , 11
897 , 94.65 , 11
898 , 95.16 , 11
899 , 95.67 , 11
900 , 94.14 , 11
901 , 94.14 , 11
902 , 93.89 , 11
903 , 93.89 , 11
904 , 95.42 , 11
905 , 95.67 , 11
906 , 93.89 , 11
907 , 94.14 , 11
908 , 95.93 , 11
909 , 95.42 , 11
910 , 94.40 , 11
911 , 94.40 , 11
912 , 94.65 , 11
913 , 94.14 , 11
914 , 94.14 , 11
915 , 94.14 , 11
Going to Extension Temperature
916 , 94.40 , 11
917 , 81.39 , 11
918 , 77.56 , 11
919 , 73.73 , 11
Extending DNA Now
920 , 69.90 , 11
921 , 70.16 , 11
922 , 72.71 , 11
923 , 72.71 , 11
924 , 72.71 , 11
925 , 72.97 , 11
926 , 73.73 , 11
927 , 73.48 , 11
928 , 73.22 , 11
929 , 73.22 , 11
930 , 73.48 , 11
931 , 73.48 , 11
932 , 73.22 , 11
933 , 72.97 , 11
934 , 72.97 , 11
935 , 72.97 , 11
936 , 72.46 , 11
937 , 72.20 , 11
938 , 71.95 , 11
939 , 71.95 , 11
940 , 71.95 , 11
941 , 71.69 , 11
942 , 71.69 , 11
943 , 71.43 , 11
944 , 71.43 , 11
945 , 70.67 , 11
946 , 70.67 , 11
947 , 70.16 , 11
948 , 70.41 , 11
949 , 70.67 , 11
950 , 70.16 , 11
951 , 70.16 , 11
952 , 69.65 , 11
953 , 69.90 , 11
954 , 69.65 , 11
955 , 69.14 , 11
956 , 69.39 , 11
957 , 69.14 , 11
958 , 69.14 , 11
959 , 69.14 , 11
960 , 68.63 , 11
Going to Denaturing Temperature
961 , 68.37 , 12
962 , 77.56 , 12
963 , 78.58 , 12
964 , 79.60 , 12
965 , 81.39 , 12
966 , 81.64 , 12
967 , 83.17 , 12
968 , 84.45 , 12
969 , 85.47 , 12
970 , 86.23 , 12
971 , 86.49 , 12
972 , 87.25 , 12
973 , 88.53 , 12
974 , 89.04 , 12
975 , 89.81 , 12
976 , 90.06 , 12
977 , 91.08 , 12
978 , 90.83 , 12
979 , 92.10 , 12
980 , 92.61 , 12
981 , 92.87 , 12
982 , 93.63 , 12
983 , 93.89 , 12
984 , 93.63 , 12
985 , 94.65 , 12
Denaturing DNA Now
986 , 95.16 , 12
987 , 95.16 , 12
988 , 93.38 , 12
989 , 93.38 , 12
990 , 94.65 , 12
991 , 94.65 , 12
992 , 95.42 , 12
993 , 95.67 , 12
994 , 93.89 , 12
995 , 94.14 , 12
996 , 95.67 , 12
997 , 95.93 , 12
998 , 94.91 , 12
999 , 94.65 , 12
1000 , 94.40 , 12
1001 , 94.40 , 12
1002 , 94.40 , 12
1003 , 94.40 , 12
1004 , 94.40 , 12
1005 , 93.89 , 12
Going to Extension Temperature
1006 , 94.40 , 12
1007 , 80.88 , 12
1008 , 77.30 , 12
1009 , 73.48 , 12
Extending DNA Now
1010 , 69.65 , 12
1011 , 70.67 , 12
1012 , 72.71 , 12
1013 , 72.46 , 12
1014 , 73.22 , 12
1015 , 73.22 , 12
1016 , 73.48 , 12
1017 , 72.97 , 12
1018 , 73.48 , 12
1019 , 73.22 , 12
1020 , 73.22 , 12
1021 , 72.97 , 12
1022 , 73.22 , 12
1023 , 72.97 , 12
1024 , 73.22 , 12
1025 , 72.46 , 12
1026 , 72.71 , 12
1027 , 72.46 , 12
1028 , 71.95 , 12
1029 , 71.95 , 12
1030 , 71.69 , 12
1031 , 71.43 , 12
1032 , 71.18 , 12
1033 , 70.41 , 12
1034 , 70.67 , 12
1035 , 70.92 , 12
1036 , 70.92 , 12
1037 , 70.41 , 12
1038 , 69.90 , 12
1039 , 70.16 , 12
1040 , 70.16 , 12
1041 , 69.90 , 12
1042 , 69.90 , 12
1043 , 69.65 , 12
1044 , 69.14 , 12
1045 , 69.39 , 12
1046 , 69.39 , 12
1047 , 69.39 , 12
1048 , 69.65 , 12
1049 , 69.39 , 12
1050 , 68.88 , 12
Going to Denaturing Temperature
1051 , 68.88 , 13
1052 , 77.81 , 13
1053 , 78.58 , 13
1054 , 80.11 , 13
1055 , 81.39 , 13
1056 , 82.41 , 13
1057 , 82.92 , 13
1058 , 84.45 , 13
1059 , 85.47 , 13
1060 , 85.98 , 13
1061 , 86.74 , 13
1062 , 87.25 , 13
1063 , 88.53 , 13
1064 , 89.30 , 13
1065 , 89.81 , 13
1066 , 90.32 , 13
1067 , 91.08 , 13
1068 , 91.59 , 13
1069 , 91.59 , 13
1070 , 92.87 , 13
1071 , 93.12 , 13
1072 , 93.38 , 13
1073 , 93.63 , 13
1074 , 94.40 , 13
Denaturing DNA Now
1075 , 94.65 , 13
1076 , 95.16 , 13
1077 , 95.42 , 13
1078 , 93.38 , 13
1079 , 93.38 , 13
1080 , 94.91 , 13
1081 , 95.16 , 13
1082 , 95.42 , 13
1083 , 94.40 , 13
1084 , 93.89 , 13
1085 , 93.89 , 13
1086 , 95.67 , 13
1087 , 95.93 , 13
1088 , 94.40 , 13
1089 , 94.65 , 13
1090 , 94.14 , 13
1091 , 94.14 , 13
1092 , 93.63 , 13
1093 , 94.14 , 13
1094 , 95.93 , 13
Going to Extension Temperature
1095 , 96.18 , 13
1096 , 81.64 , 13
1097 , 77.81 , 13
1098 , 73.99 , 13
Extending DNA Now
1099 , 69.90 , 13
1100 , 70.92 , 13
1101 , 72.97 , 13
1102 , 73.22 , 13
1103 , 73.22 , 13
1104 , 73.22 , 13
1105 , 73.22 , 13
1106 , 73.99 , 13
1107 , 73.99 , 13
1108 , 73.48 , 13
1109 , 73.22 , 13
1110 , 73.22 , 13
1111 , 73.48 , 13
1112 , 73.22 , 13
1113 , 72.97 , 13
1114 , 72.97 , 13
1115 , 72.71 , 13
1116 , 72.20 , 13
1117 , 72.20 , 13
1118 , 72.46 , 13
1119 , 71.95 , 13
1120 , 71.95 , 13
1121 , 71.43 , 13
1122 , 71.18 , 13
1123 , 71.43 , 13
1124 , 71.18 , 13
1125 , 71.43 , 13
1126 , 70.67 , 13
1127 , 70.67 , 13
1128 , 70.67 , 13
1129 , 70.41 , 13
1130 , 70.16 , 13
1131 , 69.90 , 13
1132 , 69.90 , 13
1133 , 69.65 , 13
1134 , 69.65 , 13
1135 , 69.39 , 13
1136 , 69.39 , 13
1137 , 69.14 , 13
1138 , 69.14 , 13
1139 , 69.14 , 13
Going to Denaturing Temperature
1140 , 69.14 , 14
1141 , 77.81 , 14
1142 , 78.83 , 14
1143 , 80.11 , 14
1144 , 81.39 , 14
1145 , 82.66 , 14
1146 , 83.68 , 14
1147 , 84.70 , 14
1148 , 85.47 , 14
1149 , 86.23 , 14
1150 , 86.74 , 14
1151 , 87.51 , 14
1152 , 88.53 , 14
1153 , 88.79 , 14
1154 , 89.81 , 14
1155 , 90.32 , 14
1156 , 91.08 , 14
1157 , 91.34 , 14
1158 , 92.36 , 14
1159 , 92.61 , 14
1160 , 92.10 , 14
1161 , 93.63 , 14
1162 , 93.89 , 14
1163 , 93.89 , 14
1164 , 94.91 , 14
Denaturing DNA Now
1165 , 95.16 , 14
1166 , 95.67 , 14
1167 , 93.89 , 14
1168 , 93.89 , 14
1169 , 95.42 , 14
1170 , 95.42 , 14
1171 , 93.89 , 14
1172 , 93.89 , 14
1173 , 95.67 , 14
1174 , 95.42 , 14
1175 , 94.40 , 14
1176 , 94.40 , 14
1177 , 94.14 , 14
1178 , 93.89 , 14
1179 , 93.89 , 14
1180 , 95.67 , 14
1181 , 95.67 , 14
1182 , 94.40 , 14
1183 , 94.91 , 14
1184 , 93.63 , 14
Going to Extension Temperature
1185 , 94.14 , 14
1186 , 80.88 , 14
1187 , 77.05 , 14
1188 , 73.22 , 14
Extending DNA Now
1189 , 69.65 , 14
1190 , 70.67 , 14
1191 , 72.46 , 14
1192 , 72.46 , 14
1193 , 73.22 , 14
1194 , 72.97 , 14
1195 , 73.48 , 14
1196 , 72.97 , 14
1197 , 73.48 , 14
1198 , 72.46 , 14
1199 , 72.97 , 14
1200 , 72.71 , 14
1201 , 72.97 , 14
1202 , 72.97 , 14
1203 , 72.20 , 14
1204 , 72.20 , 14
1205 , 72.20 , 14
1206 , 71.95 , 14
1207 , 71.95 , 14
1208 , 71.43 , 14
1209 , 71.69 , 14
1210 , 71.43 , 14
1211 , 71.18 , 14
1212 , 70.92 , 14
1213 , 71.43 , 14
1214 , 70.92 , 14
1215 , 70.16 , 14
1216 , 70.67 , 14
1217 , 70.16 , 14
1218 , 69.90 , 14
1219 , 70.16 , 14
1220 , 70.16 , 14
1221 , 69.65 , 14
1222 , 69.90 , 14
1223 , 69.90 , 14
1224 , 69.39 , 14
1225 , 69.65 , 14
1226 , 69.39 , 14
1227 , 69.14 , 14
1228 , 69.39 , 14
1229 , 69.14 , 14
Going to Denaturing Temperature
1230 , 69.14 , 15
1231 , 77.56 , 15
1232 , 79.09 , 15
1233 , 79.60 , 15
1234 , 81.39 , 15
1235 , 82.41 , 15
1236 , 83.43 , 15
1237 , 84.45 , 15
1238 , 84.96 , 15
1239 , 85.72 , 15
1240 , 87.00 , 15
1241 , 87.76 , 15
1242 , 88.02 , 15
1243 , 88.53 , 15
1244 , 89.55 , 15
1245 , 90.06 , 15
1246 , 90.83 , 15
1247 , 91.08 , 15
1248 , 91.85 , 15
1249 , 92.10 , 15
1250 , 92.36 , 15
1251 , 93.12 , 15
1252 , 93.89 , 15
1253 , 93.89 , 15
1254 , 94.40 , 15
Denaturing DNA Now
1255 , 94.65 , 15
1256 , 94.65 , 15
1257 , 95.67 , 15
1258 , 95.67 , 15
1259 , 93.63 , 15
1260 , 93.89 , 15
1261 , 95.42 , 15
1262 , 95.42 , 15
1263 , 93.89 , 15
1264 , 94.14 , 15
1265 , 95.16 , 15
1266 , 96.18 , 15
1267 , 94.40 , 15
1268 , 94.40 , 15
1269 , 94.65 , 15
1270 , 94.14 , 15
1271 , 94.40 , 15
1272 , 94.65 , 15
1273 , 94.40 , 15
1274 , 94.40 , 15
Going to Extension Temperature
1275 , 93.89 , 15
1276 , 80.62 , 15
1277 , 77.05 , 15
1278 , 73.22 , 15
Extending DNA Now
1279 , 69.39 , 15
1280 , 70.16 , 15
1281 , 72.46 , 15
1282 , 72.46 , 15
1283 , 72.97 , 15
1284 , 72.97 , 15
1285 , 73.22 , 15
1286 , 73.22 , 15
1287 , 72.97 , 15
1288 , 72.20 , 15
1289 , 72.46 , 15
1290 , 72.97 , 15
1291 , 72.46 , 15
1292 , 71.95 , 15
1293 , 72.46 , 15
1294 , 72.20 , 15
1295 , 72.20 , 15
1296 , 72.20 , 15
1297 , 71.95 , 15
1298 , 71.69 , 15
1299 , 71.95 , 15
1300 , 71.18 , 15
1301 , 71.18 , 15
1302 , 70.92 , 15
1303 , 71.18 , 15
1304 , 71.18 , 15
1305 , 70.92 , 15
1306 , 70.67 , 15
1307 , 70.67 , 15
1308 , 70.67 , 15
1309 , 70.41 , 15
1310 , 69.90 , 15
1311 , 69.90 , 15
1312 , 70.41 , 15
1313 , 69.65 , 15
1314 , 69.90 , 15
1315 , 69.65 , 15
1316 , 69.65 , 15
1317 , 69.14 , 15
1318 , 68.88 , 15
1319 , 69.14 , 15
