Please wait for the temperature to reach 95
0 , 25.51 , 100.00 , 0.00 , 0
1 , 25.25 , 100.00 , 0.00 , 0
2 , 25.25 , 100.00 , 0.00 , 0
3 , 25.51 , 100.00 , 0.00 , 0
4 , 25.25 , 100.00 , 0.00 , 0
5 , 25.25 , 100.00 , 0.00 , 0
6 , 24.74 , 100.00 , 0.00 , 0
7 , 25.25 , 100.00 , 0.00 , 0
8 , 25.00 , 100.00 , 0.00 , 0
9 , 24.74 , 100.00 , 0.00 , 0
10 , 24.74 , 100.00 , 0.00 , 0
11 , 25.00 , 100.00 , 0.00 , 0
12 , 24.74 , 100.00 , 0.00 , 0
13 , 24.49 , 100.00 , 0.00 , 0
14 , 25.00 , 100.00 , 0.00 , 0
15 , 24.74 , 100.00 , 0.00 , 0
16 , 25.76 , 100.00 , 0.00 , 0
17 , 27.29 , 100.00 , 0.00 , 0
18 , 29.59 , 100.00 , 0.00 , 0
19 , 31.38 , 100.00 , 0.00 , 0
20 , 33.67 , 100.00 , 0.00 , 0
21 , 35.46 , 100.00 , 0.00 , 0
22 , 36.99 , 100.00 , 0.00 , 0
23 , 39.54 , 100.00 , 0.00 , 0
24 , 41.33 , 100.00 , 0.00 , 0
25 , 43.37 , 100.00 , 0.00 , 0
26 , 45.15 , 100.00 , 0.00 , 0
27 , 46.94 , 100.00 , 0.00 , 0
28 , 48.98 , 100.00 , 0.00 , 0
29 , 50.77 , 100.00 , 0.00 , 0
30 , 52.30 , 100.00 , 0.00 , 0
31 , 53.57 , 100.00 , 0.00 , 0
32 , 55.87 , 100.00 , 0.00 , 0
33 , 57.66 , 100.00 , 0.00 , 0
34 , 59.70 , 100.00 , 0.00 , 0
35 , 60.72 , 100.00 , 0.00 , 0
36 , 63.01 , 100.00 , 0.00 , 0
37 , 64.55 , 100.00 , 0.00 , 0
38 , 65.82 , 100.00 , 0.00 , 0
39 , 66.59 , 100.00 , 0.00 , 0
40 , 68.37 , 100.00 , 0.00 , 0
41 , 69.90 , 100.00 , 0.00 , 0
42 , 71.69 , 100.00 , 0.00 , 0
43 , 72.97 , 100.00 , 0.00 , 0
44 , 74.24 , 100.00 , 0.00 , 0
45 , 75.52 , 100.00 , 0.00 , 0
46 , 77.81 , 100.00 , 0.00 , 0
47 , 79.09 , 100.00 , 0.00 , 0
48 , 80.37 , 100.00 , 0.00 , 0
49 , 81.90 , 100.00 , 0.00 , 0
50 , 83.68 , 100.00 , 0.00 , 0
51 , 84.45 , 100.00 , 0.00 , 0
52 , 85.98 , 100.00 , 0.00 , 0
53 , 87.00 , 100.00 , 0.00 , 0
54 , 88.27 , 100.00 , 0.00 , 0
55 , 90.32 , 100.00 , 0.00 , 0
56 , 90.83 , 100.00 , 0.00 , 0
57 , 92.61 , 100.00 , 0.00 , 0
58 , 93.89 , 100.00 , 0.00 , 0
59 , 94.65 , 100.00 , 0.00 , 0
Temperature has reached 95, please wait 60s for the initial denaturing to complete
60 , 96.18 , 95.10 , 0.00 , 0
Initial Denaturing has completed, Amplification Loop will start now
Going to Denaturing Temperature
Denaturing DNA Now
61 , 96.95 , 83.29 , 0.00 , 1
62 , 97.20 , 76.46 , 0.00 , 1
63 , 96.69 , 73.07 , 0.00 , 1
64 , 96.95 , 75.29 , 0.00 , 1
65 , 96.95 , 72.03 , 0.00 , 1
66 , 96.44 , 70.56 , 0.00 , 1
67 , 96.69 , 72.91 , 0.00 , 1
68 , 96.18 , 69.78 , 0.00 , 1
69 , 96.44 , 72.26 , 0.00 , 1
70 , 96.69 , 69.25 , 0.00 , 1
Going to Extention Temperature
71 , 96.69 , 69.25 , 0.00 , 1
72 , 96.18 , 69.25 , 0.00 , 1
73 , 93.89 , 69.25 , 0.00 , 1
74 , 90.32 , 69.25 , 0.00 , 1
75 , 87.25 , 69.25 , 0.00 , 1
76 , 83.43 , 69.25 , 0.00 , 1
77 , 79.85 , 69.25 , 0.00 , 1
78 , 76.54 , 69.25 , 0.00 , 1
79 , 73.22 , 69.25 , 0.00 , 1
80 , 69.90 , 69.25 , 0.00 , 1
81 , 67.10 , 69.25 , 0.00 , 1
82 , 64.29 , 69.25 , 0.00 , 1
83 , 61.74 , 69.25 , 0.00 , 1
Extending DNA Now
84 , 58.93 , 69.25 , 50.00 , 1
85 , 56.89 , 69.25 , 50.00 , 1
86 , 56.38 , 69.25 , 50.00 , 1
87 , 56.38 , 69.25 , 50.00 , 1
88 , 56.64 , 69.25 , 50.00 , 1
89 , 56.89 , 69.25 , 50.00 , 1
90 , 57.15 , 69.25 , 50.00 , 1
91 , 58.17 , 69.25 , 50.00 , 1
92 , 58.17 , 69.25 , 50.00 , 1
93 , 58.93 , 69.25 , 50.00 , 1
94 , 59.70 , 69.25 , 50.00 , 1
95 , 60.21 , 69.25 , 50.00 , 1
96 , 60.46 , 69.25 , 50.00 , 1
97 , 61.23 , 69.25 , 50.00 , 1
98 , 61.74 , 69.25 , 50.00 , 1
99 , 61.99 , 69.25 , 50.00 , 1
100 , 62.76 , 69.25 , 50.00 , 1
101 , 63.27 , 69.25 , 44.30 , 1
102 , 64.04 , 69.25 , 40.09 , 1
103 , 64.04 , 69.25 , 33.72 , 1
104 , 64.55 , 69.25 , 32.70 , 1
105 , 64.29 , 69.25 , 27.86 , 1
106 , 64.29 , 69.25 , 28.50 , 1
107 , 63.78 , 69.25 , 27.35 , 1
108 , 63.27 , 69.25 , 30.03 , 1
109 , 63.01 , 69.25 , 32.97 , 1
110 , 62.76 , 69.25 , 34.25 , 1
111 , 62.25 , 69.25 , 35.66 , 1
112 , 62.25 , 69.25 , 39.10 , 1
113 , 62.25 , 69.25 , 38.98 , 1
114 , 62.50 , 69.25 , 38.98 , 1
Going to Denaturing Temperature
115 , 61.99 , 100.00 , 38.98 , 2
116 , 63.27 , 100.00 , 38.98 , 2
117 , 65.06 , 100.00 , 38.98 , 2
118 , 68.63 , 100.00 , 38.98 , 2
119 , 70.92 , 100.00 , 38.98 , 2
120 , 74.24 , 100.00 , 38.98 , 2
121 , 76.79 , 100.00 , 38.98 , 2
122 , 79.09 , 100.00 , 38.98 , 2
123 , 80.62 , 100.00 , 38.98 , 2
124 , 82.66 , 100.00 , 38.98 , 2
125 , 85.47 , 100.00 , 38.98 , 2
126 , 87.51 , 100.00 , 38.98 , 2
127 , 89.55 , 100.00 , 38.98 , 2
128 , 91.08 , 100.00 , 38.98 , 2
129 , 92.87 , 100.00 , 38.98 , 2
130 , 93.63 , 100.00 , 38.98 , 2
131 , 95.42 , 100.00 , 38.98 , 2
Denaturing DNA Now
132 , 97.46 , 89.36 , 38.98 , 2
133 , 98.48 , 73.34 , 38.98 , 2
134 , 98.99 , 63.95 , 38.98 , 2
135 , 99.25 , 57.89 , 38.98 , 2
136 , 98.23 , 53.48 , 38.98 , 2
137 , 97.72 , 58.51 , 38.98 , 2
138 , 96.69 , 60.22 , 38.98 , 2
139 , 96.44 , 66.02 , 38.98 , 2
140 , 96.44 , 66.59 , 38.98 , 2
141 , 96.18 , 65.37 , 38.98 , 2
Going to Extention Temperature
142 , 95.93 , 65.37 , 38.98 , 2
143 , 94.91 , 65.37 , 38.98 , 2
144 , 92.87 , 65.37 , 38.98 , 2
145 , 90.06 , 65.37 , 38.98 , 2
146 , 86.49 , 65.37 , 38.98 , 2
147 , 82.92 , 65.37 , 38.98 , 2
148 , 78.83 , 65.37 , 38.98 , 2
149 , 75.52 , 65.37 , 38.98 , 2
150 , 72.20 , 65.37 , 38.98 , 2
151 , 69.14 , 65.37 , 38.98 , 2
152 , 66.08 , 65.37 , 38.98 , 2
153 , 63.78 , 65.37 , 38.98 , 2
154 , 60.97 , 65.37 , 38.98 , 2
Extending DNA Now
155 , 58.93 , 65.37 , 50.00 , 2
156 , 56.64 , 65.37 , 50.00 , 2
157 , 55.87 , 65.37 , 50.00 , 2
158 , 55.87 , 65.37 , 50.00 , 2
159 , 56.13 , 65.37 , 50.00 , 2
160 , 56.89 , 65.37 , 50.00 , 2
161 , 57.66 , 65.37 , 50.00 , 2
162 , 58.42 , 65.37 , 50.00 , 2
163 , 58.42 , 65.37 , 50.00 , 2
164 , 59.44 , 65.37 , 50.00 , 2
165 , 59.70 , 65.37 , 50.00 , 2
166 , 60.21 , 65.37 , 50.00 , 2
167 , 60.72 , 65.37 , 50.00 , 2
168 , 60.97 , 65.37 , 50.00 , 2
169 , 61.99 , 65.37 , 50.00 , 2
170 , 62.50 , 65.37 , 50.00 , 2
171 , 63.27 , 65.37 , 46.22 , 2
172 , 63.78 , 65.37 , 40.22 , 2
173 , 64.55 , 65.37 , 35.76 , 2
174 , 64.29 , 65.37 , 29.13 , 2
175 , 64.29 , 65.37 , 29.77 , 2
176 , 63.78 , 65.37 , 28.62 , 2
177 , 63.78 , 65.37 , 31.31 , 2
178 , 63.27 , 65.37 , 30.42 , 2
179 , 63.27 , 65.37 , 33.35 , 2
180 , 63.27 , 65.37 , 32.72 , 2
181 , 62.76 , 65.37 , 32.08 , 2
182 , 62.76 , 65.37 , 35.28 , 2
183 , 62.50 , 65.37 , 34.90 , 2
184 , 61.99 , 65.37 , 36.43 , 2
185 , 61.99 , 65.37 , 36.43 , 2
Going to Denaturing Temperature
186 , 62.25 , 100.00 , 36.43 , 3
187 , 62.25 , 100.00 , 36.43 , 3
188 , 65.06 , 100.00 , 36.43 , 3
189 , 68.63 , 100.00 , 36.43 , 3
190 , 71.69 , 100.00 , 36.43 , 3
191 , 74.50 , 100.00 , 36.43 , 3
192 , 77.30 , 100.00 , 36.43 , 3
193 , 79.34 , 100.00 , 36.43 , 3
194 , 81.90 , 100.00 , 36.43 , 3
195 , 83.94 , 100.00 , 36.43 , 3
196 , 86.49 , 100.00 , 36.43 , 3
197 , 88.02 , 100.00 , 36.43 , 3
198 , 90.06 , 100.00 , 36.43 , 3
199 , 91.59 , 100.00 , 36.43 , 3
200 , 93.38 , 100.00 , 36.43 , 3
201 , 94.14 , 100.00 , 36.43 , 3
Denaturing DNA Now
202 , 96.18 , 98.93 , 36.43 , 3
203 , 97.72 , 83.55 , 36.43 , 3
204 , 98.74 , 70.97 , 36.43 , 3
205 , 98.99 , 61.46 , 36.43 , 3
206 , 98.74 , 57.18 , 36.43 , 3
207 , 97.72 , 56.60 , 36.43 , 3
208 , 96.44 , 61.88 , 36.43 , 3
209 , 96.44 , 69.59 , 36.43 , 3
210 , 95.93 , 68.37 , 36.43 , 3
211 , 95.93 , 70.98 , 36.43 , 3
Going to Extention Temperature
212 , 96.44 , 70.98 , 36.43 , 3
213 , 95.93 , 70.98 , 36.43 , 3
214 , 93.38 , 70.98 , 36.43 , 3
215 , 90.32 , 70.98 , 36.43 , 3
216 , 86.74 , 70.98 , 36.43 , 3
217 , 83.17 , 70.98 , 36.43 , 3
218 , 79.34 , 70.98 , 36.43 , 3
219 , 75.52 , 70.98 , 36.43 , 3
220 , 72.20 , 70.98 , 36.43 , 3
221 , 69.14 , 70.98 , 36.43 , 3
222 , 66.33 , 70.98 , 36.43 , 3
223 , 63.53 , 70.98 , 36.43 , 3
224 , 61.23 , 70.98 , 36.43 , 3
Extending DNA Now
225 , 58.93 , 70.98 , 50.00 , 3
226 , 56.38 , 70.98 , 50.00 , 3
227 , 55.87 , 70.98 , 50.00 , 3
228 , 56.38 , 70.98 , 50.00 , 3
229 , 56.64 , 70.98 , 50.00 , 3
230 , 56.38 , 70.98 , 50.00 , 3
231 , 57.66 , 70.98 , 50.00 , 3
232 , 57.66 , 70.98 , 50.00 , 3
233 , 58.93 , 70.98 , 50.00 , 3
234 , 59.70 , 70.98 , 50.00 , 3
235 , 60.72 , 70.98 , 50.00 , 3
236 , 60.97 , 70.98 , 50.00 , 3
237 , 62.25 , 70.98 , 50.00 , 3
238 , 62.50 , 70.98 , 48.13 , 3
239 , 63.53 , 70.98 , 46.09 , 3
240 , 63.78 , 70.98 , 38.18 , 3
241 , 64.29 , 70.98 , 35.51 , 3
242 , 64.55 , 70.98 , 30.79 , 3
243 , 64.80 , 70.98 , 27.73 , 3
244 , 64.55 , 70.98 , 24.54 , 3
245 , 63.78 , 70.98 , 25.06 , 3
246 , 63.27 , 70.98 , 29.53 , 3
247 , 62.50 , 70.98 , 32.46 , 3
248 , 62.50 , 70.98 , 37.57 , 3
249 , 62.25 , 70.98 , 37.32 , 3
250 , 62.50 , 70.98 , 38.98 , 3
251 , 62.50 , 70.98 , 36.94 , 3
252 , 62.50 , 70.98 , 36.69 , 3
253 , 62.76 , 70.98 , 36.44 , 3
254 , 62.76 , 70.98 , 34.27 , 3
255 , 62.76 , 70.98 , 34.27 , 3
Going to Denaturing Temperature
256 , 62.50 , 100.00 , 34.27 , 4
257 , 63.78 , 100.00 , 34.27 , 4
258 , 66.08 , 100.00 , 34.27 , 4
259 , 70.41 , 100.00 , 34.27 , 4
260 , 73.22 , 100.00 , 34.27 , 4
261 , 76.28 , 100.00 , 34.27 , 4
262 , 78.58 , 100.00 , 34.27 , 4
263 , 82.15 , 100.00 , 34.27 , 4
264 , 84.70 , 100.00 , 34.27 , 4
265 , 86.74 , 100.00 , 34.27 , 4
266 , 88.79 , 100.00 , 34.27 , 4
267 , 91.08 , 100.00 , 34.27 , 4
268 , 93.12 , 100.00 , 34.27 , 4
269 , 95.42 , 100.00 , 34.27 , 4
Denaturing DNA Now
270 , 97.72 , 89.36 , 34.27 , 4
271 , 98.99 , 71.43 , 34.27 , 4
272 , 99.25 , 60.00 , 34.27 , 4
273 , 99.76 , 55.59 , 34.27 , 4
274 , 97.97 , 49.14 , 34.27 , 4
275 , 97.20 , 59.66 , 34.27 , 4
276 , 96.44 , 63.41 , 34.27 , 4
277 , 96.44 , 67.55 , 34.27 , 4
278 , 96.44 , 66.33 , 34.27 , 4
279 , 96.18 , 65.11 , 34.27 , 4
Going to Extention Temperature
280 , 96.69 , 65.11 , 34.27 , 4
281 , 96.18 , 65.11 , 34.27 , 4
282 , 93.89 , 65.11 , 34.27 , 4
283 , 90.83 , 65.11 , 34.27 , 4
284 , 86.74 , 65.11 , 34.27 , 4
285 , 83.43 , 65.11 , 34.27 , 4
286 , 79.34 , 65.11 , 34.27 , 4
287 , 76.28 , 65.11 , 34.27 , 4
288 , 72.97 , 65.11 , 34.27 , 4
289 , 69.65 , 65.11 , 34.27 , 4
290 , 66.33 , 65.11 , 34.27 , 4
291 , 64.04 , 65.11 , 34.27 , 4
292 , 61.23 , 65.11 , 34.27 , 4
Extending DNA Now
293 , 58.93 , 65.11 , 50.00 , 4
294 , 56.89 , 65.11 , 50.00 , 4
295 , 56.13 , 65.11 , 50.00 , 4
296 , 56.38 , 65.11 , 50.00 , 4
297 , 56.64 , 65.11 , 50.00 , 4
298 , 56.64 , 65.11 , 50.00 , 4
299 , 57.40 , 65.11 , 50.00 , 4
300 , 58.17 , 65.11 , 50.00 , 4
301 , 58.42 , 65.11 , 50.00 , 4
302 , 59.44 , 65.11 , 50.00 , 4
303 , 59.95 , 65.11 , 50.00 , 4
304 , 60.46 , 65.11 , 50.00 , 4
305 , 61.23 , 65.11 , 50.00 , 4
306 , 61.74 , 65.11 , 50.00 , 4
307 , 62.50 , 65.11 , 50.00 , 4
308 , 62.76 , 65.11 , 46.22 , 4
309 , 63.53 , 65.11 , 44.05 , 4
310 , 63.78 , 65.11 , 37.93 , 4
311 , 63.78 , 65.11 , 35.25 , 4
312 , 64.04 , 65.11 , 34.36 , 4
313 , 63.78 , 65.11 , 31.56 , 4
314 , 63.27 , 65.11 , 32.45 , 4
315 , 63.01 , 65.11 , 35.39 , 4
316 , 62.50 , 65.11 , 36.67 , 4
317 , 62.50 , 65.11 , 39.99 , 4
318 , 62.25 , 65.11 , 39.74 , 4
319 , 61.99 , 65.11 , 41.40 , 4
320 , 62.25 , 65.11 , 43.19 , 4
321 , 63.01 , 65.11 , 41.28 , 4
322 , 62.76 , 65.11 , 35.41 , 4
323 , 63.01 , 65.11 , 35.41 , 4
Going to Denaturing Temperature
324 , 63.27 , 100.00 , 35.41 , 5
325 , 63.27 , 100.00 , 35.41 , 5
326 , 66.59 , 100.00 , 35.41 , 5
327 , 70.41 , 100.00 , 35.41 , 5
328 , 73.22 , 100.00 , 35.41 , 5
329 , 76.54 , 100.00 , 35.41 , 5
330 , 79.60 , 100.00 , 35.41 , 5
331 , 82.41 , 100.00 , 35.41 , 5
332 , 85.21 , 100.00 , 35.41 , 5
333 , 87.76 , 100.00 , 35.41 , 5
334 , 90.06 , 100.00 , 35.41 , 5
335 , 91.85 , 100.00 , 35.41 , 5
336 , 94.14 , 100.00 , 35.41 , 5
Denaturing DNA Now
337 , 95.93 , 98.93 , 35.41 , 5
338 , 97.97 , 85.46 , 35.41 , 5
339 , 99.25 , 69.19 , 35.41 , 5
340 , 99.50 , 57.63 , 35.41 , 5
341 , 99.25 , 53.10 , 35.41 , 5
342 , 97.97 , 52.26 , 35.41 , 5
343 , 96.95 , 59.20 , 35.41 , 5
344 , 95.93 , 64.87 , 35.41 , 5
345 , 95.42 , 71.05 , 35.41 , 5
346 , 95.42 , 73.91 , 35.41 , 5
Going to Extention Temperature
347 , 95.67 , 73.91 , 35.41 , 5
348 , 95.42 , 73.91 , 35.41 , 5
349 , 93.12 , 73.91 , 35.41 , 5
350 , 90.32 , 73.91 , 35.41 , 5
351 , 86.23 , 73.91 , 35.41 , 5
352 , 82.66 , 73.91 , 35.41 , 5
353 , 78.83 , 73.91 , 35.41 , 5
354 , 75.52 , 73.91 , 35.41 , 5
355 , 71.69 , 73.91 , 35.41 , 5
356 , 68.88 , 73.91 , 35.41 , 5
357 , 66.33 , 73.91 , 35.41 , 5
358 , 63.27 , 73.91 , 35.41 , 5
359 , 60.21 , 73.91 , 35.41 , 5
Extending DNA Now
360 , 58.42 , 73.91 , 50.00 , 5
361 , 56.38 , 73.91 , 50.00 , 5
362 , 55.36 , 73.91 , 50.00 , 5
363 , 55.87 , 73.91 , 50.00 , 5
364 , 56.13 , 73.91 , 50.00 , 5
365 , 56.89 , 73.91 , 50.00 , 5
366 , 57.40 , 73.91 , 50.00 , 5
367 , 58.42 , 73.91 , 50.00 , 5
368 , 59.19 , 73.91 , 50.00 , 5
369 , 59.95 , 73.91 , 50.00 , 5
370 , 60.46 , 73.91 , 50.00 , 5
371 , 61.48 , 73.91 , 50.00 , 5
372 , 62.25 , 73.91 , 50.00 , 5
373 , 62.25 , 73.91 , 48.13 , 5
374 , 63.27 , 73.91 , 48.00 , 5
375 , 63.78 , 73.91 , 40.23 , 5
376 , 64.29 , 73.91 , 35.76 , 5
377 , 63.78 , 73.91 , 31.05 , 5
378 , 64.29 , 73.91 , 33.73 , 5
379 , 63.78 , 73.91 , 29.01 , 5
380 , 63.78 , 73.91 , 31.69 , 5
381 , 63.53 , 73.91 , 30.80 , 5
382 , 63.01 , 73.91 , 31.83 , 5
383 , 62.50 , 73.91 , 34.89 , 5
384 , 62.50 , 73.91 , 38.21 , 5
385 , 62.25 , 73.91 , 37.96 , 5
386 , 61.99 , 73.91 , 39.62 , 5
387 , 62.25 , 73.91 , 41.41 , 5
388 , 62.50 , 73.91 , 39.50 , 5
389 , 63.01 , 73.91 , 37.46 , 5
390 , 62.76 , 73.91 , 37.46 , 5
Going to Denaturing Temperature
391 , 62.76 , 100.00 , 37.46 , 6
392 , 64.04 , 100.00 , 37.46 , 6
394 , 66.59 , 100.00 , 37.46 , 6
395 , 70.41 , 100.00 , 37.46 , 6
396 , 73.73 , 100.00 , 37.46 , 6
397 , 76.79 , 100.00 , 37.46 , 6
398 , 80.11 , 100.00 , 37.46 , 6
399 , 82.92 , 100.00 , 37.46 , 6
400 , 85.21 , 100.00 , 37.46 , 6
401 , 87.76 , 100.00 , 37.46 , 6
402 , 89.55 , 100.00 , 37.46 , 6
403 , 91.85 , 100.00 , 37.46 , 6
404 , 94.40 , 100.00 , 37.46 , 6
Denaturing DNA Now
405 , 96.18 , 97.01 , 37.46 , 6
406 , 98.23 , 83.42 , 37.46 , 6
407 , 99.25 , 67.02 , 37.46 , 6
408 , 99.50 , 57.25 , 37.46 , 6
409 , 99.25 , 52.71 , 37.46 , 6
410 , 98.23 , 51.88 , 37.46 , 6
411 , 97.97 , 56.91 , 37.46 , 6
412 , 97.46 , 56.71 , 37.46 , 6
413 , 96.69 , 58.55 , 37.46 , 6
414 , 96.44 , 62.56 , 37.46 , 6
Going to Extention Temperature
415 , 96.44 , 62.56 , 37.46 , 6
416 , 95.93 , 62.56 , 37.46 , 6
417 , 94.14 , 62.56 , 37.46 , 6
418 , 90.83 , 62.56 , 37.46 , 6
419 , 87.00 , 62.56 , 37.46 , 6
420 , 83.43 , 62.56 , 37.46 , 6
421 , 80.11 , 62.56 , 37.46 , 6
422 , 76.79 , 62.56 , 37.46 , 6
423 , 73.48 , 62.56 , 37.46 , 6
424 , 70.41 , 62.56 , 37.46 , 6
425 , 67.10 , 62.56 , 37.46 , 6
426 , 64.55 , 62.56 , 37.46 , 6
427 , 61.99 , 62.56 , 37.46 , 6
Extending DNA Now
428 , 59.95 , 62.56 , 50.00 , 6
429 , 56.89 , 62.56 , 50.00 , 6
430 , 56.13 , 62.56 , 50.00 , 6
431 , 56.89 , 62.56 , 50.00 , 6
432 , 56.89 , 62.56 , 50.00 , 6
433 , 57.91 , 62.56 , 50.00 , 6
434 , 58.42 , 62.56 , 50.00 , 6
435 , 59.19 , 62.56 , 50.00 , 6
436 , 59.70 , 62.56 , 50.00 , 6
437 , 60.46 , 62.56 , 50.00 , 6
438 , 61.23 , 62.56 , 50.00 , 6
439 , 61.74 , 62.56 , 50.00 , 6
440 , 61.99 , 62.56 , 50.00 , 6
441 , 63.01 , 62.56 , 50.00 , 6
442 , 63.78 , 62.56 , 42.39 , 6
443 , 64.29 , 62.56 , 36.14 , 6
444 , 64.55 , 62.56 , 31.42 , 6
445 , 63.27 , 62.56 , 28.36 , 6
446 , 63.53 , 62.56 , 36.66 , 6
447 , 63.53 , 62.56 , 34.11 , 6
448 , 63.53 , 62.56 , 33.35 , 6
449 , 63.27 , 62.56 , 32.58 , 6
450 , 62.76 , 62.56 , 33.74 , 6
451 , 62.76 , 62.56 , 36.93 , 6
452 , 62.76 , 62.56 , 36.55 , 6
453 , 62.50 , 62.56 , 36.17 , 6
454 , 62.76 , 62.56 , 37.70 , 6
455 , 62.76 , 62.56 , 35.54 , 6
456 , 62.50 , 62.56 , 35.16 , 6
457 , 62.76 , 62.56 , 36.69 , 6
458 , 62.76 , 62.56 , 36.69 , 6
Going to Denaturing Temperature
459 , 62.50 , 100.00 , 36.69 , 7
460 , 63.78 , 100.00 , 36.69 , 7
461 , 66.59 , 100.00 , 36.69 , 7
462 , 70.41 , 100.00 , 36.69 , 7
463 , 73.73 , 100.00 , 36.69 , 7
464 , 77.05 , 100.00 , 36.69 , 7
465 , 79.85 , 100.00 , 36.69 , 7
466 , 82.66 , 100.00 , 36.69 , 7
467 , 85.21 , 100.00 , 36.69 , 7
468 , 87.51 , 100.00 , 36.69 , 7
469 , 90.06 , 100.00 , 36.69 , 7
470 , 92.61 , 100.00 , 36.69 , 7
471 , 94.91 , 100.00 , 36.69 , 7
Denaturing DNA Now
472 , 96.69 , 93.19 , 36.69 , 7
473 , 98.48 , 79.34 , 36.69 , 7
474 , 99.25 , 64.59 , 36.69 , 7
475 , 100.01 , 56.61 , 36.69 , 7
476 , 99.76 , 48.25 , 36.69 , 7
477 , 99.25 , 47.16 , 36.69 , 7
478 , 98.74 , 48.10 , 36.69 , 7
479 , 98.23 , 49.31 , 36.69 , 7
480 , 97.46 , 50.77 , 36.69 , 7
481 , 97.20 , 54.40 , 36.69 , 7
Going to Extention Temperature
482 , 96.44 , 54.40 , 36.69 , 7
483 , 95.67 , 54.40 , 36.69 , 7
484 , 93.63 , 54.40 , 36.69 , 7
485 , 90.83 , 54.40 , 36.69 , 7
486 , 87.25 , 54.40 , 36.69 , 7
487 , 83.68 , 54.40 , 36.69 , 7
488 , 79.85 , 54.40 , 36.69 , 7
489 , 76.54 , 54.40 , 36.69 , 7
490 , 72.97 , 54.40 , 36.69 , 7
491 , 69.90 , 54.40 , 36.69 , 7
492 , 67.10 , 54.40 , 36.69 , 7
493 , 64.29 , 54.40 , 36.69 , 7
494 , 61.74 , 54.40 , 36.69 , 7
Extending DNA Now
495 , 59.19 , 54.40 , 50.00 , 7
496 , 57.15 , 54.40 , 50.00 , 7
497 , 56.64 , 54.40 , 50.00 , 7
498 , 56.38 , 54.40 , 50.00 , 7
499 , 56.64 , 54.40 , 50.00 , 7
500 , 57.66 , 54.40 , 50.00 , 7
501 , 57.66 , 54.40 , 50.00 , 7
502 , 59.44 , 54.40 , 50.00 , 7
503 , 60.21 , 54.40 , 50.00 , 7
504 , 60.21 , 54.40 , 50.00 , 7
505 , 61.48 , 54.40 , 50.00 , 7
506 , 61.99 , 54.40 , 50.00 , 7
507 , 63.01 , 54.40 , 50.00 , 7
508 , 62.76 , 54.40 , 42.39 , 7
509 , 64.04 , 54.40 , 43.79 , 7
510 , 64.55 , 54.40 , 33.85 , 7
511 , 64.80 , 54.40 , 29.00 , 7
512 , 64.55 , 54.40 , 25.81 , 7
513 , 64.04 , 54.40 , 26.33 , 7
514 , 62.50 , 54.40 , 28.88 , 7
515 , 62.25 , 54.40 , 39.35 , 7
516 , 62.25 , 54.40 , 41.01 , 7
517 , 62.76 , 54.40 , 40.88 , 7
518 , 62.50 , 54.40 , 36.93 , 7
519 , 62.76 , 54.40 , 38.46 , 7
520 , 63.01 , 54.40 , 36.30 , 7
521 , 63.01 , 54.40 , 34.01 , 7
522 , 63.27 , 54.40 , 33.50 , 7
523 , 63.27 , 54.40 , 31.08 , 7
524 , 63.01 , 54.40 , 30.44 , 7
525 , 62.76 , 54.40 , 30.44 , 7
Going to Denaturing Temperature
526 , 62.50 , 100.00 , 30.44 , 8
527 , 62.76 , 100.00 , 30.44 , 8
528 , 65.57 , 100.00 , 30.44 , 8
529 , 69.39 , 100.00 , 30.44 , 8
530 , 72.71 , 100.00 , 30.44 , 8
531 , 75.77 , 100.00 , 30.44 , 8
532 , 78.83 , 100.00 , 30.44 , 8
533 , 81.90 , 100.00 , 30.44 , 8
534 , 84.19 , 100.00 , 30.44 , 8
535 , 86.74 , 100.00 , 30.44 , 8
536 , 89.04 , 100.00 , 30.44 , 8
537 , 90.83 , 100.00 , 30.44 , 8
538 , 93.12 , 100.00 , 30.44 , 8
539 , 95.67 , 100.00 , 30.44 , 8
Denaturing DNA Now
540 , 97.46 , 87.44 , 30.44 , 8
541 , 98.48 , 73.21 , 30.44 , 8
542 , 99.76 , 63.83 , 30.44 , 8
543 , 99.76 , 52.02 , 30.44 , 8
544 , 99.25 , 49.14 , 30.44 , 8
545 , 98.74 , 50.09 , 30.44 , 8
546 , 97.97 , 51.29 , 30.44 , 8
547 , 97.46 , 54.67 , 30.44 , 8
548 , 96.69 , 56.51 , 30.44 , 8
549 , 96.18 , 60.52 , 30.44 , 8
Going to Extention Temperature
550 , 95.67 , 60.52 , 30.44 , 8
551 , 94.91 , 60.52 , 30.44 , 8
552 , 92.87 , 60.52 , 30.44 , 8
553 , 89.55 , 60.52 , 30.44 , 8
554 , 86.49 , 60.52 , 30.44 , 8
555 , 82.92 , 60.52 , 30.44 , 8
556 , 79.09 , 60.52 , 30.44 , 8
557 , 75.77 , 60.52 , 30.44 , 8
558 , 72.20 , 60.52 , 30.44 , 8
559 , 68.88 , 60.52 , 30.44 , 8
560 , 66.33 , 60.52 , 30.44 , 8
561 , 63.53 , 60.52 , 30.44 , 8
562 , 60.72 , 60.52 , 30.44 , 8
Extending DNA Now
563 , 58.68 , 60.52 , 50.00 , 8
564 , 56.38 , 60.52 , 50.00 , 8
565 , 55.87 , 60.52 , 50.00 , 8
566 , 56.38 , 60.52 , 50.00 , 8
567 , 56.64 , 60.52 , 50.00 , 8
568 , 57.40 , 60.52 , 50.00 , 8
569 , 58.17 , 60.52 , 50.00 , 8
570 , 58.42 , 60.52 , 50.00 , 8
571 , 59.44 , 60.52 , 50.00 , 8
572 , 60.46 , 60.52 , 50.00 , 8
573 , 60.46 , 60.52 , 50.00 , 8
574 , 61.23 , 60.52 , 50.00 , 8
575 , 61.99 , 60.52 , 50.00 , 8
576 , 62.76 , 60.52 , 50.00 , 8
577 , 63.78 , 60.52 , 44.30 , 8
578 , 64.29 , 60.52 , 36.27 , 8
579 , 63.78 , 60.52 , 31.55 , 8
580 , 64.29 , 60.52 , 34.23 , 8
581 , 64.55 , 60.52 , 29.51 , 8
582 , 64.04 , 60.52 , 26.46 , 8
583 , 64.04 , 60.52 , 29.01 , 8
584 , 63.53 , 60.52 , 27.99 , 8
585 , 63.27 , 60.52 , 30.80 , 8
586 , 62.76 , 60.52 , 31.95 , 8
587 , 62.25 , 60.52 , 35.15 , 8
588 , 62.50 , 60.52 , 38.59 , 8
589 , 61.99 , 60.52 , 36.55 , 8
590 , 62.76 , 60.52 , 40.13 , 8
591 , 62.50 , 60.52 , 34.39 , 8
592 , 63.01 , 60.52 , 35.92 , 8
593 , 63.01 , 60.52 , 35.92 , 8
Going to Denaturing Temperature
594 , 62.50 , 100.00 , 35.92 , 9
595 , 63.27 , 100.00 , 35.92 , 9
596 , 67.10 , 100.00 , 35.92 , 9
597 , 71.18 , 100.00 , 35.92 , 9
598 , 74.24 , 100.00 , 35.92 , 9
599 , 77.05 , 100.00 , 35.92 , 9
600 , 79.85 , 100.00 , 35.92 , 9
601 , 82.92 , 100.00 , 35.92 , 9
602 , 85.98 , 100.00 , 35.92 , 9
603 , 88.27 , 100.00 , 35.92 , 9
604 , 90.57 , 100.00 , 35.92 , 9
605 , 92.87 , 100.00 , 35.92 , 9
606 , 95.42 , 100.00 , 35.92 , 9
Denaturing DNA Now
607 , 96.95 , 89.36 , 35.92 , 9
608 , 98.23 , 77.17 , 35.92 , 9
609 , 99.50 , 66.12 , 35.92 , 9
610 , 99.76 , 54.44 , 35.92 , 9
611 , 98.74 , 49.78 , 35.92 , 9
612 , 98.48 , 54.55 , 35.92 , 9
613 , 97.46 , 54.10 , 35.92 , 9
614 , 96.95 , 59.51 , 35.92 , 9
615 , 96.44 , 61.61 , 35.92 , 9
616 , 96.18 , 63.96 , 35.92 , 9
Going to Extention Temperature
617 , 95.93 , 63.96 , 35.92 , 9
618 , 95.16 , 63.96 , 35.92 , 9
619 , 92.87 , 63.96 , 35.92 , 9
620 , 90.06 , 63.96 , 35.92 , 9
621 , 86.49 , 63.96 , 35.92 , 9
622 , 82.66 , 63.96 , 35.92 , 9
623 , 79.09 , 63.96 , 35.92 , 9
624 , 75.77 , 63.96 , 35.92 , 9
625 , 72.71 , 63.96 , 35.92 , 9
626 , 69.39 , 63.96 , 35.92 , 9
627 , 66.59 , 63.96 , 35.92 , 9
628 , 63.53 , 63.96 , 35.92 , 9
629 , 60.72 , 63.96 , 35.92 , 9
Extending DNA Now
630 , 58.68 , 63.96 , 50.00 , 9
631 , 56.38 , 63.96 , 50.00 , 9
632 , 55.87 , 63.96 , 50.00 , 9
633 , 56.38 , 63.96 , 50.00 , 9
634 , 56.13 , 63.96 , 50.00 , 9
635 , 56.89 , 63.96 , 50.00 , 9
636 , 57.66 , 63.96 , 50.00 , 9
637 , 58.42 , 63.96 , 50.00 , 9
638 , 58.68 , 63.96 , 50.00 , 9
639 , 59.44 , 63.96 , 50.00 , 9
640 , 60.72 , 63.96 , 50.00 , 9
641 , 61.23 , 63.96 , 50.00 , 9
642 , 61.99 , 63.96 , 50.00 , 9
643 , 62.50 , 63.96 , 50.00 , 9
644 , 63.01 , 63.96 , 46.22 , 9
645 , 64.04 , 63.96 , 42.14 , 9
646 , 64.04 , 63.96 , 33.97 , 9
647 , 64.55 , 63.96 , 32.96 , 9
648 , 64.29 , 63.96 , 28.11 , 9
649 , 64.04 , 63.96 , 28.75 , 9
650 , 63.01 , 63.96 , 29.52 , 9
651 , 62.76 , 63.96 , 36.16 , 9
652 , 62.50 , 63.96 , 37.56 , 9
653 , 62.25 , 63.96 , 39.10 , 9
654 , 62.50 , 63.96 , 40.76 , 9
655 , 62.25 , 63.96 , 38.72 , 9
656 , 63.01 , 63.96 , 40.38 , 9
657 , 62.50 , 63.96 , 34.52 , 9
658 , 62.76 , 63.96 , 37.84 , 9
659 , 62.76 , 63.96 , 35.67 , 9
660 , 62.76 , 63.96 , 35.67 , 9
Going to Denaturing Temperature
661 , 63.01 , 100.00 , 35.67 , 10
662 , 63.78 , 100.00 , 35.67 , 10
663 , 66.59 , 100.00 , 35.67 , 10
664 , 70.16 , 100.00 , 35.67 , 10
665 , 73.99 , 100.00 , 35.67 , 10
666 , 76.54 , 100.00 , 35.67 , 10
667 , 79.34 , 100.00 , 35.67 , 10
668 , 82.41 , 100.00 , 35.67 , 10
669 , 84.45 , 100.00 , 35.67 , 10
670 , 87.25 , 100.00 , 35.67 , 10
671 , 89.81 , 100.00 , 35.67 , 10
672 , 92.36 , 100.00 , 35.67 , 10
673 , 94.40 , 100.00 , 35.67 , 10
Denaturing DNA Now
674 , 96.18 , 97.01 , 35.67 , 10
675 , 98.23 , 83.42 , 35.67 , 10
676 , 98.48 , 67.02 , 35.67 , 10
677 , 99.76 , 62.99 , 35.67 , 10
678 , 99.25 , 51.18 , 35.67 , 10
679 , 98.74 , 52.13 , 35.67 , 10
680 , 97.72 , 53.33 , 35.67 , 10
681 , 97.20 , 58.62 , 35.67 , 10
682 , 97.20 , 60.59 , 35.67 , 10
683 , 96.95 , 58.99 , 35.67 , 10
Going to Extention Temperature
684 , 96.95 , 58.99 , 35.67 , 10
685 , 95.93 , 58.99 , 35.67 , 10
686 , 93.38 , 58.99 , 35.67 , 10
687 , 90.57 , 58.99 , 35.67 , 10
688 , 87.00 , 58.99 , 35.67 , 10
689 , 83.17 , 58.99 , 35.67 , 10
690 , 79.85 , 58.99 , 35.67 , 10
691 , 75.77 , 58.99 , 35.67 , 10
692 , 72.97 , 58.99 , 35.67 , 10
693 , 69.39 , 58.99 , 35.67 , 10
694 , 66.59 , 58.99 , 35.67 , 10
695 , 64.04 , 58.99 , 35.67 , 10
696 , 60.72 , 58.99 , 35.67 , 10
Extending DNA Now
697 , 58.68 , 58.99 , 50.00 , 10
698 , 56.64 , 58.99 , 50.00 , 10
699 , 55.62 , 58.99 , 50.00 , 10
700 , 56.38 , 58.99 , 50.00 , 10
701 , 56.89 , 58.99 , 50.00 , 10
702 , 57.15 , 58.99 , 50.00 , 10
703 , 58.17 , 58.99 , 50.00 , 10
704 , 58.42 , 58.99 , 50.00 , 10
705 , 58.93 , 58.99 , 50.00 , 10
706 , 59.95 , 58.99 , 50.00 , 10
707 , 60.72 , 58.99 , 50.00 , 10
708 , 60.97 , 58.99 , 50.00 , 10
709 , 61.99 , 58.99 , 50.00 , 10
710 , 62.50 , 58.99 , 50.00 , 10
711 , 63.27 , 58.99 , 46.22 , 10
712 , 63.27 , 58.99 , 40.22 , 10
713 , 64.04 , 58.99 , 39.59 , 10
714 , 63.78 , 58.99 , 33.21 , 10
715 , 64.29 , 58.99 , 34.11 , 10
716 , 64.04 , 58.99 , 29.39 , 10
717 , 62.76 , 58.99 , 30.16 , 10
718 , 62.50 , 58.99 , 38.71 , 10
719 , 63.01 , 58.99 , 40.24 , 10
720 , 62.50 , 58.99 , 36.16 , 10
721 , 62.25 , 58.99 , 39.48 , 10
722 , 62.50 , 58.99 , 41.14 , 10
723 , 62.50 , 58.99 , 39.11 , 10
724 , 62.50 , 58.99 , 38.85 , 10
725 , 63.01 , 58.99 , 38.60 , 10
726 , 62.76 , 58.99 , 34.52 , 10
727 , 63.27 , 58.99 , 34.52 , 10
Going to Denaturing Temperature
728 , 62.76 , 100.00 , 34.52 , 11
729 , 63.78 , 100.00 , 34.52 , 11
730 , 66.59 , 100.00 , 34.52 , 11
731 , 69.65 , 100.00 , 34.52 , 11
732 , 73.48 , 100.00 , 34.52 , 11
733 , 76.28 , 100.00 , 34.52 , 11
734 , 78.83 , 100.00 , 34.52 , 11
735 , 81.39 , 100.00 , 34.52 , 11
736 , 84.45 , 100.00 , 34.52 , 11
737 , 86.49 , 100.00 , 34.52 , 11
738 , 89.04 , 100.00 , 34.52 , 11
739 , 90.83 , 100.00 , 34.52 , 11
740 , 92.61 , 100.00 , 34.52 , 11
741 , 95.16 , 100.00 , 34.52 , 11
Denaturing DNA Now
742 , 96.44 , 91.27 , 34.52 , 11
743 , 97.72 , 81.12 , 34.52 , 11
744 , 98.23 , 70.33 , 34.52 , 11
745 , 98.99 , 64.65 , 34.52 , 11
746 , 98.74 , 56.80 , 34.52 , 11
747 , 98.23 , 56.21 , 34.52 , 11
748 , 97.72 , 57.67 , 34.52 , 11
749 , 96.95 , 59.39 , 34.52 , 11
750 , 96.69 , 63.27 , 34.52 , 11
751 , 96.44 , 63.71 , 34.52 , 11
Going to Extention Temperature
752 , 95.93 , 63.71 , 34.52 , 11
753 , 95.16 , 63.71 , 34.52 , 11
754 , 92.61 , 63.71 , 34.52 , 11
755 , 89.30 , 63.71 , 34.52 , 11
756 , 85.98 , 63.71 , 34.52 , 11
757 , 82.66 , 63.71 , 34.52 , 11
758 , 79.09 , 63.71 , 34.52 , 11
759 , 75.52 , 63.71 , 34.52 , 11
760 , 71.43 , 63.71 , 34.52 , 11
761 , 69.14 , 63.71 , 34.52 , 11
762 , 66.33 , 63.71 , 34.52 , 11
763 , 63.27 , 63.71 , 34.52 , 11
764 , 60.97 , 63.71 , 34.52 , 11
Extending DNA Now
765 , 58.17 , 63.71 , 50.00 , 11
766 , 56.38 , 63.71 , 50.00 , 11
767 , 55.62 , 63.71 , 50.00 , 11
768 , 55.62 , 63.71 , 50.00 , 11
769 , 56.64 , 63.71 , 50.00 , 11
770 , 56.89 , 63.71 , 50.00 , 11
771 , 57.40 , 63.71 , 50.00 , 11
772 , 58.42 , 63.71 , 50.00 , 11
773 , 58.68 , 63.71 , 50.00 , 11
774 , 59.95 , 63.71 , 50.00 , 11
775 , 60.46 , 63.71 , 50.00 , 11
776 , 60.72 , 63.71 , 50.00 , 11
777 , 61.99 , 63.71 , 50.00 , 11
778 , 61.74 , 63.71 , 50.00 , 11
779 , 62.50 , 63.71 , 50.00 , 11
780 , 63.27 , 63.71 , 46.22 , 11
781 , 64.29 , 63.71 , 40.22 , 11
782 , 64.29 , 63.71 , 31.93 , 11
783 , 64.04 , 63.71 , 30.79 , 11
784 , 64.04 , 63.71 , 31.56 , 11
785 , 63.78 , 63.71 , 30.54 , 11
786 , 62.76 , 63.71 , 31.43 , 11
787 , 62.25 , 63.71 , 38.20 , 11
788 , 62.25 , 63.71 , 41.65 , 11
789 , 62.25 , 63.71 , 41.52 , 11
790 , 62.50 , 63.71 , 41.40 , 11
791 , 62.76 , 63.71 , 39.36 , 11
792 , 63.27 , 63.71 , 37.19 , 11
793 , 62.76 , 63.71 , 32.98 , 11
794 , 62.50 , 63.71 , 36.18 , 11
795 , 63.01 , 63.71 , 36.18 , 11
Going to Denaturing Temperature
796 , 63.01 , 100.00 , 36.18 , 12
797 , 63.78 , 100.00 , 36.18 , 12
798 , 66.33 , 100.00 , 36.18 , 12
799 , 70.16 , 100.00 , 36.18 , 12
800 , 73.22 , 100.00 , 36.18 , 12
801 , 76.03 , 100.00 , 36.18 , 12
802 , 79.60 , 100.00 , 36.18 , 12
803 , 82.41 , 100.00 , 36.18 , 12
804 , 84.45 , 100.00 , 36.18 , 12
805 , 87.00 , 100.00 , 36.18 , 12
806 , 89.30 , 100.00 , 36.18 , 12
807 , 91.85 , 100.00 , 36.18 , 12
808 , 93.38 , 100.00 , 36.18 , 12
809 , 95.93 , 100.00 , 36.18 , 12
Denaturing DNA Now
810 , 97.46 , 85.53 , 36.18 , 12
811 , 98.48 , 73.08 , 36.18 , 12
812 , 98.74 , 63.70 , 36.18 , 12
813 , 98.99 , 59.55 , 36.18 , 12
814 , 99.50 , 55.26 , 36.18 , 12
815 , 98.74 , 48.94 , 36.18 , 12
816 , 97.97 , 51.93 , 36.18 , 12
817 , 97.20 , 55.30 , 36.18 , 12
818 , 96.69 , 59.06 , 36.18 , 12
819 , 96.44 , 61.28 , 36.18 , 12
Going to Extention Temperature
820 , 96.18 , 61.28 , 36.18 , 12
821 , 95.42 , 61.28 , 36.18 , 12
822 , 93.12 , 61.28 , 36.18 , 12
823 , 90.06 , 61.28 , 36.18 , 12
824 , 86.49 , 61.28 , 36.18 , 12
825 , 82.92 , 61.28 , 36.18 , 12
826 , 78.83 , 61.28 , 36.18 , 12
827 , 75.01 , 61.28 , 36.18 , 12
828 , 72.46 , 61.28 , 36.18 , 12
829 , 69.39 , 61.28 , 36.18 , 12
830 , 66.08 , 61.28 , 36.18 , 12
831 , 63.78 , 61.28 , 36.18 , 12
832 , 60.97 , 61.28 , 36.18 , 12
Extending DNA Now
833 , 57.91 , 61.28 , 50.00 , 12
834 , 56.13 , 61.28 , 50.00 , 12
835 , 55.62 , 61.28 , 50.00 , 12
836 , 56.13 , 61.28 , 50.00 , 12
837 , 56.64 , 61.28 , 50.00 , 12
838 , 57.15 , 61.28 , 50.00 , 12
839 , 57.66 , 61.28 , 50.00 , 12
840 , 57.91 , 61.28 , 50.00 , 12
841 , 58.68 , 61.28 , 50.00 , 12
842 , 60.21 , 61.28 , 50.00 , 12
843 , 60.72 , 61.28 , 50.00 , 12
844 , 61.48 , 61.28 , 50.00 , 12
845 , 61.99 , 61.28 , 50.00 , 12
846 , 62.76 , 61.28 , 50.00 , 12
847 , 63.53 , 61.28 , 44.30 , 12
848 , 64.04 , 61.28 , 38.18 , 12
850 , 64.29 , 61.28 , 33.59 , 12
851 , 64.04 , 61.28 , 30.66 , 12
852 , 64.04 , 61.28 , 31.43 , 12
853 , 63.27 , 61.28 , 30.41 , 12
854 , 63.53 , 61.28 , 35.13 , 12
855 , 62.25 , 61.28 , 32.58 , 12
856 , 62.76 , 61.28 , 41.39 , 12
857 , 62.76 , 61.28 , 37.44 , 12
858 , 63.27 , 61.28 , 37.06 , 12
859 , 63.01 , 61.28 , 32.85 , 12
860 , 63.53 , 61.28 , 34.13 , 12
861 , 63.01 , 61.28 , 29.80 , 12
862 , 62.76 , 61.28 , 32.86 , 12
863 , 61.99 , 61.28 , 32.86 , 12
Going to Denaturing Temperature
864 , 62.25 , 100.00 , 32.86 , 13
865 , 62.50 , 100.00 , 32.86 , 13
866 , 65.57 , 100.00 , 32.86 , 13
867 , 69.65 , 100.00 , 32.86 , 13
868 , 73.22 , 100.00 , 32.86 , 13
869 , 76.03 , 100.00 , 32.86 , 13
870 , 78.83 , 100.00 , 32.86 , 13
871 , 81.39 , 100.00 , 32.86 , 13
872 , 84.19 , 100.00 , 32.86 , 13
873 , 86.74 , 100.00 , 32.86 , 13
874 , 89.04 , 100.00 , 32.86 , 13
875 , 91.08 , 100.00 , 32.86 , 13
876 , 93.38 , 100.00 , 32.86 , 13
877 , 95.16 , 100.00 , 32.86 , 13
Denaturing DNA Now
878 , 97.20 , 91.27 , 32.86 , 13
879 , 98.48 , 75.38 , 32.86 , 13
880 , 98.99 , 64.21 , 32.86 , 13
881 , 99.25 , 58.14 , 32.86 , 13
882 , 98.99 , 53.73 , 32.86 , 13
883 , 97.72 , 53.02 , 32.86 , 13
884 , 96.95 , 60.10 , 32.86 , 13
885 , 96.95 , 63.98 , 32.86 , 13
886 , 96.44 , 62.50 , 32.86 , 13
887 , 96.95 , 64.86 , 32.86 , 13
Going to Extention Temperature
888 , 96.95 , 64.86 , 32.86 , 13
889 , 96.18 , 64.86 , 32.86 , 13
890 , 93.89 , 64.86 , 32.86 , 13
891 , 90.57 , 64.86 , 32.86 , 13
892 , 87.25 , 64.86 , 32.86 , 13
893 , 83.43 , 64.86 , 32.86 , 13
894 , 79.60 , 64.86 , 32.86 , 13
895 , 76.03 , 64.86 , 32.86 , 13
896 , 72.46 , 64.86 , 32.86 , 13
897 , 69.65 , 64.86 , 32.86 , 13
898 , 66.59 , 64.86 , 32.86 , 13
899 , 64.04 , 64.86 , 32.86 , 13
900 , 60.97 , 64.86 , 32.86 , 13
Extending DNA Now
901 , 58.68 , 64.86 , 50.00 , 13
902 , 56.13 , 64.86 , 50.00 , 13
903 , 55.62 , 64.86 , 50.00 , 13
904 , 55.87 , 64.86 , 50.00 , 13
905 , 56.38 , 64.86 , 50.00 , 13
906 , 57.15 , 64.86 , 50.00 , 13
907 , 56.89 , 64.86 , 50.00 , 13
908 , 58.17 , 64.86 , 50.00 , 13
909 , 58.68 , 64.86 , 50.00 , 13
910 , 59.44 , 64.86 , 50.00 , 13
911 , 59.95 , 64.86 , 50.00 , 13
912 , 60.72 , 64.86 , 50.00 , 13
913 , 60.97 , 64.86 , 50.00 , 13
914 , 61.99 , 64.86 , 50.00 , 13
915 , 62.76 , 64.86 , 50.00 , 13
916 , 63.27 , 64.86 , 44.30 , 13
917 , 63.53 , 64.86 , 40.09 , 13
918 , 64.29 , 64.86 , 37.55 , 13
919 , 64.29 , 64.86 , 31.04 , 13
920 , 64.29 , 64.86 , 29.90 , 13
921 , 64.04 , 64.86 , 28.75 , 13
922 , 63.53 , 64.86 , 29.52 , 13
923 , 62.76 , 64.86 , 32.33 , 13
924 , 62.50 , 64.86 , 37.31 , 13
925 , 62.50 , 64.86 , 38.84 , 13
926 , 61.74 , 64.86 , 38.59 , 13
927 , 62.50 , 64.86 , 44.08 , 13
928 , 62.76 , 64.86 , 38.47 , 13
929 , 62.76 , 64.86 , 36.30 , 13
930 , 63.01 , 64.86 , 35.92 , 13
931 , 63.27 , 64.86 , 35.92 , 13
Going to Denaturing Temperature
932 , 63.01 , 100.00 , 35.92 , 14
933 , 64.04 , 100.00 , 35.92 , 14
934 , 67.10 , 100.00 , 35.92 , 14
935 , 70.67 , 100.00 , 35.92 , 14
936 , 73.48 , 100.00 , 35.92 , 14
937 , 76.79 , 100.00 , 35.92 , 14
938 , 79.60 , 100.00 , 35.92 , 14
939 , 82.15 , 100.00 , 35.92 , 14
940 , 84.70 , 100.00 , 35.92 , 14
941 , 87.25 , 100.00 , 35.92 , 14
942 , 88.79 , 100.00 , 35.92 , 14
943 , 91.34 , 100.00 , 35.92 , 14
944 , 93.12 , 100.00 , 35.92 , 14
945 , 95.16 , 100.00 , 35.92 , 14
Denaturing DNA Now
946 , 96.44 , 91.27 , 35.92 , 14
947 , 98.99 , 81.12 , 35.92 , 14
948 , 99.25 , 60.77 , 35.92 , 14
949 , 99.76 , 56.36 , 35.92 , 14
950 , 99.25 , 49.91 , 35.92 , 14
951 , 98.23 , 50.86 , 35.92 , 14
952 , 97.46 , 55.89 , 35.92 , 14
953 , 96.44 , 59.51 , 35.92 , 14
954 , 95.67 , 65.44 , 35.92 , 14
955 , 95.93 , 69.96 , 35.92 , 14
Going to Extention Temperature
956 , 96.18 , 69.96 , 35.92 , 14
957 , 94.91 , 69.96 , 35.92 , 14
958 , 92.61 , 69.96 , 35.92 , 14
959 , 89.55 , 69.96 , 35.92 , 14
960 , 86.23 , 69.96 , 35.92 , 14
961 , 82.15 , 69.96 , 35.92 , 14
962 , 78.83 , 69.96 , 35.92 , 14
963 , 75.26 , 69.96 , 35.92 , 14
964 , 71.95 , 69.96 , 35.92 , 14
965 , 68.88 , 69.96 , 35.92 , 14
966 , 65.57 , 69.96 , 35.92 , 14
967 , 63.53 , 69.96 , 35.92 , 14
968 , 60.72 , 69.96 , 35.92 , 14
Extending DNA Now
969 , 58.17 , 69.96 , 50.00 , 14
970 , 56.13 , 69.96 , 50.00 , 14
971 , 55.36 , 69.96 , 50.00 , 14
972 , 55.62 , 69.96 , 50.00 , 14
973 , 55.87 , 69.96 , 50.00 , 14
974 , 56.13 , 69.96 , 50.00 , 14
975 , 57.15 , 69.96 , 50.00 , 14
976 , 57.91 , 69.96 , 50.00 , 14
977 , 58.68 , 69.96 , 50.00 , 14
978 , 59.70 , 69.96 , 50.00 , 14
979 , 59.70 , 69.96 , 50.00 , 14
980 , 60.97 , 69.96 , 50.00 , 14
981 , 61.74 , 69.96 , 50.00 , 14
982 , 62.25 , 69.96 , 50.00 , 14
983 , 62.50 , 69.96 , 48.13 , 14
984 , 63.27 , 69.96 , 46.09 , 14
985 , 63.78 , 69.96 , 40.10 , 14
986 , 64.29 , 69.96 , 35.64 , 14
987 , 63.27 , 69.96 , 30.92 , 14
988 , 63.53 , 69.96 , 37.43 , 14
989 , 63.78 , 69.96 , 34.88 , 14
990 , 63.53 , 69.96 , 32.20 , 14
991 , 63.01 , 69.96 , 33.23 , 14
992 , 63.01 , 69.96 , 36.29 , 14
993 , 62.25 , 69.96 , 35.78 , 14
994 , 62.25 , 69.96 , 41.02 , 14
995 , 62.25 , 69.96 , 40.89 , 14
996 , 62.50 , 69.96 , 40.77 , 14
997 , 62.76 , 69.96 , 38.73 , 14
998 , 62.76 , 69.96 , 36.56 , 14
999 , 62.76 , 69.96 , 36.56 , 14
Going to Denaturing Temperature
1000 , 62.25 , 100.00 , 36.56 , 15
1001 , 63.53 , 100.00 , 36.56 , 15
1002 , 66.33 , 100.00 , 36.56 , 15
1003 , 70.16 , 100.00 , 36.56 , 15
1004 , 73.22 , 100.00 , 36.56 , 15
1005 , 76.54 , 100.00 , 36.56 , 15
1006 , 78.83 , 100.00 , 36.56 , 15
1007 , 81.64 , 100.00 , 36.56 , 15
1008 , 84.45 , 100.00 , 36.56 , 15
1009 , 86.23 , 100.00 , 36.56 , 15
1010 , 88.53 , 100.00 , 36.56 , 15
1011 , 91.08 , 100.00 , 36.56 , 15
1012 , 92.87 , 100.00 , 36.56 , 15
1013 , 94.91 , 100.00 , 36.56 , 15
Denaturing DNA Now
1014 , 96.44 , 93.19 , 36.56 , 15
1015 , 98.23 , 81.25 , 36.56 , 15
1016 , 98.99 , 66.63 , 36.56 , 15
1017 , 98.74 , 58.78 , 36.56 , 15
1018 , 98.74 , 58.20 , 36.56 , 15
1019 , 97.97 , 55.83 , 36.56 , 15
1020 , 97.46 , 59.20 , 36.56 , 15
1021 , 96.44 , 61.05 , 36.56 , 15
1022 , 96.44 , 66.97 , 36.56 , 15
1023 , 96.44 , 65.75 , 36.56 , 15
Going to Extention Temperature
1024 , 95.93 , 65.75 , 36.56 , 15
1025 , 95.67 , 65.75 , 36.56 , 15
1026 , 92.87 , 65.75 , 36.56 , 15
1027 , 89.81 , 65.75 , 36.56 , 15
1028 , 86.23 , 65.75 , 36.56 , 15
1029 , 82.15 , 65.75 , 36.56 , 15
1030 , 78.83 , 65.75 , 36.56 , 15
1031 , 75.01 , 65.75 , 36.56 , 15
1032 , 71.95 , 65.75 , 36.56 , 15
1033 , 68.63 , 65.75 , 36.56 , 15
1034 , 66.08 , 65.75 , 36.56 , 15
1035 , 62.76 , 65.75 , 36.56 , 15
1036 , 60.46 , 65.75 , 36.56 , 15
Extending DNA Now
1037 , 57.91 , 65.75 , 50.00 , 15
1038 , 56.13 , 65.75 , 50.00 , 15
1039 , 55.11 , 65.75 , 50.00 , 15
1040 , 55.62 , 65.75 , 50.00 , 15
1041 , 55.87 , 65.75 , 50.00 , 15
1042 , 56.64 , 65.75 , 50.00 , 15
1043 , 57.40 , 65.75 , 50.00 , 15
1044 , 57.91 , 65.75 , 50.00 , 15
1045 , 58.68 , 65.75 , 50.00 , 15
1046 , 59.19 , 65.75 , 50.00 , 15
1047 , 60.46 , 65.75 , 50.00 , 15
1048 , 61.23 , 65.75 , 50.00 , 15
1049 , 61.99 , 65.75 , 50.00 , 15
1050 , 62.50 , 65.75 , 50.00 , 15
1051 , 63.01 , 65.75 , 46.22 , 15
1052 , 63.27 , 65.75 , 42.14 , 15
1053 , 64.04 , 65.75 , 39.71 , 15
1054 , 64.04 , 65.75 , 33.34 , 15
1055 , 63.78 , 65.75 , 32.32 , 15
1056 , 63.53 , 65.75 , 33.22 , 15
1057 , 63.27 , 65.75 , 34.24 , 15
1058 , 63.01 , 65.75 , 35.39 , 15
1059 , 63.27 , 65.75 , 36.67 , 15
1060 , 62.76 , 65.75 , 34.25 , 15
1061 , 62.50 , 65.75 , 37.44 , 15
1062 , 62.50 , 65.75 , 38.98 , 15
1063 , 61.99 , 65.75 , 38.72 , 15
1064 , 62.50 , 65.75 , 42.30 , 15
1065 , 61.99 , 65.75 , 38.47 , 15
1066 , 62.25 , 65.75 , 42.05 , 15
1067 , 62.76 , 65.75 , 42.05 , 15
Going to Denaturing Temperature
1068 , 62.76 , 100.00 , 42.05 , 16
1069 , 63.53 , 100.00 , 42.05 , 16
1070 , 67.10 , 100.00 , 42.05 , 16
1071 , 70.92 , 100.00 , 42.05 , 16
1072 , 73.99 , 100.00 , 42.05 , 16
1073 , 76.79 , 100.00 , 42.05 , 16
1074 , 79.60 , 100.00 , 42.05 , 16
1075 , 82.15 , 100.00 , 42.05 , 16
1076 , 84.70 , 100.00 , 42.05 , 16
1077 , 86.74 , 100.00 , 42.05 , 16
1078 , 89.04 , 100.00 , 42.05 , 16
1079 , 91.34 , 100.00 , 42.05 , 16
1080 , 93.12 , 100.00 , 42.05 , 16
1081 , 94.91 , 100.00 , 42.05 , 16
Denaturing DNA Now
1082 , 97.20 , 93.19 , 42.05 , 16
1083 , 98.23 , 75.51 , 42.05 , 16
1084 , 99.25 , 66.25 , 42.05 , 16
1085 , 99.25 , 56.48 , 42.05 , 16
1086 , 98.23 , 53.86 , 42.05 , 16
1087 , 97.72 , 58.89 , 42.05 , 16
1088 , 96.69 , 60.61 , 42.05 , 16
1089 , 95.93 , 66.40 , 42.05 , 16
1090 , 96.18 , 70.80 , 42.05 , 16
1091 , 96.44 , 67.92 , 42.05 , 16
Going to Extention Temperature
1092 , 96.44 , 67.92 , 42.05 , 16
1093 , 95.67 , 67.92 , 42.05 , 16
1094 , 93.12 , 67.92 , 42.05 , 16
1095 , 90.06 , 67.92 , 42.05 , 16
1096 , 86.49 , 67.92 , 42.05 , 16
1097 , 82.66 , 67.92 , 42.05 , 16
1098 , 79.09 , 67.92 , 42.05 , 16
1099 , 75.26 , 67.92 , 42.05 , 16
1100 , 72.20 , 67.92 , 42.05 , 16
1101 , 68.88 , 67.92 , 42.05 , 16
1102 , 66.08 , 67.92 , 42.05 , 16
1103 , 63.27 , 67.92 , 42.05 , 16
1104 , 60.72 , 67.92 , 42.05 , 16
Extending DNA Now
1105 , 58.42 , 67.92 , 50.00 , 16
1106 , 56.13 , 67.92 , 50.00 , 16
1107 , 55.36 , 67.92 , 50.00 , 16
1108 , 54.85 , 67.92 , 50.00 , 16
1109 , 55.36 , 67.92 , 50.00 , 16
1110 , 56.13 , 67.92 , 50.00 , 16
1111 , 56.89 , 67.92 , 50.00 , 16
1112 , 58.17 , 67.92 , 50.00 , 16
1113 , 58.68 , 67.92 , 50.00 , 16
1114 , 59.44 , 67.92 , 50.00 , 16
1115 , 59.70 , 67.92 , 50.00 , 16
1116 , 60.97 , 67.92 , 50.00 , 16
1117 , 60.97 , 67.92 , 50.00 , 16
1118 , 61.48 , 67.92 , 50.00 , 16
1119 , 63.01 , 67.92 , 50.00 , 16
1120 , 63.01 , 67.92 , 42.39 , 16
1121 , 63.78 , 67.92 , 41.88 , 16
1122 , 64.04 , 67.92 , 35.63 , 16
1123 , 63.78 , 67.92 , 32.83 , 16
1124 , 63.78 , 67.92 , 33.72 , 16
1125 , 63.27 , 67.92 , 32.83 , 16
1126 , 63.27 , 67.92 , 35.77 , 16
1127 , 62.25 , 67.92 , 35.14 , 16
1128 , 63.01 , 67.92 , 42.16 , 16
1129 , 62.76 , 67.92 , 36.29 , 16
1130 , 63.01 , 67.92 , 37.70 , 16
1131 , 63.01 , 67.92 , 35.40 , 16
1132 , 62.25 , 67.92 , 34.90 , 16
1133 , 62.25 , 67.92 , 40.13 , 16
1134 , 62.25 , 67.92 , 40.00 , 16
1135 , 62.76 , 67.92 , 40.00 , 16
Going to Denaturing Temperature
1136 , 62.25 , 100.00 , 40.00 , 17
1137 , 64.04 , 100.00 , 40.00 , 17
1138 , 67.10 , 100.00 , 40.00 , 17
1139 , 70.67 , 100.00 , 40.00 , 17
1140 , 73.73 , 100.00 , 40.00 , 17
1141 , 76.79 , 100.00 , 40.00 , 17
1142 , 79.34 , 100.00 , 40.00 , 17
1143 , 81.90 , 100.00 , 40.00 , 17
1144 , 84.45 , 100.00 , 40.00 , 17
1145 , 86.49 , 100.00 , 40.00 , 17
1146 , 89.30 , 100.00 , 40.00 , 17
1147 , 91.08 , 100.00 , 40.00 , 17
1148 , 92.36 , 100.00 , 40.00 , 17
1149 , 94.91 , 100.00 , 40.00 , 17
Denaturing DNA Now
1150 , 96.69 , 93.19 , 40.00 , 17
1151 , 97.46 , 79.34 , 40.00 , 17
1152 , 98.48 , 72.25 , 40.00 , 17
1153 , 99.25 , 62.86 , 40.00 , 17
1154 , 98.99 , 54.88 , 40.00 , 17
1155 , 98.48 , 54.17 , 40.00 , 17
1156 , 97.46 , 55.50 , 40.00 , 17
1157 , 96.69 , 60.92 , 40.00 , 17
1158 , 95.93 , 64.93 , 40.00 , 17
1159 , 95.42 , 69.32 , 40.00 , 17
Going to Extention Temperature
1160 , 95.67 , 69.32 , 40.00 , 17
1161 , 95.16 , 69.32 , 40.00 , 17
1162 , 92.87 , 69.32 , 40.00 , 17
1163 , 89.55 , 69.32 , 40.00 , 17
1164 , 85.98 , 69.32 , 40.00 , 17
1165 , 82.15 , 69.32 , 40.00 , 17
1166 , 78.83 , 69.32 , 40.00 , 17
1167 , 75.26 , 69.32 , 40.00 , 17
1168 , 71.95 , 69.32 , 40.00 , 17
1169 , 68.63 , 69.32 , 40.00 , 17
1170 , 65.82 , 69.32 , 40.00 , 17
1171 , 63.01 , 69.32 , 40.00 , 17
1172 , 60.46 , 69.32 , 40.00 , 17
Extending DNA Now
1173 , 58.17 , 69.32 , 50.00 , 17
1174 , 55.36 , 69.32 , 50.00 , 17
1175 , 55.11 , 69.32 , 50.00 , 17
1176 , 55.11 , 69.32 , 50.00 , 17
1177 , 55.87 , 69.32 , 50.00 , 17
1178 , 55.87 , 69.32 , 50.00 , 17
1179 , 56.89 , 69.32 , 50.00 , 17
1180 , 57.91 , 69.32 , 50.00 , 17
1181 , 58.68 , 69.32 , 50.00 , 17
1182 , 59.44 , 69.32 , 50.00 , 17
1183 , 60.21 , 69.32 , 50.00 , 17
1184 , 60.97 , 69.32 , 50.00 , 17
1185 , 60.97 , 69.32 , 50.00 , 17
1186 , 62.25 , 69.32 , 50.00 , 17
1187 , 62.76 , 69.32 , 48.13 , 17
1188 , 63.27 , 69.32 , 44.18 , 17
1189 , 63.53 , 69.32 , 39.97 , 17
1190 , 64.04 , 69.32 , 37.42 , 17
1191 , 64.29 , 69.32 , 32.83 , 17
1192 , 63.78 , 69.32 , 29.90 , 17
1193 , 63.27 , 69.32 , 32.58 , 17
1194 , 62.76 , 69.32 , 35.52 , 17
1195 , 62.50 , 69.32 , 38.71 , 17
1196 , 62.50 , 69.32 , 40.25 , 17
1197 , 62.25 , 69.32 , 39.99 , 17
1198 , 62.25 , 69.32 , 41.65 , 17
1199 , 61.99 , 69.32 , 41.53 , 17
1200 , 62.76 , 69.32 , 43.32 , 17
1201 , 62.76 , 69.32 , 37.58 , 17
1202 , 63.27 , 69.32 , 37.20 , 17
1203 , 63.27 , 69.32 , 37.20 , 17
Going to Denaturing Temperature
1204 , 63.27 , 100.00 , 37.20 , 18
1205 , 63.53 , 100.00 , 37.20 , 18
1206 , 67.10 , 100.00 , 37.20 , 18
1207 , 70.67 , 100.00 , 37.20 , 18
1208 , 73.48 , 100.00 , 37.20 , 18
1209 , 76.54 , 100.00 , 37.20 , 18
1210 , 79.09 , 100.00 , 37.20 , 18
1211 , 81.64 , 100.00 , 37.20 , 18
1212 , 83.94 , 100.00 , 37.20 , 18
1213 , 86.23 , 100.00 , 37.20 , 18
1214 , 88.27 , 100.00 , 37.20 , 18
1215 , 90.32 , 100.00 , 37.20 , 18
1216 , 92.36 , 100.00 , 37.20 , 18
1217 , 93.63 , 100.00 , 37.20 , 18
1218 , 95.67 , 100.00 , 37.20 , 18
Denaturing DNA Now
1219 , 97.46 , 87.44 , 37.20 , 18
1220 , 98.23 , 73.21 , 37.20 , 18
1221 , 98.74 , 65.74 , 37.20 , 18
1222 , 98.48 , 59.80 , 37.20 , 18
1223 , 98.23 , 59.35 , 37.20 , 18
1224 , 97.46 , 59.02 , 37.20 , 18
1225 , 96.69 , 62.65 , 37.20 , 18
1226 , 96.18 , 66.66 , 37.20 , 18
1227 , 95.67 , 69.14 , 37.20 , 18
1228 , 95.93 , 71.87 , 37.20 , 18
Going to Extention Temperature
1229 , 96.44 , 71.87 , 37.20 , 18
1230 , 95.16 , 71.87 , 37.20 , 18
1231 , 92.10 , 71.87 , 37.20 , 18
1232 , 89.30 , 71.87 , 37.20 , 18
1233 , 85.72 , 71.87 , 37.20 , 18
1234 , 82.15 , 71.87 , 37.20 , 18
1235 , 78.07 , 71.87 , 37.20 , 18
1236 , 75.01 , 71.87 , 37.20 , 18
1237 , 71.95 , 71.87 , 37.20 , 18
1238 , 68.37 , 71.87 , 37.20 , 18
1239 , 65.82 , 71.87 , 37.20 , 18
1240 , 63.01 , 71.87 , 37.20 , 18
1241 , 59.95 , 71.87 , 37.20 , 18
Extending DNA Now
1242 , 57.91 , 71.87 , 50.00 , 18
1243 , 55.87 , 71.87 , 50.00 , 18
1244 , 54.59 , 71.87 , 50.00 , 18
1245 , 55.11 , 71.87 , 50.00 , 18
1246 , 55.62 , 71.87 , 50.00 , 18
1247 , 55.87 , 71.87 , 50.00 , 18
1248 , 56.89 , 71.87 , 50.00 , 18
1249 , 57.40 , 71.87 , 50.00 , 18
1250 , 58.42 , 71.87 , 50.00 , 18
1251 , 58.93 , 71.87 , 50.00 , 18
1252 , 59.70 , 71.87 , 50.00 , 18
1253 , 60.46 , 71.87 , 50.00 , 18
1254 , 61.23 , 71.87 , 50.00 , 18
1255 , 61.74 , 71.87 , 50.00 , 18
1256 , 62.25 , 71.87 , 50.00 , 18
1257 , 63.27 , 71.87 , 48.13 , 18
1258 , 63.53 , 71.87 , 40.35 , 18
1259 , 63.53 , 71.87 , 37.80 , 18
1260 , 63.53 , 71.87 , 37.04 , 18
1261 , 63.78 , 71.87 , 36.28 , 18
1262 , 63.53 , 71.87 , 33.60 , 18
1263 , 63.01 , 71.87 , 34.62 , 18
1264 , 62.50 , 71.87 , 37.69 , 18
1265 , 62.76 , 71.87 , 41.01 , 18
1266 , 62.50 , 71.87 , 38.84 , 18
1267 , 62.25 , 71.87 , 40.38 , 18
1268 , 62.76 , 71.87 , 42.04 , 18
1269 , 62.76 , 71.87 , 38.08 , 18
1270 , 63.01 , 71.87 , 37.71 , 18
1271 , 62.50 , 71.87 , 35.41 , 18
1272 , 62.76 , 71.87 , 35.41 , 18
Going to Denaturing Temperature
1273 , 62.25 , 100.00 , 35.41 , 19
1274 , 63.78 , 100.00 , 35.41 , 19
1275 , 66.59 , 100.00 , 35.41 , 19
1276 , 70.16 , 100.00 , 35.41 , 19
1277 , 73.48 , 100.00 , 35.41 , 19
1278 , 76.54 , 100.00 , 35.41 , 19
1279 , 78.58 , 100.00 , 35.41 , 19
1280 , 81.64 , 100.00 , 35.41 , 19
1281 , 83.94 , 100.00 , 35.41 , 19
1282 , 85.98 , 100.00 , 35.41 , 19
1283 , 88.53 , 100.00 , 35.41 , 19
1284 , 90.06 , 100.00 , 35.41 , 19
1285 , 92.36 , 100.00 , 35.41 , 19
1286 , 94.14 , 100.00 , 35.41 , 19
Denaturing DNA Now
1287 , 96.18 , 98.93 , 35.41 , 19
1288 , 97.72 , 83.55 , 35.41 , 19
1289 , 97.72 , 70.97 , 35.41 , 19
1291 , 98.74 , 69.11 , 35.41 , 19
1292 , 97.97 , 59.60 , 35.41 , 19
1293 , 97.46 , 62.97 , 35.41 , 19
1294 , 96.95 , 64.82 , 35.41 , 19
1295 , 96.69 , 66.91 , 35.41 , 19
1296 , 96.69 , 67.35 , 35.41 , 19
Going to Extention Temperature
1297 , 96.44 , 67.35 , 35.41 , 19
1298 , 95.42 , 67.35 , 35.41 , 19
1299 , 92.87 , 67.35 , 35.41 , 19
1300 , 89.55 , 67.35 , 35.41 , 19
1301 , 85.98 , 67.35 , 35.41 , 19
1302 , 81.90 , 67.35 , 35.41 , 19
1303 , 78.58 , 67.35 , 35.41 , 19
1304 , 75.01 , 67.35 , 35.41 , 19
1305 , 71.43 , 67.35 , 35.41 , 19
1306 , 68.63 , 67.35 , 35.41 , 19
1307 , 65.57 , 67.35 , 35.41 , 19
1308 , 62.76 , 67.35 , 35.41 , 19
1309 , 59.70 , 67.35 , 35.41 , 19
Extending DNA Now
1310 , 57.91 , 67.35 , 50.00 , 19
1311 , 55.87 , 67.35 , 50.00 , 19
1312 , 54.59 , 67.35 , 50.00 , 19
1313 , 55.11 , 67.35 , 50.00 , 19
1314 , 55.62 , 67.35 , 50.00 , 19
1315 , 56.38 , 67.35 , 50.00 , 19
1316 , 57.15 , 67.35 , 50.00 , 19
1317 , 57.91 , 67.35 , 50.00 , 19
1318 , 58.42 , 67.35 , 50.00 , 19
1319 , 59.19 , 67.35 , 50.00 , 19
1320 , 59.95 , 67.35 , 50.00 , 19
1321 , 60.97 , 67.35 , 50.00 , 19
1322 , 60.97 , 67.35 , 50.00 , 19
1323 , 61.99 , 67.35 , 50.00 , 19
1324 , 61.74 , 67.35 , 50.00 , 19
1325 , 63.01 , 67.35 , 50.00 , 19
1326 , 63.53 , 67.35 , 42.39 , 19
1327 , 64.04 , 67.35 , 38.05 , 19
1328 , 64.04 , 67.35 , 33.46 , 19
1329 , 64.04 , 67.35 , 32.45 , 19
1330 , 63.27 , 67.35 , 31.43 , 19
1331 , 63.27 , 67.35 , 36.15 , 19
1332 , 62.76 , 67.35 , 35.52 , 19
1333 , 62.50 , 67.35 , 38.71 , 19
1334 , 61.99 , 67.35 , 40.24 , 19
1335 , 61.99 , 67.35 , 43.82 , 19
1336 , 62.25 , 67.35 , 43.82 , 19
1337 , 62.50 , 67.35 , 41.91 , 19
1338 , 62.76 , 67.35 , 39.87 , 19
1339 , 63.01 , 67.35 , 37.71 , 19
1340 , 63.01 , 67.35 , 37.71 , 19
Going to Denaturing Temperature
1341 , 62.25 , 100.00 , 37.71 , 20
1342 , 64.04 , 100.00 , 37.71 , 20
1343 , 67.35 , 100.00 , 37.71 , 20
1344 , 70.41 , 100.00 , 37.71 , 20
1345 , 73.99 , 100.00 , 37.71 , 20
1346 , 76.79 , 100.00 , 37.71 , 20
1347 , 79.60 , 100.00 , 37.71 , 20
1348 , 82.41 , 100.00 , 37.71 , 20
1349 , 84.70 , 100.00 , 37.71 , 20
1350 , 87.00 , 100.00 , 37.71 , 20
1351 , 89.04 , 100.00 , 37.71 , 20
1352 , 90.83 , 100.00 , 37.71 , 20
1353 , 92.87 , 100.00 , 37.71 , 20
1354 , 94.91 , 100.00 , 37.71 , 20
Denaturing DNA Now
1355 , 96.44 , 93.19 , 37.71 , 20
1356 , 98.23 , 81.25 , 37.71 , 20
1357 , 98.99 , 66.63 , 37.71 , 20
1358 , 98.74 , 58.78 , 37.71 , 20
1359 , 97.72 , 58.20 , 37.71 , 20
1360 , 97.20 , 63.48 , 37.71 , 20
1361 , 96.69 , 65.45 , 37.71 , 20
1362 , 96.18 , 67.68 , 37.71 , 20
1363 , 95.67 , 70.16 , 37.71 , 20
1364 , 95.67 , 72.89 , 37.71 , 20
Going to Extention Temperature
1365 , 95.93 , 72.89 , 37.71 , 20
1366 , 94.91 , 72.89 , 37.71 , 20
1367 , 92.61 , 72.89 , 37.71 , 20
1368 , 89.30 , 72.89 , 37.71 , 20
1369 , 85.47 , 72.89 , 37.71 , 20
1370 , 81.90 , 72.89 , 37.71 , 20
1371 , 78.07 , 72.89 , 37.71 , 20
1372 , 74.50 , 72.89 , 37.71 , 20
1373 , 71.18 , 72.89 , 37.71 , 20
1374 , 67.61 , 72.89 , 37.71 , 20
1375 , 65.31 , 72.89 , 37.71 , 20
1376 , 62.50 , 72.89 , 37.71 , 20
1377 , 59.44 , 72.89 , 37.71 , 20
Extending DNA Now
1378 , 57.40 , 72.89 , 50.00 , 20
1379 , 54.59 , 72.89 , 50.00 , 20
1380 , 54.08 , 72.89 , 50.00 , 20
1381 , 54.59 , 72.89 , 50.00 , 20
1382 , 55.11 , 72.89 , 50.00 , 20
1383 , 56.13 , 72.89 , 50.00 , 20
1384 , 56.89 , 72.89 , 50.00 , 20
1385 , 57.66 , 72.89 , 50.00 , 20
1386 , 58.17 , 72.89 , 50.00 , 20
1387 , 58.93 , 72.89 , 50.00 , 20
1388 , 59.95 , 72.89 , 50.00 , 20
1389 , 59.95 , 72.89 , 50.00 , 20
1390 , 60.97 , 72.89 , 50.00 , 20
1391 , 62.25 , 72.89 , 50.00 , 20
1392 , 63.01 , 72.89 , 48.13 , 20
1393 , 63.53 , 72.89 , 42.26 , 20
1394 , 64.04 , 72.89 , 37.93 , 20
1395 , 64.55 , 72.89 , 33.34 , 20
1396 , 63.78 , 72.89 , 28.49 , 20
1397 , 63.53 , 72.89 , 32.96 , 20
1398 , 62.76 , 72.89 , 33.99 , 20
1399 , 62.25 , 72.89 , 38.96 , 20
1400 , 62.50 , 72.89 , 42.41 , 20
1401 , 62.50 , 72.89 , 40.37 , 20
1402 , 62.25 , 72.89 , 40.12 , 20
1403 , 62.50 , 72.89 , 41.78 , 20
1404 , 62.76 , 72.89 , 39.74 , 20
1405 , 62.76 , 72.89 , 37.58 , 20
1406 , 63.01 , 72.89 , 37.20 , 20
1407 , 62.76 , 72.89 , 34.90 , 20
1408 , 62.50 , 72.89 , 34.90 , 20
Going to Denaturing Temperature
1409 , 61.99 , 100.00 , 34.90 , 21
1410 , 63.01 , 100.00 , 34.90 , 21
1411 , 66.33 , 100.00 , 34.90 , 21
1412 , 70.41 , 100.00 , 34.90 , 21
1413 , 73.73 , 100.00 , 34.90 , 21
1414 , 76.79 , 100.00 , 34.90 , 21
1415 , 79.09 , 100.00 , 34.90 , 21
1416 , 81.90 , 100.00 , 34.90 , 21
1417 , 84.45 , 100.00 , 34.90 , 21
1418 , 87.00 , 100.00 , 34.90 , 21
1419 , 88.79 , 100.00 , 34.90 , 21
1420 , 90.83 , 100.00 , 34.90 , 21
1421 , 92.61 , 100.00 , 34.90 , 21
1422 , 93.63 , 100.00 , 34.90 , 21
1423 , 95.67 , 100.00 , 34.90 , 21
Denaturing DNA Now
1424 , 96.44 , 87.44 , 34.90 , 21
1425 , 98.74 , 80.87 , 34.90 , 21
1426 , 99.50 , 62.42 , 34.90 , 21
1427 , 99.25 , 54.32 , 34.90 , 21
1428 , 98.23 , 53.48 , 34.90 , 21
1429 , 97.46 , 58.51 , 34.90 , 21
1430 , 96.95 , 62.14 , 34.90 , 21
1431 , 95.93 , 64.23 , 34.90 , 21
1432 , 95.67 , 70.41 , 34.90 , 21
1433 , 95.93 , 71.36 , 34.90 , 21
Going to Extention Temperature
1434 , 95.93 , 71.36 , 34.90 , 21
1435 , 94.91 , 71.36 , 34.90 , 21
1436 , 92.61 , 71.36 , 34.90 , 21
1437 , 89.04 , 71.36 , 34.90 , 21
1438 , 85.72 , 71.36 , 34.90 , 21
1439 , 81.90 , 71.36 , 34.90 , 21
1440 , 77.56 , 71.36 , 34.90 , 21
1441 , 73.99 , 71.36 , 34.90 , 21
1442 , 70.92 , 71.36 , 34.90 , 21
1443 , 67.61 , 71.36 , 34.90 , 21
1444 , 64.29 , 71.36 , 34.90 , 21
1445 , 61.74 , 71.36 , 34.90 , 21
Extending DNA Now
1446 , 59.19 , 71.36 , 50.00 , 21
1447 , 57.15 , 71.36 , 50.00 , 21
1448 , 56.13 , 71.36 , 50.00 , 21
1449 , 56.38 , 71.36 , 50.00 , 21
1450 , 56.64 , 71.36 , 50.00 , 21
1451 , 57.15 , 71.36 , 50.00 , 21
1452 , 58.42 , 71.36 , 50.00 , 21
1453 , 58.93 , 71.36 , 50.00 , 21
1454 , 59.95 , 71.36 , 50.00 , 21
1455 , 60.46 , 71.36 , 50.00 , 21
1456 , 61.23 , 71.36 , 50.00 , 21
1457 , 61.74 , 71.36 , 50.00 , 21
1458 , 62.76 , 71.36 , 50.00 , 21
1459 , 63.01 , 71.36 , 44.30 , 21
1460 , 63.78 , 71.36 , 42.01 , 21
1461 , 63.78 , 71.36 , 35.76 , 21
1462 , 64.29 , 71.36 , 34.87 , 21
1463 , 63.78 , 71.36 , 30.15 , 21
1464 , 63.01 , 71.36 , 32.83 , 21
1465 , 62.76 , 71.36 , 37.69 , 21
1466 , 62.50 , 71.36 , 39.09 , 21
1467 , 62.25 , 71.36 , 40.63 , 21
1468 , 62.50 , 71.36 , 42.29 , 21
1469 , 62.25 , 71.36 , 40.25 , 21
1470 , 62.76 , 71.36 , 41.91 , 21
1471 , 62.50 , 71.36 , 37.96 , 21
1472 , 62.25 , 71.36 , 39.49 , 21
1473 , 62.25 , 71.36 , 41.15 , 21
1474 , 62.76 , 71.36 , 41.03 , 21
1475 , 63.01 , 71.36 , 37.08 , 21
1476 , 62.76 , 71.36 , 37.08 , 21
Going to Denaturing Temperature
1477 , 62.50 , 100.00 , 37.08 , 22
1478 , 64.04 , 100.00 , 37.08 , 22
1479 , 67.61 , 100.00 , 37.08 , 22
1480 , 70.67 , 100.00 , 37.08 , 22
1481 , 75.01 , 100.00 , 37.08 , 22
1482 , 77.81 , 100.00 , 37.08 , 22
1483 , 80.62 , 100.00 , 37.08 , 22
1484 , 83.17 , 100.00 , 37.08 , 22
1485 , 85.72 , 100.00 , 37.08 , 22
1486 , 87.76 , 100.00 , 37.08 , 22
1487 , 89.81 , 100.00 , 37.08 , 22
1488 , 92.10 , 100.00 , 37.08 , 22
1489 , 93.89 , 100.00 , 37.08 , 22
1490 , 95.16 , 100.00 , 37.08 , 22
Denaturing DNA Now
1491 , 97.20 , 91.27 , 37.08 , 22
1492 , 98.23 , 75.38 , 37.08 , 22
1493 , 99.25 , 66.12 , 37.08 , 22
1494 , 98.48 , 56.36 , 37.08 , 22
1495 , 97.46 , 59.47 , 37.08 , 22
1496 , 96.95 , 64.89 , 37.08 , 22
1497 , 95.93 , 66.99 , 37.08 , 22
1498 , 95.42 , 73.17 , 37.08 , 22
1499 , 95.93 , 76.03 , 37.08 , 22
1500 , 96.18 , 71.49 , 37.08 , 22
Going to Extention Temperature
1501 , 95.93 , 71.49 , 37.08 , 22
1502 , 95.42 , 71.49 , 37.08 , 22
1503 , 92.61 , 71.49 , 37.08 , 22
1504 , 89.04 , 71.49 , 37.08 , 22
1505 , 85.47 , 71.49 , 37.08 , 22
1506 , 81.64 , 71.49 , 37.08 , 22
1507 , 77.81 , 71.49 , 37.08 , 22
1508 , 73.99 , 71.49 , 37.08 , 22
1509 , 70.92 , 71.49 , 37.08 , 22
1510 , 67.61 , 71.49 , 37.08 , 22
1511 , 64.80 , 71.49 , 37.08 , 22
1512 , 61.74 , 71.49 , 37.08 , 22
Extending DNA Now
1513 , 59.19 , 71.49 , 50.00 , 22
1514 , 56.64 , 71.49 , 50.00 , 22
1515 , 55.87 , 71.49 , 50.00 , 22
1516 , 56.38 , 71.49 , 50.00 , 22
1517 , 56.89 , 71.49 , 50.00 , 22
1518 , 57.40 , 71.49 , 50.00 , 22
1519 , 58.17 , 71.49 , 50.00 , 22
1520 , 59.19 , 71.49 , 50.00 , 22
1521 , 59.70 , 71.49 , 50.00 , 22
1522 , 60.21 , 71.49 , 50.00 , 22
1523 , 60.97 , 71.49 , 50.00 , 22
1524 , 62.25 , 71.49 , 50.00 , 22
1525 , 62.50 , 71.49 , 48.13 , 22
1526 , 63.27 , 71.49 , 46.09 , 22
1527 , 63.53 , 71.49 , 40.10 , 22
1528 , 63.27 , 71.49 , 37.55 , 22
1529 , 64.04 , 71.49 , 38.70 , 22
1530 , 63.53 , 71.49 , 32.32 , 22
1531 , 63.27 , 71.49 , 35.13 , 22
1532 , 62.76 , 71.49 , 36.28 , 22
1533 , 63.01 , 71.49 , 39.48 , 22
1534 , 62.76 , 71.49 , 37.18 , 22
1535 , 62.50 , 71.49 , 38.59 , 22
1536 , 62.76 , 71.49 , 40.12 , 22
1537 , 62.76 , 71.49 , 37.96 , 22
1538 , 62.50 , 71.49 , 37.58 , 22
1539 , 62.50 , 71.49 , 39.11 , 22
1540 , 62.50 , 71.49 , 38.86 , 22
1541 , 62.50 , 71.49 , 38.61 , 22
1542 , 62.25 , 71.49 , 38.35 , 22
1543 , 62.50 , 71.49 , 38.35 , 22
Going to Denaturing Temperature
1544 , 62.25 , 100.00 , 38.35 , 23
1545 , 63.53 , 100.00 , 38.35 , 23
1546 , 66.84 , 100.00 , 38.35 , 23
1547 , 70.67 , 100.00 , 38.35 , 23
1548 , 74.24 , 100.00 , 38.35 , 23
1549 , 77.30 , 100.00 , 38.35 , 23
1550 , 80.11 , 100.00 , 38.35 , 23
1551 , 82.66 , 100.00 , 38.35 , 23
1552 , 85.21 , 100.00 , 38.35 , 23
1553 , 86.23 , 100.00 , 38.35 , 23
1554 , 89.55 , 100.00 , 38.35 , 23
1555 , 91.34 , 100.00 , 38.35 , 23
1556 , 93.38 , 100.00 , 38.35 , 23
1557 , 94.91 , 100.00 , 38.35 , 23
Denaturing DNA Now
1558 , 95.67 , 93.19 , 38.35 , 23
1559 , 97.72 , 86.99 , 38.35 , 23
1560 , 99.25 , 70.84 , 38.35 , 23
1561 , 99.50 , 57.50 , 38.35 , 23
1562 , 98.74 , 52.97 , 38.35 , 23
1563 , 97.72 , 55.96 , 38.35 , 23
1564 , 96.69 , 61.24 , 38.35 , 23
1565 , 95.93 , 67.04 , 38.35 , 23
1566 , 95.93 , 71.43 , 38.35 , 23
1567 , 95.67 , 70.47 , 38.35 , 23
Going to Extention Temperature
1568 , 96.18 , 70.47 , 38.35 , 23
1569 , 95.42 , 70.47 , 38.35 , 23
1570 , 92.36 , 70.47 , 38.35 , 23
1571 , 89.30 , 70.47 , 38.35 , 23
1572 , 85.21 , 70.47 , 38.35 , 23
1573 , 81.39 , 70.47 , 38.35 , 23
1574 , 77.56 , 70.47 , 38.35 , 23
1575 , 73.99 , 70.47 , 38.35 , 23
1576 , 70.92 , 70.47 , 38.35 , 23
1577 , 67.86 , 70.47 , 38.35 , 23
1578 , 64.29 , 70.47 , 38.35 , 23
1579 , 61.48 , 70.47 , 38.35 , 23
Extending DNA Now
1580 , 59.44 , 70.47 , 50.00 , 23
1581 , 56.64 , 70.47 , 50.00 , 23
1582 , 56.13 , 70.47 , 50.00 , 23
1583 , 56.38 , 70.47 , 50.00 , 23
1584 , 56.89 , 70.47 , 50.00 , 23
1585 , 57.66 , 70.47 , 50.00 , 23
1586 , 58.68 , 70.47 , 50.00 , 23
1587 , 59.19 , 70.47 , 50.00 , 23
1588 , 59.95 , 70.47 , 50.00 , 23
1589 , 60.97 , 70.47 , 50.00 , 23
1590 , 61.48 , 70.47 , 50.00 , 23
1591 , 62.25 , 70.47 , 50.00 , 23
1592 , 63.01 , 70.47 , 48.13 , 23
1593 , 63.53 , 70.47 , 42.26 , 23
1594 , 64.04 , 70.47 , 37.93 , 23
1595 , 64.04 , 70.47 , 33.34 , 23
1596 , 63.27 , 70.47 , 32.32 , 23
1597 , 62.76 , 70.47 , 37.04 , 23
1598 , 63.01 , 70.47 , 40.24 , 23
1599 , 62.25 , 70.47 , 37.94 , 23
1600 , 62.50 , 70.47 , 43.18 , 23
1601 , 62.25 , 70.47 , 41.14 , 23
1602 , 62.76 , 70.47 , 42.80 , 23
1603 , 63.53 , 70.47 , 38.85 , 23
1604 , 63.01 , 70.47 , 32.73 , 23
1605 , 63.53 , 70.47 , 35.79 , 23
1606 , 63.27 , 70.47 , 31.46 , 23
1607 , 62.76 , 70.47 , 32.61 , 23
1608 , 62.25 , 70.47 , 35.80 , 23
1609 , 62.25 , 70.47 , 39.25 , 23
1610 , 61.74 , 70.47 , 39.25 , 23
Going to Denaturing Temperature
1611 , 62.50 , 100.00 , 39.25 , 24
1612 , 63.27 , 100.00 , 39.25 , 24
1613 , 67.61 , 100.00 , 39.25 , 24
1614 , 71.43 , 100.00 , 39.25 , 24
1615 , 75.01 , 100.00 , 39.25 , 24
1616 , 78.32 , 100.00 , 39.25 , 24
1617 , 80.62 , 100.00 , 39.25 , 24
1618 , 83.94 , 100.00 , 39.25 , 24
1619 , 86.49 , 100.00 , 39.25 , 24
1620 , 88.27 , 100.00 , 39.25 , 24
1621 , 90.83 , 100.00 , 39.25 , 24
1622 , 93.38 , 100.00 , 39.25 , 24
1623 , 95.16 , 100.00 , 39.25 , 24
Denaturing DNA Now
1624 , 96.44 , 91.27 , 39.25 , 24
1625 , 98.23 , 81.12 , 39.25 , 24
1626 , 98.99 , 66.51 , 39.25 , 24
1627 , 98.99 , 58.65 , 39.25 , 24
1628 , 98.23 , 56.16 , 39.25 , 24
1629 , 97.20 , 59.40 , 39.25 , 24
1630 , 96.18 , 64.94 , 39.25 , 24
1631 , 95.16 , 71.00 , 39.25 , 24
1632 , 95.42 , 77.56 , 39.25 , 24
1633 , 95.67 , 75.06 , 39.25 , 24
Going to Extention Temperature
1634 , 96.18 , 75.06 , 39.25 , 24
1635 , 94.65 , 75.06 , 39.25 , 24
1636 , 92.10 , 75.06 , 39.25 , 24
1637 , 88.53 , 75.06 , 39.25 , 24
1638 , 85.21 , 75.06 , 39.25 , 24
1639 , 81.64 , 75.06 , 39.25 , 24
1640 , 77.56 , 75.06 , 39.25 , 24
1641 , 73.73 , 75.06 , 39.25 , 24
1642 , 70.67 , 75.06 , 39.25 , 24
1643 , 67.10 , 75.06 , 39.25 , 24
1644 , 64.04 , 75.06 , 39.25 , 24
1645 , 61.74 , 75.06 , 39.25 , 24
Extending DNA Now
1646 , 59.19 , 75.06 , 50.00 , 24
1647 , 56.89 , 75.06 , 50.00 , 24
1648 , 55.87 , 75.06 , 50.00 , 24
1649 , 55.87 , 75.06 , 50.00 , 24
1650 , 56.38 , 75.06 , 50.00 , 24
1651 , 57.15 , 75.06 , 50.00 , 24
1652 , 57.91 , 75.06 , 50.00 , 24
1653 , 58.17 , 75.06 , 50.00 , 24
1654 , 59.44 , 75.06 , 50.00 , 24
1655 , 60.21 , 75.06 , 50.00 , 24
1656 , 60.97 , 75.06 , 50.00 , 24
1657 , 61.74 , 75.06 , 50.00 , 24
1658 , 62.25 , 75.06 , 50.00 , 24
1659 , 63.01 , 75.06 , 48.13 , 24
1660 , 63.53 , 75.06 , 42.26 , 24
1661 , 64.04 , 75.06 , 37.93 , 24
1662 , 63.78 , 75.06 , 33.34 , 24
1663 , 63.78 , 75.06 , 34.23 , 24
1664 , 63.27 , 75.06 , 33.34 , 24
1665 , 63.01 , 75.06 , 36.28 , 24
1666 , 62.25 , 75.06 , 37.56 , 24
1667 , 61.74 , 75.06 , 42.79 , 24
1668 , 62.50 , 75.06 , 46.50 , 24
1669 , 62.76 , 75.06 , 40.89 , 24
1670 , 63.01 , 75.06 , 38.72 , 24
1671 , 63.01 , 75.06 , 36.43 , 24
1672 , 63.01 , 75.06 , 35.92 , 24
1673 , 62.76 , 75.06 , 35.41 , 24
1674 , 62.76 , 75.06 , 36.82 , 24
1675 , 62.50 , 75.06 , 36.44 , 24
1676 , 62.50 , 75.06 , 36.44 , 24
Going to Denaturing Temperature
1677 , 61.99 , 100.00 , 36.44 , 25
1678 , 62.50 , 100.00 , 36.44 , 25
1679 , 67.10 , 100.00 , 36.44 , 25
1680 , 70.41 , 100.00 , 36.44 , 25
1681 , 73.73 , 100.00 , 36.44 , 25
1682 , 77.05 , 100.00 , 36.44 , 25
1683 , 80.11 , 100.00 , 36.44 , 25
1684 , 81.90 , 100.00 , 36.44 , 25
1685 , 84.70 , 100.00 , 36.44 , 25
1686 , 87.00 , 100.00 , 36.44 , 25
1687 , 89.04 , 100.00 , 36.44 , 25
1688 , 90.83 , 100.00 , 36.44 , 25
1689 , 92.87 , 100.00 , 36.44 , 25
1690 , 94.40 , 100.00 , 36.44 , 25
Denaturing DNA Now
1691 , 95.67 , 97.01 , 36.44 , 25
1692 , 96.95 , 87.25 , 36.44 , 25
1693 , 98.48 , 76.84 , 36.44 , 25
1694 , 98.74 , 63.88 , 36.44 , 25
1695 , 98.74 , 59.73 , 36.44 , 25
1696 , 97.72 , 57.36 , 36.44 , 25
1697 , 96.69 , 62.65 , 36.44 , 25
1698 , 95.42 , 68.44 , 36.44 , 25
1699 , 95.16 , 76.67 , 36.44 , 25
1700 , 95.16 , 77.87 , 36.44 , 25
Going to Extention Temperature
1701 , 95.93 , 77.87 , 36.44 , 25
1702 , 95.16 , 77.87 , 36.44 , 25
1703 , 92.10 , 77.87 , 36.44 , 25
1704 , 88.79 , 77.87 , 36.44 , 25
1705 , 84.96 , 77.87 , 36.44 , 25
1706 , 80.88 , 77.87 , 36.44 , 25
1707 , 77.05 , 77.87 , 36.44 , 25
1708 , 73.73 , 77.87 , 36.44 , 25
1709 , 70.16 , 77.87 , 36.44 , 25
1710 , 67.10 , 77.87 , 36.44 , 25
1711 , 64.04 , 77.87 , 36.44 , 25
1712 , 61.48 , 77.87 , 36.44 , 25
Extending DNA Now
1713 , 58.93 , 77.87 , 50.00 , 25
1714 , 56.64 , 77.87 , 50.00 , 25
1715 , 55.62 , 77.87 , 50.00 , 25
1716 , 55.87 , 77.87 , 50.00 , 25
1717 , 56.64 , 77.87 , 50.00 , 25
1718 , 56.89 , 77.87 , 50.00 , 25
1719 , 57.91 , 77.87 , 50.00 , 25
1720 , 58.68 , 77.87 , 50.00 , 25
1721 , 59.70 , 77.87 , 50.00 , 25
1722 , 60.46 , 77.87 , 50.00 , 25
1723 , 60.97 , 77.87 , 50.00 , 25
1724 , 61.74 , 77.87 , 50.00 , 25
1725 , 62.50 , 77.87 , 50.00 , 25
1726 , 63.01 , 77.87 , 46.22 , 25
1727 , 63.53 , 77.87 , 42.14 , 25
1728 , 63.53 , 77.87 , 37.80 , 25
1730 , 64.04 , 77.87 , 37.04 , 25
1731 , 64.04 , 77.87 , 32.45 , 25
1732 , 63.53 , 77.87 , 31.43 , 25
1733 , 63.53 , 77.87 , 34.24 , 25
1734 , 62.76 , 77.87 , 33.48 , 25
1735 , 62.50 , 77.87 , 38.46 , 25
1736 , 62.25 , 77.87 , 39.99 , 25
1737 , 61.99 , 77.87 , 41.65 , 25
1738 , 62.25 , 77.87 , 43.44 , 25
1739 , 61.99 , 77.87 , 41.53 , 25
1740 , 62.76 , 77.87 , 43.32 , 25
1741 , 62.76 , 77.87 , 37.58 , 25
1742 , 62.76 , 77.87 , 37.20 , 25
1743 , 62.76 , 77.87 , 37.20 , 25
Going to Denaturing Temperature
1744 , 62.76 , 100.00 , 37.20 , 26
1745 , 63.53 , 100.00 , 37.20 , 26
1746 , 67.35 , 100.00 , 37.20 , 26
1747 , 71.18 , 100.00 , 37.20 , 26
1748 , 74.24 , 100.00 , 37.20 , 26
1749 , 77.05 , 100.00 , 37.20 , 26
1750 , 80.11 , 100.00 , 37.20 , 26
1751 , 82.66 , 100.00 , 37.20 , 26
1752 , 84.96 , 100.00 , 37.20 , 26
1753 , 86.74 , 100.00 , 37.20 , 26
1754 , 89.04 , 100.00 , 37.20 , 26
1755 , 90.57 , 100.00 , 37.20 , 26
1756 , 92.36 , 100.00 , 37.20 , 26
1757 , 94.14 , 100.00 , 37.20 , 26
Denaturing DNA Now
1758 , 95.67 , 98.93 , 37.20 , 26
1759 , 97.46 , 87.37 , 37.20 , 26
1760 , 98.99 , 73.14 , 37.20 , 26
1761 , 98.99 , 59.93 , 37.20 , 26
1762 , 98.48 , 57.43 , 37.20 , 26
1763 , 96.95 , 58.76 , 37.20 , 26
1764 , 96.44 , 68.01 , 37.20 , 26
1765 , 95.93 , 70.36 , 37.20 , 26
1766 , 95.93 , 72.97 , 37.20 , 26
1767 , 96.18 , 72.00 , 37.20 , 26
Going to Extention Temperature
1768 , 96.44 , 72.00 , 37.20 , 26
1769 , 95.42 , 72.00 , 37.20 , 26
1770 , 92.61 , 72.00 , 37.20 , 26
1771 , 88.79 , 72.00 , 37.20 , 26
1772 , 85.21 , 72.00 , 37.20 , 26
1773 , 81.13 , 72.00 , 37.20 , 26
1774 , 77.05 , 72.00 , 37.20 , 26
1775 , 73.73 , 72.00 , 37.20 , 26
1776 , 70.41 , 72.00 , 37.20 , 26
1777 , 66.84 , 72.00 , 37.20 , 26
1778 , 64.04 , 72.00 , 37.20 , 26
1779 , 61.23 , 72.00 , 37.20 , 26
Extending DNA Now
1780 , 58.68 , 72.00 , 50.00 , 26
1781 , 56.64 , 72.00 , 50.00 , 26
1782 , 55.36 , 72.00 , 50.00 , 26
1783 , 56.13 , 72.00 , 50.00 , 26
1784 , 56.13 , 72.00 , 50.00 , 26
1785 , 57.15 , 72.00 , 50.00 , 26
1786 , 57.91 , 72.00 , 50.00 , 26
1787 , 58.42 , 72.00 , 50.00 , 26
1788 , 59.70 , 72.00 , 50.00 , 26
1789 , 60.21 , 72.00 , 50.00 , 26
1790 , 60.72 , 72.00 , 50.00 , 26
1791 , 61.74 , 72.00 , 50.00 , 26
1792 , 62.50 , 72.00 , 50.00 , 26
1793 , 62.76 , 72.00 , 46.22 , 26
1794 , 63.01 , 72.00 , 44.05 , 26
1795 , 63.53 , 72.00 , 41.76 , 26
1796 , 64.04 , 72.00 , 37.42 , 26
1797 , 63.78 , 72.00 , 32.83 , 26
1798 , 63.78 , 72.00 , 33.73 , 26
1799 , 63.01 , 72.00 , 32.84 , 26
1800 , 62.50 , 72.00 , 37.69 , 26
1801 , 62.76 , 72.00 , 41.01 , 26
1802 , 61.99 , 72.00 , 38.84 , 26
1803 , 61.99 , 72.00 , 44.20 , 26
1804 , 62.50 , 72.00 , 44.21 , 26
1805 , 62.25 , 72.00 , 40.38 , 26
1806 , 63.27 , 72.00 , 42.04 , 26
1807 , 63.53 , 72.00 , 34.26 , 26
1808 , 63.53 , 72.00 , 31.71 , 26
1809 , 63.27 , 72.00 , 30.95 , 26
1810 , 63.01 , 72.00 , 30.95 , 26
Going to Denaturing Temperature
1811 , 62.76 , 100.00 , 30.95 , 27
1812 , 63.27 , 100.00 , 30.95 , 27
1813 , 67.35 , 100.00 , 30.95 , 27
1814 , 70.67 , 100.00 , 30.95 , 27
1815 , 75.01 , 100.00 , 30.95 , 27
1816 , 77.56 , 100.00 , 30.95 , 27
1817 , 80.88 , 100.00 , 30.95 , 27
1818 , 83.17 , 100.00 , 30.95 , 27
1819 , 85.72 , 100.00 , 30.95 , 27
1820 , 88.53 , 100.00 , 30.95 , 27
1821 , 90.57 , 100.00 , 30.95 , 27
1822 , 92.61 , 100.00 , 30.95 , 27
1823 , 93.89 , 100.00 , 30.95 , 27
1824 , 94.14 , 100.00 , 30.95 , 27
Denaturing DNA Now
1825 , 97.72 , 98.93 , 30.95 , 27
1826 , 98.99 , 72.06 , 30.95 , 27
1827 , 99.76 , 60.64 , 30.95 , 27
1828 , 99.25 , 52.40 , 30.95 , 27
1829 , 97.72 , 53.35 , 30.95 , 27
1830 , 96.44 , 62.21 , 30.95 , 27
1831 , 95.93 , 69.92 , 30.95 , 27
1832 , 95.42 , 72.53 , 30.95 , 27
1833 , 95.42 , 75.39 , 30.95 , 27
1834 , 95.67 , 74.68 , 30.95 , 27
Going to Extention Temperature
1835 , 95.93 , 74.68 , 30.95 , 27
1836 , 95.16 , 74.68 , 30.95 , 27
1837 , 91.59 , 74.68 , 30.95 , 27
1838 , 88.53 , 74.68 , 30.95 , 27
1839 , 84.70 , 74.68 , 30.95 , 27
1840 , 80.37 , 74.68 , 30.95 , 27
1841 , 77.05 , 74.68 , 30.95 , 27
1842 , 73.48 , 74.68 , 30.95 , 27
1843 , 69.90 , 74.68 , 30.95 , 27
1844 , 66.84 , 74.68 , 30.95 , 27
1845 , 63.78 , 74.68 , 30.95 , 27
1846 , 61.23 , 74.68 , 30.95 , 27
Extending DNA Now
1847 , 58.68 , 74.68 , 50.00 , 27
1848 , 56.38 , 74.68 , 50.00 , 27
1849 , 54.85 , 74.68 , 50.00 , 27
1850 , 55.36 , 74.68 , 50.00 , 27
1851 , 56.13 , 74.68 , 50.00 , 27
1852 , 56.89 , 74.68 , 50.00 , 27
1853 , 57.66 , 74.68 , 50.00 , 27
1854 , 58.68 , 74.68 , 50.00 , 27
1855 , 59.44 , 74.68 , 50.00 , 27
1856 , 60.21 , 74.68 , 50.00 , 27
1857 , 60.97 , 74.68 , 50.00 , 27
1858 , 61.23 , 74.68 , 50.00 , 27
1859 , 62.25 , 74.68 , 50.00 , 27
1860 , 63.01 , 74.68 , 48.13 , 27
1861 , 63.53 , 74.68 , 42.26 , 27
1862 , 64.04 , 74.68 , 37.93 , 27
1863 , 64.04 , 74.68 , 33.34 , 27
1864 , 63.78 , 74.68 , 32.32 , 27
1865 , 63.27 , 74.68 , 33.22 , 27
1866 , 62.76 , 74.68 , 36.15 , 27
1867 , 62.76 , 74.68 , 39.35 , 27
1868 , 62.25 , 74.68 , 38.97 , 27
1869 , 62.50 , 74.68 , 42.41 , 27
1870 , 62.76 , 74.68 , 40.38 , 27
1871 , 63.01 , 74.68 , 38.21 , 27
1872 , 63.01 , 74.68 , 35.92 , 27
1873 , 63.01 , 74.68 , 35.41 , 27
1874 , 63.27 , 74.68 , 34.90 , 27
1875 , 62.50 , 74.68 , 32.48 , 27
1876 , 62.50 , 74.68 , 37.59 , 27
1877 , 62.25 , 74.68 , 37.59 , 27
Going to Denaturing Temperature
1878 , 61.74 , 100.00 , 37.59 , 28
1879 , 63.53 , 100.00 , 37.59 , 28
1880 , 67.10 , 100.00 , 37.59 , 28
1881 , 70.41 , 100.00 , 37.59 , 28
1882 , 74.50 , 100.00 , 37.59 , 28
1883 , 77.81 , 100.00 , 37.59 , 28
1884 , 80.37 , 100.00 , 37.59 , 28
1885 , 83.43 , 100.00 , 37.59 , 28
1886 , 85.47 , 100.00 , 37.59 , 28
1887 , 87.51 , 100.00 , 37.59 , 28
1888 , 90.06 , 100.00 , 37.59 , 28
1889 , 91.85 , 100.00 , 37.59 , 28
1890 , 92.87 , 100.00 , 37.59 , 28
1891 , 94.91 , 100.00 , 37.59 , 28
Denaturing DNA Now
1892 , 96.95 , 93.19 , 37.59 , 28
1893 , 98.74 , 77.42 , 37.59 , 28
1894 , 97.46 , 62.55 , 37.59 , 28
1895 , 98.74 , 69.75 , 37.59 , 28
1896 , 97.72 , 58.45 , 37.59 , 28
1897 , 97.20 , 63.74 , 37.59 , 28
1898 , 95.93 , 65.71 , 37.59 , 28
1899 , 95.67 , 73.68 , 37.59 , 28
1900 , 95.67 , 74.62 , 37.59 , 28
1901 , 95.67 , 73.79 , 37.59 , 28
Going to Extention Temperature
1902 , 96.18 , 73.79 , 37.59 , 28
1903 , 95.16 , 73.79 , 37.59 , 28
1904 , 91.85 , 73.79 , 37.59 , 28
1905 , 88.79 , 73.79 , 37.59 , 28
1906 , 84.96 , 73.79 , 37.59 , 28
1907 , 80.88 , 73.79 , 37.59 , 28
1908 , 77.30 , 73.79 , 37.59 , 28
1909 , 73.22 , 73.79 , 37.59 , 28
1910 , 70.16 , 73.79 , 37.59 , 28
1911 , 66.84 , 73.79 , 37.59 , 28
1912 , 64.04 , 73.79 , 37.59 , 28
1913 , 61.23 , 73.79 , 37.59 , 28
Extending DNA Now
1914 , 58.68 , 73.79 , 50.00 , 28
1915 , 56.38 , 73.79 , 50.00 , 28
1916 , 55.36 , 73.79 , 50.00 , 28
1917 , 55.62 , 73.79 , 50.00 , 28
1918 , 56.13 , 73.79 , 50.00 , 28
1919 , 57.15 , 73.79 , 50.00 , 28
1920 , 57.91 , 73.79 , 50.00 , 28
1921 , 58.42 , 73.79 , 50.00 , 28
1922 , 59.44 , 73.79 , 50.00 , 28
1923 , 60.21 , 73.79 , 50.00 , 28
1924 , 60.97 , 73.79 , 50.00 , 28
1925 , 61.99 , 73.79 , 50.00 , 28
1926 , 62.25 , 73.79 , 50.00 , 28
1927 , 63.27 , 73.79 , 48.13 , 28
1928 , 63.78 , 73.79 , 40.35 , 28
1929 , 64.29 , 73.79 , 35.89 , 28
1930 , 64.04 , 73.79 , 31.17 , 28
1931 , 63.78 , 73.79 , 31.94 , 28
1932 , 63.01 , 73.79 , 32.83 , 28
1933 , 62.76 , 73.79 , 37.69 , 28
1934 , 62.50 , 73.79 , 39.09 , 28
1935 , 62.50 , 73.79 , 40.63 , 28
1936 , 62.25 , 73.79 , 40.37 , 28
1937 , 62.76 , 73.79 , 42.03 , 28
1938 , 62.50 , 73.79 , 38.08 , 28
1939 , 62.76 , 73.79 , 39.62 , 28
1940 , 62.76 , 73.79 , 37.45 , 28
1941 , 62.50 , 73.79 , 37.07 , 28
1942 , 62.50 , 73.79 , 38.60 , 28
1943 , 62.76 , 73.79 , 38.35 , 28
1944 , 62.50 , 73.79 , 38.35 , 28
Going to Denaturing Temperature
1945 , 62.25 , 100.00 , 38.35 , 29
1946 , 64.04 , 100.00 , 38.35 , 29
1947 , 67.61 , 100.00 , 38.35 , 29
1948 , 71.95 , 100.00 , 38.35 , 29
1949 , 75.26 , 100.00 , 38.35 , 29
1950 , 78.32 , 100.00 , 38.35 , 29
1951 , 81.13 , 100.00 , 38.35 , 29
1952 , 84.19 , 100.00 , 38.35 , 29
1953 , 86.23 , 100.00 , 38.35 , 29
1954 , 88.27 , 100.00 , 38.35 , 29
1955 , 90.32 , 100.00 , 38.35 , 29
1956 , 92.61 , 100.00 , 38.35 , 29
1957 , 94.91 , 100.00 , 38.35 , 29
Denaturing DNA Now
1958 , 95.67 , 93.19 , 38.35 , 29
1959 , 97.97 , 86.99 , 38.35 , 29
1960 , 98.48 , 68.93 , 38.35 , 29
1961 , 98.99 , 63.12 , 38.35 , 29
1962 , 98.23 , 57.05 , 38.35 , 29
1963 , 96.95 , 60.30 , 38.35 , 29
1964 , 96.44 , 67.75 , 38.35 , 29
1965 , 96.18 , 70.10 , 38.35 , 29
1966 , 95.93 , 70.80 , 38.35 , 29
1967 , 96.18 , 71.62 , 38.35 , 29
Going to Extention Temperature
1968 , 96.44 , 71.62 , 38.35 , 29
1969 , 94.91 , 71.62 , 38.35 , 29
1970 , 92.10 , 71.62 , 38.35 , 29
1971 , 88.79 , 71.62 , 38.35 , 29
1972 , 84.96 , 71.62 , 38.35 , 29
1973 , 80.62 , 71.62 , 38.35 , 29
1974 , 76.79 , 71.62 , 38.35 , 29
1975 , 72.71 , 71.62 , 38.35 , 29
1976 , 69.90 , 71.62 , 38.35 , 29
1977 , 66.84 , 71.62 , 38.35 , 29
1978 , 63.53 , 71.62 , 38.35 , 29
1979 , 60.97 , 71.62 , 38.35 , 29
Extending DNA Now
1980 , 58.68 , 71.62 , 50.00 , 29
1981 , 55.87 , 71.62 , 50.00 , 29
1982 , 55.36 , 71.62 , 50.00 , 29
1983 , 55.62 , 71.62 , 50.00 , 29
1984 , 56.13 , 71.62 , 50.00 , 29
1985 , 56.89 , 71.62 , 50.00 , 29
1986 , 57.91 , 71.62 , 50.00 , 29
1987 , 58.17 , 71.62 , 50.00 , 29
1988 , 59.70 , 71.62 , 50.00 , 29
1989 , 60.46 , 71.62 , 50.00 , 29
1990 , 60.97 , 71.62 , 50.00 , 29
1991 , 62.25 , 71.62 , 50.00 , 29
1992 , 63.01 , 71.62 , 48.13 , 29
1993 , 63.27 , 71.62 , 42.26 , 29
1994 , 63.78 , 71.62 , 39.84 , 29
1995 , 63.53 , 71.62 , 35.38 , 29
1996 , 63.53 , 71.62 , 36.40 , 29
1997 , 63.27 , 71.62 , 35.64 , 29
1998 , 62.76 , 71.62 , 36.79 , 29
1999 , 62.76 , 71.62 , 39.98 , 29
2000 , 62.25 , 71.62 , 39.60 , 29
2001 , 62.50 , 71.62 , 43.05 , 29
2002 , 62.76 , 71.62 , 41.01 , 29
2003 , 63.01 , 71.62 , 38.85 , 29
2004 , 63.53 , 71.62 , 36.55 , 29
2005 , 63.53 , 71.62 , 32.22 , 29
2006 , 63.27 , 71.62 , 31.46 , 29
2007 , 62.50 , 71.62 , 32.61 , 29
2008 , 62.25 , 71.62 , 37.71 , 29
2009 , 61.48 , 71.62 , 39.37 , 29
2010 , 61.99 , 71.62 , 39.37 , 29
Going to Denaturing Temperature
2011 , 61.74 , 100.00 , 39.37 , 30
2012 , 63.53 , 100.00 , 39.37 , 30
2013 , 67.35 , 100.00 , 39.37 , 30
2014 , 71.43 , 100.00 , 39.37 , 30
2015 , 75.01 , 100.00 , 39.37 , 30
2016 , 78.07 , 100.00 , 39.37 , 30
2017 , 80.62 , 100.00 , 39.37 , 30
2018 , 83.43 , 100.00 , 39.37 , 30
2019 , 85.21 , 100.00 , 39.37 , 30
2020 , 87.76 , 100.00 , 39.37 , 30
2021 , 90.57 , 100.00 , 39.37 , 30
2022 , 92.10 , 100.00 , 39.37 , 30
2023 , 94.14 , 100.00 , 39.37 , 30
Denaturing DNA Now
2024 , 95.67 , 98.93 , 39.37 , 30
2025 , 97.72 , 87.37 , 39.37 , 30
2026 , 98.48 , 71.23 , 39.37 , 30
2027 , 97.97 , 63.63 , 39.37 , 30
2028 , 98.48 , 65.22 , 39.37 , 30
2029 , 97.72 , 59.40 , 39.37 , 30
2030 , 96.69 , 62.90 , 39.37 , 30
2031 , 96.44 , 68.70 , 39.37 , 30
2032 , 96.18 , 69.27 , 39.37 , 30
2033 , 96.44 , 69.96 , 39.37 , 30
Going to Extention Temperature
2034 , 96.44 , 69.96 , 39.37 , 30
2035 , 95.42 , 69.96 , 39.37 , 30
2036 , 92.36 , 69.96 , 39.37 , 30
2037 , 88.79 , 69.96 , 39.37 , 30
2038 , 85.21 , 69.96 , 39.37 , 30
2039 , 81.39 , 69.96 , 39.37 , 30
2040 , 77.05 , 69.96 , 39.37 , 30
2041 , 73.48 , 69.96 , 39.37 , 30
2042 , 70.41 , 69.96 , 39.37 , 30
2043 , 66.84 , 69.96 , 39.37 , 30
2044 , 64.29 , 69.96 , 39.37 , 30
2045 , 61.48 , 69.96 , 39.37 , 30
Extending DNA Now
2046 , 58.68 , 69.96 , 50.00 , 30
2047 , 56.64 , 69.96 , 50.00 , 30
2048 , 55.62 , 69.96 , 50.00 , 30
2049 , 55.11 , 69.96 , 50.00 , 30
2050 , 56.64 , 69.96 , 50.00 , 30
2051 , 57.15 , 69.96 , 50.00 , 30
2052 , 58.17 , 69.96 , 50.00 , 30
2053 , 58.93 , 69.96 , 50.00 , 30
2054 , 59.95 , 69.96 , 50.00 , 30
2055 , 60.97 , 69.96 , 50.00 , 30
2056 , 61.48 , 69.96 , 50.00 , 30
2057 , 62.25 , 69.96 , 50.00 , 30
2058 , 63.01 , 69.96 , 48.13 , 30
2059 , 63.78 , 69.96 , 42.26 , 30
2060 , 64.29 , 69.96 , 36.02 , 30
2061 , 64.29 , 69.96 , 31.30 , 30
2062 , 64.29 , 69.96 , 30.15 , 30
2063 , 63.53 , 69.96 , 29.01 , 30
2064 , 63.27 , 69.96 , 33.60 , 30
2065 , 62.76 , 69.96 , 34.75 , 30
2066 , 62.50 , 69.96 , 37.95 , 30
2067 , 61.74 , 69.96 , 39.48 , 30
2068 , 62.25 , 69.96 , 44.97 , 30
2069 , 62.50 , 69.96 , 41.27 , 30
2070 , 62.50 , 69.96 , 39.23 , 30
2071 , 63.27 , 69.96 , 38.98 , 30
2072 , 63.01 , 69.96 , 32.99 , 30
2073 , 62.76 , 69.96 , 34.27 , 30
2074 , 62.50 , 69.96 , 35.67 , 30
2075 , 62.76 , 69.96 , 37.21 , 30
2076 , 62.25 , 69.96 , 37.21 , 30
Going to Denaturing Temperature
2077 , 62.50 , 100.00 , 37.21 , 31
2078 , 63.78 , 100.00 , 37.21 , 31
2079 , 67.86 , 100.00 , 37.21 , 31
2080 , 72.20 , 100.00 , 37.21 , 31
2081 , 75.26 , 100.00 , 37.21 , 31
2082 , 78.58 , 100.00 , 37.21 , 31
2083 , 81.39 , 100.00 , 37.21 , 31
2084 , 83.94 , 100.00 , 37.21 , 31
2085 , 86.74 , 100.00 , 37.21 , 31
2086 , 88.79 , 100.00 , 37.21 , 31
2087 , 90.57 , 100.00 , 37.21 , 31
2088 , 92.61 , 100.00 , 37.21 , 31
2089 , 94.91 , 100.00 , 37.21 , 31
Denaturing DNA Now
2090 , 96.95 , 93.19 , 37.21 , 31
2091 , 97.97 , 77.42 , 37.21 , 31
2092 , 98.48 , 68.29 , 37.21 , 31
2093 , 98.74 , 62.48 , 37.21 , 31
2094 , 98.23 , 58.33 , 37.21 , 31
2095 , 97.20 , 59.79 , 37.21 , 31
2096 , 96.44 , 65.33 , 37.21 , 31
2097 , 96.18 , 69.47 , 37.21 , 31
2098 , 95.93 , 70.16 , 37.21 , 31
2099 , 96.18 , 70.98 , 37.21 , 31
Going to Extention Temperature
2100 , 96.44 , 70.98 , 37.21 , 31
2101 , 95.16 , 70.98 , 37.21 , 31
2102 , 91.59 , 70.98 , 37.21 , 31
2103 , 88.53 , 70.98 , 37.21 , 31
2104 , 84.70 , 70.98 , 37.21 , 31
2105 , 80.62 , 70.98 , 37.21 , 31
2106 , 76.79 , 70.98 , 37.21 , 31
2107 , 72.97 , 70.98 , 37.21 , 31
2108 , 69.65 , 70.98 , 37.21 , 31
2109 , 66.59 , 70.98 , 37.21 , 31
2110 , 63.53 , 70.98 , 37.21 , 31
2111 , 60.72 , 70.98 , 37.21 , 31
Extending DNA Now
2112 , 58.42 , 70.98 , 50.00 , 31
2113 , 55.62 , 70.98 , 50.00 , 31
2114 , 54.59 , 70.98 , 50.00 , 31
2115 , 55.11 , 70.98 , 50.00 , 31
2116 , 55.62 , 70.98 , 50.00 , 31
2117 , 56.89 , 70.98 , 50.00 , 31
2118 , 57.40 , 70.98 , 50.00 , 31
2119 , 58.68 , 70.98 , 50.00 , 31
2120 , 59.44 , 70.98 , 50.00 , 31
2121 , 60.46 , 70.98 , 50.00 , 31
2122 , 61.23 , 70.98 , 50.00 , 31
2123 , 61.99 , 70.98 , 50.00 , 31
2124 , 62.76 , 70.98 , 50.00 , 31
2125 , 63.53 , 70.98 , 44.30 , 31
2126 , 64.29 , 70.98 , 38.18 , 31
2127 , 64.29 , 70.98 , 31.68 , 31
2128 , 64.04 , 70.98 , 30.53 , 31
2129 , 63.27 , 70.98 , 31.30 , 31
2130 , 63.01 , 70.98 , 36.02 , 31
2131 , 62.76 , 70.98 , 37.30 , 31
2132 , 62.50 , 70.98 , 38.71 , 31
2133 , 61.74 , 70.98 , 40.24 , 31
2134 , 62.76 , 70.98 , 45.73 , 31
2135 , 62.25 , 70.98 , 38.21 , 31
2136 , 63.01 , 70.98 , 41.65 , 31
2137 , 63.53 , 70.98 , 35.79 , 31
2138 , 63.53 , 70.98 , 31.45 , 31
2139 , 63.01 , 70.98 , 30.69 , 31
2140 , 62.76 , 70.98 , 33.76 , 31
2141 , 61.99 , 70.98 , 35.16 , 31
2142 , 61.23 , 70.98 , 35.16 , 31
