Please wait for the temperature to reach 95
0 , 48.47 , 70.00 , 0.00 , 0
1 , 47.71 , 70.00 , 0.00 , 0
2 , 51.02 , 70.00 , 0.00 , 0
3 , 52.55 , 70.00 , 0.00 , 0
4 , 53.57 , 70.00 , 0.00 , 0
5 , 54.85 , 70.00 , 0.00 , 0
6 , 55.87 , 70.00 , 0.00 , 0
7 , 56.89 , 70.00 , 0.00 , 0
8 , 57.66 , 70.00 , 0.00 , 0
9 , 58.42 , 70.00 , 0.00 , 0
10 , 59.44 , 70.00 , 0.00 , 0
11 , 60.21 , 70.00 , 0.00 , 0
12 , 60.97 , 70.00 , 0.00 , 0
13 , 61.48 , 70.00 , 0.00 , 0
14 , 62.76 , 70.00 , 0.00 , 0
15 , 62.50 , 70.00 , 0.00 , 0
16 , 63.53 , 70.00 , 0.00 , 0
17 , 64.55 , 70.00 , 0.00 , 0
18 , 64.80 , 70.00 , 0.00 , 0
19 , 64.80 , 70.00 , 0.00 , 0
20 , 66.08 , 70.00 , 0.00 , 0
Temperature has reached 95, please wait 60s for the initial denaturing to complete
21 , 66.59 , 61.92 , 0.00 , 0
22 , 66.33 , 57.56 , 0.00 , 0
23 , 66.08 , 58.68 , 0.00 , 0
24 , 66.08 , 59.93 , 0.00 , 0
25 , 66.84 , 59.39 , 0.00 , 0
26 , 66.59 , 53.11 , 0.00 , 0
27 , 66.84 , 54.10 , 0.00 , 0
28 , 67.10 , 51.39 , 0.00 , 0
29 , 67.35 , 48.56 , 0.00 , 0
30 , 66.33 , 45.60 , 0.00 , 0
31 , 66.84 , 52.08 , 0.00 , 0
32 , 67.10 , 47.58 , 0.00 , 0
33 , 66.84 , 44.75 , 0.00 , 0
34 , 66.33 , 45.61 , 0.00 , 0
35 , 66.08 , 48.52 , 0.00 , 0
36 , 66.08 , 49.77 , 0.00 , 0
37 , 66.33 , 49.23 , 0.00 , 0
38 , 66.59 , 46.78 , 0.00 , 0
39 , 66.33 , 44.20 , 0.00 , 0
40 , 66.33 , 45.32 , 0.00 , 0
41 , 66.33 , 44.65 , 0.00 , 0
42 , 66.08 , 43.99 , 0.00 , 0
43 , 65.82 , 45.23 , 0.00 , 0
44 , 65.82 , 46.61 , 0.00 , 0
45 , 65.57 , 46.20 , 0.00 , 0
46 , 65.57 , 47.70 , 0.00 , 0
47 , 65.82 , 47.42 , 0.00 , 0
48 , 65.82 , 45.22 , 0.00 , 0
49 , 65.57 , 44.81 , 0.00 , 0
50 , 65.31 , 46.31 , 0.00 , 0
51 , 65.57 , 47.94 , 0.00 , 0
52 , 65.31 , 45.87 , 0.00 , 0
53 , 65.31 , 47.50 , 0.00 , 0
54 , 65.82 , 47.35 , 0.00 , 0
55 , 65.57 , 43.37 , 0.00 , 0
56 , 65.31 , 44.87 , 0.00 , 0
57 , 65.06 , 46.50 , 0.00 , 0
58 , 65.31 , 48.26 , 0.00 , 0
59 , 65.57 , 46.32 , 0.00 , 0
60 , 65.31 , 44.25 , 0.00 , 0
61 , 65.31 , 45.88 , 0.00 , 0
62 , 64.80 , 45.72 , 0.00 , 0
63 , 65.31 , 49.39 , 0.00 , 0
64 , 65.31 , 45.66 , 0.00 , 0
65 , 64.80 , 45.51 , 0.00 , 0
66 , 64.80 , 49.18 , 0.00 , 0
67 , 65.06 , 49.28 , 0.00 , 0
68 , 65.31 , 47.47 , 0.00 , 0
69 , 65.31 , 45.52 , 0.00 , 0
70 , 65.06 , 45.37 , 0.00 , 0
71 , 64.80 , 47.13 , 0.00 , 0
72 , 65.06 , 49.01 , 0.00 , 0
73 , 65.06 , 47.20 , 0.00 , 0
74 , 65.31 , 47.17 , 0.00 , 0
75 , 64.55 , 45.23 , 0.00 , 0
76 , 65.06 , 50.81 , 0.00 , 0
77 , 64.55 , 47.21 , 0.00 , 0
78 , 64.80 , 51.01 , 0.00 , 0
79 , 65.31 , 49.33 , 0.00 , 0
80 , 64.80 , 45.60 , 0.00 , 0
81 , 64.80 , 49.27 , 0.00 , 0
82 , 65.31 , 49.37 , 0.00 , 0
83 , 65.57 , 45.64 , 0.00 , 0
84 , 65.57 , 43.57 , 0.00 , 0
85 , 65.31 , 43.29 , 0.00 , 0
86 , 65.06 , 44.92 , 0.00 , 0
87 , 65.31 , 46.68 , 0.00 , 0
88 , 64.80 , 44.74 , 0.00 , 0
89 , 64.80 , 48.41 , 0.00 , 0
90 , 65.06 , 48.51 , 0.00 , 0
91 , 65.57 , 46.69 , 0.00 , 0
92 , 65.31 , 42.84 , 0.00 , 0
93 , 64.55 , 44.47 , 0.00 , 0
94 , 64.55 , 50.05 , 0.00 , 0
95 , 65.06 , 50.28 , 0.00 , 0
96 , 65.31 , 46.68 , 0.00 , 0
97 , 64.80 , 44.74 , 0.00 , 0
98 , 64.80 , 48.41 , 0.00 , 0
99 , 64.55 , 48.51 , 0.00 , 0
100 , 65.31 , 50.52 , 0.00 , 0
101 , 64.80 , 45.01 , 0.00 , 0
102 , 64.80 , 48.68 , 0.00 , 0
103 , 65.57 , 48.78 , 0.00 , 0
104 , 65.57 , 43.14 , 0.00 , 0
105 , 64.80 , 42.86 , 0.00 , 0
106 , 64.55 , 48.31 , 0.00 , 0
107 , 64.55 , 50.33 , 0.00 , 0
108 , 65.06 , 50.55 , 0.00 , 0
109 , 64.80 , 46.95 , 0.00 , 0
110 , 64.80 , 48.84 , 0.00 , 0
111 , 64.80 , 48.94 , 0.00 , 0
112 , 65.06 , 49.04 , 0.00 , 0
113 , 64.80 , 47.22 , 0.00 , 0
114 , 64.55 , 49.11 , 0.00 , 0
115 , 64.29 , 51.12 , 0.00 , 0
116 , 64.80 , 53.26 , 0.00 , 0
117 , 65.31 , 49.79 , 0.00 , 0
118 , 64.80 , 46.06 , 0.00 , 0
119 , 65.06 , 49.74 , 0.00 , 0
120 , 64.80 , 47.92 , 0.00 , 0
121 , 64.29 , 49.81 , 0.00 , 0
122 , 64.80 , 53.73 , 0.00 , 0
123 , 64.55 , 50.26 , 0.00 , 0
124 , 64.29 , 52.27 , 0.00 , 0
125 , 65.06 , 54.41 , 0.00 , 0
126 , 65.06 , 49.03 , 0.00 , 0
127 , 64.29 , 49.00 , 0.00 , 0
128 , 64.80 , 54.71 , 0.00 , 0
129 , 65.31 , 51.24 , 0.00 , 0
130 , 65.31 , 47.51 , 0.00 , 0
131 , 64.80 , 47.36 , 0.00 , 0
132 , 64.55 , 51.03 , 0.00 , 0
133 , 64.55 , 53.04 , 0.00 , 0
134 , 64.80 , 53.27 , 0.00 , 0
135 , 64.80 , 51.58 , 0.00 , 0
136 , 64.55 , 51.68 , 0.00 , 0
137 , 64.80 , 53.70 , 0.00 , 0
138 , 64.80 , 52.01 , 0.00 , 0
139 , 64.55 , 52.11 , 0.00 , 0
140 , 64.55 , 54.12 , 0.00 , 0
141 , 65.06 , 54.35 , 0.00 , 0
142 , 65.06 , 50.75 , 0.00 , 0
143 , 65.31 , 50.72 , 0.00 , 0
144 , 65.06 , 48.78 , 0.00 , 0
145 , 64.80 , 50.54 , 0.00 , 0
146 , 65.31 , 52.42 , 0.00 , 0
147 , 65.31 , 48.69 , 0.00 , 0
148 , 65.06 , 48.54 , 0.00 , 0
149 , 65.06 , 50.30 , 0.00 , 0
150 , 65.06 , 50.27 , 0.00 , 0
151 , 65.06 , 50.24 , 0.00 , 0
152 , 64.80 , 50.21 , 0.00 , 0
153 , 65.31 , 52.10 , 0.00 , 0
154 , 65.31 , 48.37 , 0.00 , 0
155 , 65.06 , 48.22 , 0.00 , 0
156 , 65.06 , 49.97 , 0.00 , 0
157 , 64.80 , 49.95 , 0.00 , 0
158 , 64.55 , 51.83 , 0.00 , 0
159 , 64.80 , 53.84 , 0.00 , 0
160 , 65.06 , 52.16 , 0.00 , 0
161 , 65.06 , 50.34 , 0.00 , 0
162 , 65.06 , 50.32 , 0.00 , 0
163 , 65.06 , 50.29 , 0.00 , 0
164 , 65.31 , 50.26 , 0.00 , 0
165 , 64.29 , 48.32 , 0.00 , 0
166 , 64.55 , 55.82 , 0.00 , 0
167 , 65.06 , 54.26 , 0.00 , 0
168 , 65.31 , 50.66 , 0.00 , 0
169 , 65.06 , 48.72 , 0.00 , 0
170 , 64.80 , 50.47 , 0.00 , 0
171 , 64.80 , 52.36 , 0.00 , 0
172 , 64.80 , 52.46 , 0.00 , 0
173 , 64.55 , 52.56 , 0.00 , 0
174 , 64.55 , 54.57 , 0.00 , 0
175 , 65.31 , 54.80 , 0.00 , 0
176 , 65.31 , 49.28 , 0.00 , 0
177 , 65.06 , 49.13 , 0.00 , 0
178 , 65.06 , 50.89 , 0.00 , 0
179 , 64.80 , 50.86 , 0.00 , 0
180 , 64.80 , 52.74 , 0.00 , 0
181 , 65.06 , 52.84 , 0.00 , 0
182 , 65.31 , 51.03 , 0.00 , 0
183 , 64.80 , 49.09 , 0.00 , 0
184 , 63.78 , 52.76 , 0.00 , 0
185 , 64.29 , 60.51 , 0.00 , 0
186 , 64.80 , 57.30 , 0.00 , 0
187 , 65.06 , 53.82 , 0.00 , 0
188 , 65.31 , 52.01 , 0.00 , 0
189 , 65.06 , 50.07 , 0.00 , 0
190 , 64.80 , 51.83 , 0.00 , 0
191 , 64.80 , 53.71 , 0.00 , 0
192 , 64.55 , 53.81 , 0.00 , 0
193 , 64.80 , 55.82 , 0.00 , 0
194 , 64.80 , 54.14 , 0.00 , 0
195 , 64.55 , 54.24 , 0.00 , 0
196 , 64.80 , 56.25 , 0.00 , 0
197 , 64.80 , 54.56 , 0.00 , 0
198 , 64.80 , 54.66 , 0.00 , 0
199 , 65.06 , 54.76 , 0.00 , 0
200 , 65.06 , 52.95 , 0.00 , 0
201 , 64.80 , 52.92 , 0.00 , 0
202 , 65.06 , 54.81 , 0.00 , 0
203 , 65.06 , 52.99 , 0.00 , 0
204 , 64.80 , 52.96 , 0.00 , 0
205 , 64.80 , 54.85 , 0.00 , 0
206 , 65.06 , 54.95 , 0.00 , 0
207 , 64.80 , 53.14 , 0.00 , 0
208 , 65.06 , 55.02 , 0.00 , 0
209 , 64.80 , 53.21 , 0.00 , 0
210 , 64.80 , 55.09 , 0.00 , 0
211 , 65.06 , 55.19 , 0.00 , 0
212 , 64.55 , 53.38 , 0.00 , 0
213 , 64.55 , 57.18 , 0.00 , 0
214 , 64.55 , 57.40 , 0.00 , 0
215 , 64.55 , 57.63 , 0.00 , 0
216 , 64.55 , 57.86 , 0.00 , 0
217 , 65.06 , 58.09 , 0.00 , 0
218 , 65.06 , 54.49 , 0.00 , 0
219 , 65.31 , 54.46 , 0.00 , 0
220 , 65.06 , 52.52 , 0.00 , 0
221 , 65.06 , 54.27 , 0.00 , 0
222 , 65.06 , 54.25 , 0.00 , 0
223 , 65.06 , 54.22 , 0.00 , 0
224 , 65.06 , 54.19 , 0.00 , 0
225 , 64.80 , 54.16 , 0.00 , 0
226 , 65.31 , 56.05 , 0.00 , 0
227 , 65.06 , 52.32 , 0.00 , 0
228 , 65.06 , 54.08 , 0.00 , 0
229 , 65.06 , 54.05 , 0.00 , 0
230 , 65.06 , 54.02 , 0.00 , 0
231 , 65.06 , 53.99 , 0.00 , 0
232 , 65.06 , 53.97 , 0.00 , 0
233 , 65.31 , 53.94 , 0.00 , 0
234 , 65.06 , 52.00 , 0.00 , 0
235 , 65.06 , 53.75 , 0.00 , 0
236 , 65.57 , 53.73 , 0.00 , 0
237 , 65.06 , 49.87 , 0.00 , 0
238 , 65.31 , 53.41 , 0.00 , 0
239 , 65.82 , 51.47 , 0.00 , 0
240 , 65.31 , 47.49 , 0.00 , 0
241 , 65.06 , 50.91 , 0.00 , 0
242 , 64.55 , 52.66 , 0.00 , 0
243 , 64.55 , 56.46 , 0.00 , 0
244 , 64.55 , 56.69 , 0.00 , 0
245 , 65.06 , 56.92 , 0.00 , 0
246 , 64.80 , 53.32 , 0.00 , 0
247 , 64.80 , 55.20 , 0.00 , 0
248 , 64.80 , 55.30 , 0.00 , 0
249 , 64.29 , 55.40 , 0.00 , 0
250 , 64.29 , 59.33 , 0.00 , 0
251 , 64.80 , 59.68 , 0.00 , 0
252 , 64.80 , 56.21 , 0.00 , 0
253 , 64.55 , 56.31 , 0.00 , 0
254 , 64.29 , 58.32 , 0.00 , 0
255 , 64.55 , 60.46 , 0.00 , 0
256 , 65.06 , 58.91 , 0.00 , 0
257 , 64.80 , 55.31 , 0.00 , 0
258 , 64.55 , 57.19 , 0.00 , 0
259 , 64.55 , 59.20 , 0.00 , 0
260 , 64.55 , 59.43 , 0.00 , 0
261 , 64.55 , 59.66 , 0.00 , 0
262 , 64.55 , 59.89 , 0.00 , 0
263 , 64.55 , 60.11 , 0.00 , 0
264 , 64.29 , 60.34 , 0.00 , 0
265 , 64.80 , 62.48 , 0.00 , 0
266 , 65.06 , 59.01 , 0.00 , 0
267 , 65.06 , 57.19 , 0.00 , 0
268 , 65.06 , 57.17 , 0.00 , 0
269 , 64.80 , 57.14 , 0.00 , 0
270 , 64.80 , 59.02 , 0.00 , 0
271 , 64.80 , 59.12 , 0.00 , 0
272 , 64.80 , 59.22 , 0.00 , 0
273 , 65.06 , 59.32 , 0.00 , 0
274 , 65.06 , 57.51 , 0.00 , 0
275 , 65.06 , 57.48 , 0.00 , 0
276 , 64.55 , 57.45 , 0.00 , 0
277 , 64.55 , 61.25 , 0.00 , 0
278 , 65.06 , 61.48 , 0.00 , 0
279 , 64.80 , 57.88 , 0.00 , 0
280 , 64.80 , 59.76 , 0.00 , 0
281 , 65.31 , 59.86 , 0.00 , 0
282 , 65.06 , 56.13 , 0.00 , 0
283 , 65.31 , 57.89 , 0.00 , 0
284 , 64.80 , 55.95 , 0.00 , 0
285 , 64.80 , 59.62 , 0.00 , 0
286 , 64.80 , 59.72 , 0.00 , 0
287 , 65.57 , 59.82 , 0.00 , 0
288 , 65.57 , 54.18 , 0.00 , 0
289 , 65.31 , 53.90 , 0.00 , 0
290 , 65.31 , 55.53 , 0.00 , 0
291 , 65.06 , 55.37 , 0.00 , 0
292 , 65.31 , 57.13 , 0.00 , 0
293 , 65.31 , 55.19 , 0.00 , 0
294 , 65.31 , 55.03 , 0.00 , 0
295 , 64.55 , 54.88 , 0.00 , 0
296 , 64.55 , 60.46 , 0.00 , 0
297 , 65.57 , 60.69 , 0.00 , 0
298 , 65.06 , 53.26 , 0.00 , 0
299 , 64.55 , 56.81 , 0.00 , 0
300 , 64.55 , 60.61 , 0.00 , 0
301 , 65.31 , 60.83 , 0.00 , 0
302 , 65.06 , 55.32 , 0.00 , 0
303 , 64.55 , 57.08 , 0.00 , 0
304 , 64.55 , 60.88 , 0.00 , 0
305 , 65.31 , 61.10 , 0.00 , 0
306 , 65.57 , 55.59 , 0.00 , 0
307 , 65.06 , 53.52 , 0.00 , 0
308 , 65.06 , 57.06 , 0.00 , 0
309 , 64.80 , 57.04 , 0.00 , 0
310 , 64.29 , 58.92 , 0.00 , 0
311 , 64.80 , 62.85 , 0.00 , 0
312 , 65.57 , 59.38 , 0.00 , 0
313 , 65.06 , 53.73 , 0.00 , 0
314 , 64.55 , 57.28 , 0.00 , 0
315 , 65.06 , 61.08 , 0.00 , 0
316 , 65.57 , 57.48 , 0.00 , 0
317 , 64.80 , 53.62 , 0.00 , 0
318 , 64.55 , 59.08 , 0.00 , 0
319 , 65.57 , 61.09 , 0.00 , 0
320 , 65.82 , 53.67 , 0.00 , 0
321 , 65.31 , 51.47 , 0.00 , 0
322 , 65.06 , 54.89 , 0.00 , 0
323 , 65.06 , 56.64 , 0.00 , 0
324 , 64.80 , 56.62 , 0.00 , 0
325 , 64.55 , 58.50 , 0.00 , 0
326 , 65.31 , 60.51 , 0.00 , 0
327 , 64.80 , 55.00 , 0.00 , 0
328 , 65.06 , 58.67 , 0.00 , 0
329 , 64.80 , 56.86 , 0.00 , 0
330 , 64.80 , 58.74 , 0.00 , 0
331 , 64.80 , 58.84 , 0.00 , 0
332 , 64.80 , 58.94 , 0.00 , 0
333 , 65.06 , 59.04 , 0.00 , 0
334 , 65.57 , 57.23 , 0.00 , 0
335 , 65.31 , 53.37 , 0.00 , 0
336 , 64.55 , 55.00 , 0.00 , 0
337 , 64.55 , 60.59 , 0.00 , 0
338 , 65.31 , 60.82 , 0.00 , 0
339 , 65.31 , 55.30 , 0.00 , 0
340 , 65.06 , 55.15 , 0.00 , 0
341 , 65.06 , 56.90 , 0.00 , 0
342 , 64.80 , 56.88 , 0.00 , 0
343 , 64.80 , 58.76 , 0.00 , 0
344 , 65.31 , 58.86 , 0.00 , 0
345 , 65.06 , 55.13 , 0.00 , 0
346 , 64.55 , 56.89 , 0.00 , 0
347 , 64.55 , 60.69 , 0.00 , 0
348 , 64.29 , 60.92 , 0.00 , 0
349 , 65.06 , 63.06 , 0.00 , 0
350 , 65.06 , 57.67 , 0.00 , 0
351 , 64.80 , 57.64 , 0.00 , 0
352 , 65.06 , 59.53 , 0.00 , 0
353 , 64.80 , 57.72 , 0.00 , 0
354 , 64.80 , 59.60 , 0.00 , 0
355 , 64.80 , 59.70 , 0.00 , 0
356 , 64.80 , 59.80 , 0.00 , 0
357 , 65.06 , 59.90 , 0.00 , 0
358 , 64.29 , 58.09 , 0.00 , 0
359 , 64.55 , 63.80 , 0.00 , 0
360 , 65.06 , 62.24 , 0.00 , 0
361 , 65.06 , 58.64 , 0.00 , 0
362 , 64.55 , 58.61 , 0.00 , 0
363 , 64.80 , 62.41 , 0.00 , 0
364 , 65.31 , 60.72 , 0.00 , 0
365 , 65.06 , 57.00 , 0.00 , 0
366 , 64.29 , 58.75 , 0.00 , 0
367 , 64.29 , 64.47 , 0.00 , 0
368 , 65.06 , 64.82 , 0.00 , 0
369 , 65.31 , 59.44 , 0.00 , 0
370 , 65.57 , 57.49 , 0.00 , 0
371 , 64.80 , 55.42 , 0.00 , 0
372 , 64.55 , 60.88 , 0.00 , 0
373 , 65.31 , 62.90 , 0.00 , 0
374 , 65.57 , 57.38 , 0.00 , 0
375 , 64.29 , 55.31 , 0.00 , 0
376 , 64.29 , 64.60 , 0.00 , 0
377 , 65.57 , 64.95 , 0.00 , 0
378 , 65.57 , 55.74 , 0.00 , 0
379 , 64.55 , 55.46 , 0.00 , 0
380 , 64.55 , 62.83 , 0.00 , 0
381 , 64.80 , 63.05 , 0.00 , 0
382 , 65.06 , 61.37 , 0.00 , 0
383 , 65.57 , 59.55 , 0.00 , 0
384 , 64.55 , 55.70 , 0.00 , 0
385 , 64.55 , 63.07 , 0.00 , 0
386 , 65.06 , 63.30 , 0.00 , 0
387 , 65.82 , 59.70 , 0.00 , 0
388 , 65.06 , 53.93 , 0.00 , 0
389 , 64.80 , 59.26 , 0.00 , 0
390 , 65.06 , 61.14 , 0.00 , 0
391 , 65.06 , 59.33 , 0.00 , 0
392 , 64.55 , 59.30 , 0.00 , 0
393 , 65.06 , 63.10 , 0.00 , 0
394 , 65.57 , 59.50 , 0.00 , 0
395 , 65.31 , 55.64 , 0.00 , 0
396 , 64.55 , 57.27 , 0.00 , 0
397 , 64.29 , 62.86 , 0.00 , 0
398 , 64.80 , 65.00 , 0.00 , 0
399 , 64.55 , 61.53 , 0.00 , 0
400 , 64.80 , 63.54 , 0.00 , 0
401 , 64.80 , 61.85 , 0.00 , 0
402 , 65.31 , 61.95 , 0.00 , 0
403 , 65.31 , 58.23 , 0.00 , 0
404 , 65.06 , 58.07 , 0.00 , 0
405 , 64.55 , 59.83 , 0.00 , 0
406 , 64.80 , 63.63 , 0.00 , 0
407 , 64.80 , 61.94 , 0.00 , 0
408 , 65.31 , 62.04 , 0.00 , 0
409 , 65.31 , 58.31 , 0.00 , 0
410 , 64.80 , 58.16 , 0.00 , 0
411 , 64.55 , 61.83 , 0.00 , 0
412 , 65.06 , 63.84 , 0.00 , 0
413 , 65.06 , 60.24 , 0.00 , 0
414 , 65.06 , 60.21 , 0.00 , 0
415 , 64.80 , 60.19 , 0.00 , 0
416 , 64.29 , 62.07 , 0.00 , 0
417 , 64.80 , 66.00 , 0.00 , 0
418 , 64.80 , 62.53 , 0.00 , 0
419 , 65.31 , 62.63 , 0.00 , 0
420 , 65.31 , 58.90 , 0.00 , 0
421 , 64.55 , 58.74 , 0.00 , 0
422 , 64.55 , 64.33 , 0.00 , 0
423 , 64.80 , 64.55 , 0.00 , 0
424 , 65.31 , 62.87 , 0.00 , 0
425 , 65.06 , 59.14 , 0.00 , 0
426 , 64.55 , 60.90 , 0.00 , 0
427 , 64.29 , 64.70 , 0.00 , 0
428 , 64.80 , 66.84 , 0.00 , 0
429 , 65.06 , 63.37 , 0.00 , 0
430 , 65.31 , 61.55 , 0.00 , 0
431 , 64.80 , 59.61 , 0.00 , 0
432 , 64.80 , 63.28 , 0.00 , 0
433 , 64.80 , 63.38 , 0.00 , 0
434 , 64.80 , 63.48 , 0.00 , 0
435 , 65.06 , 63.58 , 0.00 , 0
436 , 65.31 , 61.77 , 0.00 , 0
437 , 64.80 , 59.82 , 0.00 , 0
438 , 64.80 , 63.50 , 0.00 , 0
439 , 64.55 , 63.60 , 0.00 , 0
440 , 64.55 , 65.61 , 0.00 , 0
441 , 65.31 , 65.84 , 0.00 , 0
442 , 65.57 , 60.32 , 0.00 , 0
443 , 65.06 , 58.25 , 0.00 , 0
444 , 64.55 , 61.80 , 0.00 , 0
446 , 64.55 , 65.60 , 0.00 , 0
447 , 65.31 , 65.82 , 0.00 , 0
448 , 65.57 , 60.31 , 0.00 , 0
449 , 64.80 , 58.24 , 0.00 , 0
450 , 64.55 , 63.70 , 0.00 , 0
451 , 65.06 , 65.71 , 0.00 , 0
452 , 65.31 , 62.11 , 0.00 , 0
453 , 65.06 , 60.17 , 0.00 , 0
454 , 65.06 , 61.93 , 0.00 , 0
455 , 65.31 , 61.90 , 0.00 , 0
456 , 64.80 , 59.96 , 0.00 , 0
457 , 64.55 , 63.63 , 0.00 , 0
458 , 65.06 , 65.64 , 0.00 , 0
459 , 65.06 , 62.04 , 0.00 , 0
460 , 65.06 , 62.01 , 0.00 , 0
461 , 65.31 , 61.99 , 0.00 , 0
462 , 65.06 , 60.04 , 0.00 , 0
463 , 64.80 , 61.80 , 0.00 , 0
464 , 64.04 , 63.69 , 0.00 , 0
465 , 64.29 , 69.53 , 0.00 , 0
466 , 64.55 , 68.10 , 0.00 , 0
467 , 64.55 , 66.54 , 0.00 , 0
468 , 65.06 , 66.76 , 0.00 , 0
469 , 64.80 , 63.16 , 0.00 , 0
470 , 64.55 , 65.05 , 0.00 , 0
471 , 64.80 , 67.06 , 0.00 , 0
472 , 64.55 , 65.38 , 0.00 , 0
473 , 64.29 , 67.39 , 0.00 , 0
474 , 64.29 , 69.53 , 0.00 , 0
475 , 65.06 , 69.89 , 0.00 , 0
476 , 65.31 , 64.50 , 0.00 , 0
477 , 64.80 , 62.56 , 0.00 , 0
478 , 64.80 , 66.23 , 0.00 , 0
479 , 65.31 , 66.33 , 0.00 , 0
480 , 65.06 , 62.60 , 0.00 , 0
481 , 65.06 , 64.36 , 0.00 , 0
482 , 64.55 , 64.33 , 0.00 , 0
483 , 64.80 , 68.13 , 0.00 , 0
484 , 65.31 , 66.44 , 0.00 , 0
485 , 64.80 , 62.72 , 0.00 , 0
486 , 64.29 , 66.39 , 0.00 , 0
487 , 64.55 , 70.00 , 0.00 , 0
488 , 65.31 , 68.76 , 0.00 , 0
489 , 65.57 , 63.24 , 0.00 , 0
490 , 64.55 , 61.17 , 0.00 , 0
491 , 65.06 , 68.54 , 0.00 , 0
492 , 65.06 , 64.94 , 0.00 , 0
493 , 65.57 , 64.92 , 0.00 , 0
494 , 65.06 , 61.06 , 0.00 , 0
495 , 64.80 , 64.60 , 0.00 , 0
496 , 64.80 , 66.49 , 0.00 , 0
497 , 65.06 , 66.59 , 0.00 , 0
498 , 65.06 , 64.78 , 0.00 , 0
499 , 65.06 , 64.75 , 0.00 , 0
500 , 64.29 , 64.72 , 0.00 , 0
501 , 64.55 , 70.00 , 0.00 , 0
502 , 65.31 , 68.87 , 0.00 , 0
503 , 65.31 , 63.36 , 0.00 , 0
504 , 64.80 , 63.20 , 0.00 , 0
505 , 64.04 , 66.88 , 0.00 , 0
506 , 65.31 , 70.00 , 0.00 , 0
507 , 65.57 , 63.63 , 0.00 , 0
508 , 65.06 , 61.56 , 0.00 , 0
509 , 64.55 , 65.10 , 0.00 , 0
510 , 64.80 , 68.90 , 0.00 , 0
511 , 65.31 , 67.22 , 0.00 , 0
512 , 65.31 , 63.49 , 0.00 , 0
513 , 64.80 , 63.33 , 0.00 , 0
514 , 64.55 , 67.01 , 0.00 , 0
515 , 65.31 , 69.02 , 0.00 , 0
516 , 65.06 , 63.50 , 0.00 , 0
517 , 64.80 , 65.26 , 0.00 , 0
518 , 64.80 , 67.15 , 0.00 , 0
519 , 65.31 , 67.25 , 0.00 , 0
520 , 65.06 , 63.52 , 0.00 , 0
521 , 64.55 , 65.28 , 0.00 , 0
522 , 64.29 , 69.08 , 0.00 , 0
523 , 65.57 , 70.00 , 0.00 , 0
524 , 65.06 , 62.00 , 0.00 , 0
525 , 64.55 , 65.55 , 0.00 , 0
526 , 64.80 , 69.35 , 0.00 , 0
527 , 64.80 , 67.66 , 0.00 , 0
528 , 64.80 , 67.76 , 0.00 , 0
529 , 64.55 , 67.86 , 0.00 , 0
530 , 64.80 , 69.87 , 0.00 , 0
531 , 65.31 , 68.19 , 0.00 , 0
532 , 65.31 , 64.46 , 0.00 , 0
533 , 64.55 , 64.30 , 0.00 , 0
534 , 64.55 , 69.89 , 0.00 , 0
535 , 64.80 , 70.00 , 0.00 , 0
536 , 65.31 , 68.43 , 0.00 , 0
537 , 65.31 , 64.70 , 0.00 , 0
538 , 64.55 , 64.55 , 0.00 , 0
539 , 64.80 , 70.00 , 0.00 , 0
540 , 64.55 , 68.45 , 0.00 , 0
541 , 65.06 , 70.00 , 0.00 , 0
542 , 64.80 , 66.86 , 0.00 , 0
543 , 65.06 , 68.74 , 0.00 , 0
544 , 64.80 , 66.93 , 0.00 , 0
545 , 65.06 , 68.82 , 0.00 , 0
546 , 64.80 , 67.00 , 0.00 , 0
547 , 64.55 , 68.89 , 0.00 , 0
548 , 64.04 , 70.00 , 0.00 , 0
549 , 64.80 , 70.00 , 0.00 , 0
550 , 64.80 , 69.70 , 0.00 , 0
551 , 64.29 , 69.79 , 0.00 , 0
552 , 64.55 , 70.00 , 0.00 , 0
553 , 65.31 , 70.00 , 0.00 , 0
554 , 64.55 , 66.65 , 0.00 , 0
555 , 64.04 , 70.00 , 0.00 , 0
556 , 64.80 , 70.00 , 0.00 , 0
557 , 64.80 , 70.00 , 0.00 , 0
558 , 64.80 , 70.00 , 0.00 , 0
559 , 65.06 , 70.00 , 0.00 , 0
560 , 65.06 , 69.41 , 0.00 , 0
561 , 64.55 , 69.39 , 0.00 , 0
562 , 64.55 , 70.00 , 0.00 , 0
563 , 64.80 , 70.00 , 0.00 , 0
564 , 64.55 , 70.00 , 0.00 , 0
565 , 65.06 , 70.00 , 0.00 , 0
566 , 65.06 , 69.58 , 0.00 , 0
567 , 65.57 , 69.55 , 0.00 , 0
568 , 65.31 , 65.70 , 0.00 , 0
569 , 64.80 , 67.33 , 0.00 , 0
570 , 65.06 , 70.00 , 0.00 , 0
571 , 65.06 , 69.18 , 0.00 , 0
572 , 65.06 , 69.16 , 0.00 , 0
573 , 64.80 , 69.13 , 0.00 , 0
574 , 64.80 , 70.00 , 0.00 , 0
575 , 65.06 , 70.00 , 0.00 , 0
576 , 65.31 , 69.30 , 0.00 , 0
577 , 64.80 , 67.36 , 0.00 , 0
578 , 64.55 , 70.00 , 0.00 , 0
579 , 65.06 , 70.00 , 0.00 , 0
580 , 64.55 , 69.44 , 0.00 , 0
581 , 64.29 , 70.00 , 0.00 , 0
582 , 64.55 , 70.00 , 0.00 , 0
583 , 64.80 , 70.00 , 0.00 , 0
584 , 64.29 , 70.00 , 0.00 , 0
585 , 64.80 , 70.00 , 0.00 , 0
586 , 64.29 , 70.00 , 0.00 , 0
587 , 64.80 , 70.00 , 0.00 , 0
588 , 64.55 , 70.00 , 0.00 , 0
589 , 64.55 , 70.00 , 0.00 , 0
590 , 64.80 , 70.00 , 0.00 , 0
591 , 64.55 , 70.00 , 0.00 , 0
592 , 64.55 , 70.00 , 0.00 , 0
593 , 64.80 , 70.00 , 0.00 , 0
594 , 64.04 , 70.00 , 0.00 , 0
595 , 64.29 , 70.00 , 0.00 , 0
596 , 64.80 , 70.00 , 0.00 , 0
597 , 64.55 , 70.00 , 0.00 , 0
598 , 64.80 , 70.00 , 0.00 , 0
599 , 64.80 , 70.00 , 0.00 , 0
600 , 64.04 , 70.00 , 0.00 , 0
601 , 64.55 , 70.00 , 0.00 , 0
602 , 64.55 , 70.00 , 0.00 , 0
603 , 64.80 , 70.00 , 0.00 , 0
604 , 64.55 , 70.00 , 0.00 , 0
605 , 64.80 , 70.00 , 0.00 , 0
606 , 64.04 , 70.00 , 0.00 , 0
607 , 64.80 , 70.00 , 0.00 , 0
608 , 64.55 , 70.00 , 0.00 , 0
609 , 64.29 , 70.00 , 0.00 , 0
610 , 64.29 , 70.00 , 0.00 , 0
611 , 64.04 , 70.00 , 0.00 , 0
612 , 64.55 , 70.00 , 0.00 , 0
613 , 65.06 , 70.00 , 0.00 , 0
614 , 64.55 , 69.58 , 0.00 , 0
615 , 64.55 , 70.00 , 0.00 , 0
616 , 64.55 , 70.00 , 0.00 , 0
617 , 64.29 , 70.00 , 0.00 , 0
618 , 64.80 , 70.00 , 0.00 , 0
619 , 64.55 , 70.00 , 0.00 , 0
620 , 64.29 , 70.00 , 0.00 , 0
Please wait for the temperature to reach 95
0 , 29.08 , 90.00 , 0.00 , 0
1 , 28.57 , 90.00 , 0.00 , 0
2 , 36.22 , 90.00 , 0.00 , 0
3 , 38.27 , 90.00 , 0.00 , 0
4 , 40.56 , 90.00 , 0.00 , 0
5 , 42.09 , 90.00 , 0.00 , 0
6 , 43.62 , 90.00 , 0.00 , 0
7 , 44.64 , 90.00 , 0.00 , 0
8 , 45.41 , 90.00 , 0.00 , 0
9 , 46.69 , 90.00 , 0.00 , 0
10 , 47.71 , 90.00 , 0.00 , 0
11 , 47.96 , 90.00 , 0.00 , 0
12 , 48.22 , 90.00 , 0.00 , 0
13 , 48.73 , 90.00 , 0.00 , 0
14 , 49.75 , 90.00 , 0.00 , 0
15 , 49.49 , 90.00 , 0.00 , 0
16 , 50.26 , 90.00 , 0.00 , 0
17 , 51.02 , 90.00 , 0.00 , 0
18 , 51.28 , 90.00 , 0.00 , 0
19 , 52.55 , 90.00 , 0.00 , 0
20 , 52.55 , 90.00 , 0.00 , 0
21 , 53.32 , 90.00 , 0.00 , 0
22 , 53.83 , 90.00 , 0.00 , 0
23 , 54.34 , 90.00 , 0.00 , 0
24 , 54.85 , 90.00 , 0.00 , 0
25 , 55.11 , 90.00 , 0.00 , 0
26 , 55.87 , 90.00 , 0.00 , 0
27 , 55.87 , 90.00 , 0.00 , 0
28 , 56.13 , 90.00 , 0.00 , 0
29 , 56.89 , 90.00 , 0.00 , 0
30 , 57.40 , 90.00 , 0.00 , 0
31 , 56.89 , 90.00 , 0.00 , 0
32 , 57.91 , 90.00 , 0.00 , 0
33 , 58.93 , 90.00 , 0.00 , 0
34 , 59.19 , 90.00 , 0.00 , 0
35 , 59.44 , 90.00 , 0.00 , 0
36 , 59.95 , 90.00 , 0.00 , 0
37 , 60.21 , 90.00 , 0.00 , 0
38 , 60.72 , 90.00 , 0.00 , 0
39 , 60.97 , 90.00 , 0.00 , 0
40 , 61.23 , 90.00 , 0.00 , 0
41 , 60.97 , 90.00 , 0.00 , 0
42 , 61.48 , 90.00 , 0.00 , 0
43 , 61.99 , 90.00 , 0.00 , 0
44 , 61.99 , 90.00 , 0.00 , 0
45 , 62.50 , 90.00 , 0.00 , 0
46 , 61.99 , 90.00 , 0.00 , 0
47 , 62.76 , 90.00 , 0.00 , 0
48 , 63.53 , 90.00 , 0.00 , 0
49 , 63.27 , 90.00 , 0.00 , 0
50 , 63.78 , 90.00 , 0.00 , 0
51 , 63.78 , 90.00 , 0.00 , 0
52 , 63.78 , 90.00 , 0.00 , 0
53 , 63.78 , 90.00 , 0.00 , 0
54 , 63.78 , 90.00 , 0.00 , 0
55 , 64.29 , 90.00 , 0.00 , 0
56 , 64.04 , 90.00 , 0.00 , 0
57 , 64.80 , 90.00 , 0.00 , 0
58 , 65.06 , 90.00 , 0.00 , 0
Temperature has reached 95, please wait 60s for the initial denaturing to complete
59 , 65.06 , 89.58 , 0.00 , 0
60 , 65.06 , 89.55 , 0.00 , 0
61 , 65.57 , 89.52 , 0.00 , 0
62 , 65.57 , 85.67 , 0.00 , 0
63 , 65.82 , 85.38 , 0.00 , 0
64 , 65.31 , 83.19 , 0.00 , 0
65 , 65.57 , 86.60 , 0.00 , 0
66 , 65.82 , 84.54 , 0.00 , 0
67 , 65.31 , 82.34 , 0.00 , 0
68 , 65.06 , 85.75 , 0.00 , 0
69 , 65.82 , 87.51 , 0.00 , 0
70 , 66.33 , 81.74 , 0.00 , 0
71 , 65.57 , 77.51 , 0.00 , 0
72 , 65.57 , 82.58 , 0.00 , 0
73 , 66.08 , 82.30 , 0.00 , 0
74 , 66.08 , 78.19 , 0.00 , 0
75 , 65.31 , 77.65 , 0.00 , 0
76 , 65.82 , 82.85 , 0.00 , 0
77 , 66.33 , 78.87 , 0.00 , 0
78 , 65.82 , 74.63 , 0.00 , 0
79 , 65.06 , 77.79 , 0.00 , 0
80 , 65.57 , 83.12 , 0.00 , 0
81 , 65.57 , 79.27 , 0.00 , 0
82 , 66.08 , 78.98 , 0.00 , 0
83 , 65.82 , 74.87 , 0.00 , 0
84 , 65.06 , 76.25 , 0.00 , 0
85 , 65.57 , 81.58 , 0.00 , 0
86 , 66.08 , 77.72 , 0.00 , 0
87 , 65.57 , 73.61 , 0.00 , 0
88 , 64.80 , 76.90 , 0.00 , 0
89 , 65.06 , 82.36 , 0.00 , 0
90 , 66.59 , 80.54 , 0.00 , 0
91 , 66.59 , 69.04 , 0.00 , 0
92 , 65.31 , 68.24 , 0.00 , 0
93 , 64.80 , 77.02 , 0.00 , 0
94 , 65.31 , 80.69 , 0.00 , 0
95 , 65.31 , 76.96 , 0.00 , 0
96 , 64.80 , 76.80 , 0.00 , 0
97 , 65.31 , 80.48 , 0.00 , 0
98 , 65.82 , 76.75 , 0.00 , 0
99 , 65.31 , 72.77 , 0.00 , 0
100 , 65.06 , 76.18 , 0.00 , 0
101 , 64.80 , 77.94 , 0.00 , 0
102 , 65.31 , 79.83 , 0.00 , 0
103 , 65.82 , 76.10 , 0.00 , 0
104 , 65.31 , 72.12 , 0.00 , 0
105 , 64.04 , 75.53 , 0.00 , 0
106 , 64.80 , 84.94 , 0.00 , 0
107 , 65.82 , 79.69 , 0.00 , 0
108 , 65.57 , 72.13 , 0.00 , 0
109 , 64.04 , 73.63 , 0.00 , 0
110 , 64.29 , 84.83 , 0.00 , 0
111 , 66.08 , 83.40 , 0.00 , 0
112 , 66.08 , 70.36 , 0.00 , 0
113 , 65.06 , 69.82 , 0.00 , 0
114 , 64.80 , 76.94 , 0.00 , 0
115 , 65.31 , 78.82 , 0.00 , 0
116 , 65.82 , 75.10 , 0.00 , 0
117 , 65.31 , 71.11 , 0.00 , 0
118 , 64.29 , 74.53 , 0.00 , 0
119 , 65.31 , 82.03 , 0.00 , 0
120 , 65.57 , 74.73 , 0.00 , 0
121 , 65.57 , 72.66 , 0.00 , 0
122 , 65.06 , 72.38 , 0.00 , 0
123 , 64.55 , 75.92 , 0.00 , 0
124 , 64.55 , 79.72 , 0.00 , 0
125 , 65.82 , 79.95 , 0.00 , 0
126 , 65.31 , 70.60 , 0.00 , 0
127 , 64.80 , 74.02 , 0.00 , 0
128 , 64.80 , 77.69 , 0.00 , 0
129 , 65.06 , 77.79 , 0.00 , 0
130 , 65.31 , 75.98 , 0.00 , 0
131 , 65.31 , 74.04 , 0.00 , 0
132 , 65.31 , 73.88 , 0.00 , 0
133 , 65.06 , 73.73 , 0.00 , 0
134 , 65.31 , 75.48 , 0.00 , 0
135 , 65.06 , 73.54 , 0.00 , 0
136 , 64.80 , 75.30 , 0.00 , 0
137 , 65.06 , 77.19 , 0.00 , 0
138 , 65.31 , 75.37 , 0.00 , 0
139 , 65.31 , 73.43 , 0.00 , 0
140 , 65.06 , 73.27 , 0.00 , 0
141 , 65.06 , 75.03 , 0.00 , 0
142 , 65.57 , 75.00 , 0.00 , 0
143 , 65.06 , 71.15 , 0.00 , 0
144 , 64.55 , 74.69 , 0.00 , 0
145 , 65.06 , 78.49 , 0.00 , 0
146 , 65.31 , 74.89 , 0.00 , 0
147 , 64.80 , 72.95 , 0.00 , 0
148 , 65.06 , 76.62 , 0.00 , 0
149 , 65.31 , 74.81 , 0.00 , 0
150 , 65.06 , 72.87 , 0.00 , 0
151 , 65.06 , 74.62 , 0.00 , 0
152 , 64.80 , 74.60 , 0.00 , 0
153 , 65.06 , 76.48 , 0.00 , 0
154 , 65.06 , 74.67 , 0.00 , 0
155 , 64.55 , 74.64 , 0.00 , 0
156 , 64.80 , 78.44 , 0.00 , 0
157 , 64.55 , 76.75 , 0.00 , 0
158 , 64.80 , 78.77 , 0.00 , 0
159 , 65.06 , 77.08 , 0.00 , 0
160 , 64.55 , 75.26 , 0.00 , 0
161 , 64.29 , 79.06 , 0.00 , 0
162 , 65.31 , 81.20 , 0.00 , 0
163 , 65.31 , 73.90 , 0.00 , 0
164 , 64.29 , 73.75 , 0.00 , 0
165 , 64.55 , 81.25 , 0.00 , 0
166 , 64.80 , 79.69 , 0.00 , 0
167 , 65.31 , 78.00 , 0.00 , 0
168 , 65.06 , 74.27 , 0.00 , 0
169 , 64.80 , 76.03 , 0.00 , 0
170 , 64.80 , 77.92 , 0.00 , 0
171 , 64.55 , 78.02 , 0.00 , 0
172 , 65.06 , 80.03 , 0.00 , 0
173 , 65.57 , 76.43 , 0.00 , 0
174 , 65.31 , 72.58 , 0.00 , 0
175 , 65.06 , 74.21 , 0.00 , 0
176 , 65.06 , 75.96 , 0.00 , 0
177 , 65.31 , 75.94 , 0.00 , 0
178 , 65.31 , 73.99 , 0.00 , 0
179 , 64.55 , 73.84 , 0.00 , 0
180 , 64.55 , 79.42 , 0.00 , 0
181 , 65.06 , 79.65 , 0.00 , 0
182 , 65.57 , 76.05 , 0.00 , 0
183 , 65.31 , 72.20 , 0.00 , 0
184 , 65.06 , 73.83 , 0.00 , 0
185 , 65.06 , 75.58 , 0.00 , 0
186 , 65.31 , 75.56 , 0.00 , 0
187 , 65.31 , 73.61 , 0.00 , 0
188 , 65.06 , 73.46 , 0.00 , 0
189 , 64.80 , 75.22 , 0.00 , 0
190 , 65.06 , 77.10 , 0.00 , 0
191 , 64.80 , 75.29 , 0.00 , 0
192 , 64.55 , 77.17 , 0.00 , 0
193 , 64.80 , 79.19 , 0.00 , 0
194 , 65.06 , 77.50 , 0.00 , 0
195 , 64.55 , 75.69 , 0.00 , 0
196 , 64.55 , 79.49 , 0.00 , 0
197 , 64.80 , 79.71 , 0.00 , 0
198 , 65.82 , 78.03 , 0.00 , 0
199 , 65.57 , 70.47 , 0.00 , 0
200 , 64.80 , 71.97 , 0.00 , 0
201 , 64.55 , 77.43 , 0.00 , 0
202 , 65.31 , 79.44 , 0.00 , 0
203 , 64.80 , 73.93 , 0.00 , 0
204 , 64.55 , 77.60 , 0.00 , 0
205 , 65.06 , 79.62 , 0.00 , 0
206 , 65.31 , 76.02 , 0.00 , 0
207 , 65.06 , 74.07 , 0.00 , 0
208 , 64.80 , 75.83 , 0.00 , 0
209 , 64.80 , 77.72 , 0.00 , 0
210 , 64.80 , 77.82 , 0.00 , 0
211 , 64.55 , 77.92 , 0.00 , 0
212 , 65.06 , 79.93 , 0.00 , 0
213 , 65.06 , 76.33 , 0.00 , 0
214 , 64.55 , 76.30 , 0.00 , 0
215 , 64.80 , 80.10 , 0.00 , 0
216 , 64.80 , 78.41 , 0.00 , 0
217 , 64.80 , 78.51 , 0.00 , 0
218 , 64.80 , 78.61 , 0.00 , 0
219 , 64.80 , 78.71 , 0.00 , 0
220 , 65.31 , 78.81 , 0.00 , 0
221 , 64.80 , 75.08 , 0.00 , 0
222 , 65.06 , 78.76 , 0.00 , 0
223 , 64.55 , 76.94 , 0.00 , 0
224 , 64.80 , 80.74 , 0.00 , 0
225 , 65.06 , 79.05 , 0.00 , 0
226 , 65.06 , 77.24 , 0.00 , 0
227 , 64.80 , 77.21 , 0.00 , 0
228 , 64.80 , 79.10 , 0.00 , 0
229 , 64.55 , 79.20 , 0.00 , 0
230 , 64.80 , 81.21 , 0.00 , 0
231 , 65.31 , 79.52 , 0.00 , 0
232 , 65.06 , 75.80 , 0.00 , 0
233 , 64.80 , 77.55 , 0.00 , 0
234 , 65.31 , 79.44 , 0.00 , 0
235 , 65.06 , 75.71 , 0.00 , 0
236 , 65.06 , 77.47 , 0.00 , 0
237 , 65.06 , 77.44 , 0.00 , 0
238 , 65.31 , 77.41 , 0.00 , 0
239 , 65.06 , 75.47 , 0.00 , 0
240 , 64.80 , 77.23 , 0.00 , 0
241 , 64.80 , 79.12 , 0.00 , 0
242 , 65.06 , 79.22 , 0.00 , 0
243 , 64.80 , 77.40 , 0.00 , 0
244 , 64.55 , 79.29 , 0.00 , 0
245 , 65.06 , 81.30 , 0.00 , 0
246 , 64.55 , 77.70 , 0.00 , 0
247 , 64.04 , 81.50 , 0.00 , 0
248 , 64.80 , 85.55 , 0.00 , 0
249 , 65.31 , 80.30 , 0.00 , 0
250 , 65.06 , 76.57 , 0.00 , 0
251 , 64.04 , 78.33 , 0.00 , 0
252 , 64.80 , 85.95 , 0.00 , 0
253 , 65.82 , 80.69 , 0.00 , 0
254 , 65.06 , 73.14 , 0.00 , 0
255 , 64.29 , 78.47 , 0.00 , 0
256 , 64.80 , 84.18 , 0.00 , 0
257 , 65.82 , 80.71 , 0.00 , 0
258 , 65.31 , 73.15 , 0.00 , 0
259 , 64.29 , 76.57 , 0.00 , 0
260 , 65.06 , 84.07 , 0.00 , 0
261 , 65.82 , 78.68 , 0.00 , 0
262 , 65.57 , 72.91 , 0.00 , 0
263 , 64.80 , 74.42 , 0.00 , 0
264 , 65.06 , 79.87 , 0.00 , 0
265 , 65.57 , 78.06 , 0.00 , 0
266 , 65.31 , 74.20 , 0.00 , 0
267 , 65.06 , 75.84 , 0.00 , 0
268 , 65.31 , 77.59 , 0.00 , 0
269 , 65.06 , 75.65 , 0.00 , 0
270 , 65.06 , 77.41 , 0.00 , 0
271 , 65.31 , 77.38 , 0.00 , 0
272 , 65.57 , 75.44 , 0.00 , 0
273 , 64.80 , 73.37 , 0.00 , 0
274 , 64.55 , 78.83 , 0.00 , 0
275 , 65.06 , 80.84 , 0.00 , 0
276 , 65.06 , 77.24 , 0.00 , 0
277 , 65.31 , 77.21 , 0.00 , 0
278 , 65.31 , 75.27 , 0.00 , 0
279 , 65.31 , 75.12 , 0.00 , 0
280 , 65.06 , 74.96 , 0.00 , 0
281 , 64.55 , 76.72 , 0.00 , 0
282 , 65.31 , 80.52 , 0.00 , 0
283 , 64.80 , 75.00 , 0.00 , 0
284 , 64.80 , 78.68 , 0.00 , 0
285 , 64.80 , 78.77 , 0.00 , 0
286 , 64.55 , 78.87 , 0.00 , 0
287 , 64.80 , 80.89 , 0.00 , 0
288 , 65.57 , 79.20 , 0.00 , 0
289 , 65.57 , 73.56 , 0.00 , 0
290 , 65.31 , 73.28 , 0.00 , 0
291 , 65.06 , 74.91 , 0.00 , 0
292 , 65.06 , 76.67 , 0.00 , 0
293 , 65.31 , 76.64 , 0.00 , 0
294 , 64.80 , 74.70 , 0.00 , 0
295 , 65.06 , 78.37 , 0.00 , 0
296 , 65.31 , 76.55 , 0.00 , 0
297 , 65.31 , 74.61 , 0.00 , 0
298 , 64.80 , 74.46 , 0.00 , 0
299 , 64.80 , 78.13 , 0.00 , 0
300 , 64.55 , 78.23 , 0.00 , 0
301 , 65.06 , 80.24 , 0.00 , 0
302 , 65.06 , 76.64 , 0.00 , 0
303 , 64.80 , 76.61 , 0.00 , 0
304 , 64.80 , 78.50 , 0.00 , 0
305 , 65.06 , 78.60 , 0.00 , 0
306 , 64.80 , 76.78 , 0.00 , 0
307 , 64.80 , 78.67 , 0.00 , 0
308 , 65.06 , 78.77 , 0.00 , 0
309 , 65.06 , 76.95 , 0.00 , 0
310 , 64.80 , 76.93 , 0.00 , 0
311 , 65.06 , 78.81 , 0.00 , 0
312 , 65.06 , 77.00 , 0.00 , 0
313 , 64.80 , 76.97 , 0.00 , 0
314 , 65.06 , 78.85 , 0.00 , 0
315 , 65.06 , 77.04 , 0.00 , 0
316 , 64.55 , 77.01 , 0.00 , 0
317 , 64.80 , 80.81 , 0.00 , 0
318 , 65.57 , 79.13 , 0.00 , 0
319 , 65.31 , 73.48 , 0.00 , 0
320 , 64.55 , 75.11 , 0.00 , 0
321 , 64.80 , 80.70 , 0.00 , 0
322 , 64.55 , 79.01 , 0.00 , 0
323 , 65.06 , 81.03 , 0.00 , 0
324 , 65.31 , 77.43 , 0.00 , 0
325 , 65.06 , 75.48 , 0.00 , 0
326 , 64.80 , 77.24 , 0.00 , 0
327 , 64.55 , 79.13 , 0.00 , 0
328 , 65.06 , 81.14 , 0.00 , 0
329 , 65.06 , 77.54 , 0.00 , 0
330 , 65.06 , 77.51 , 0.00 , 0
331 , 64.80 , 77.48 , 0.00 , 0
332 , 64.55 , 79.37 , 0.00 , 0
333 , 65.06 , 81.38 , 0.00 , 0
334 , 65.06 , 77.78 , 0.00 , 0
335 , 64.55 , 77.76 , 0.00 , 0
336 , 64.80 , 81.55 , 0.00 , 0
337 , 65.06 , 79.87 , 0.00 , 0
338 , 65.31 , 78.05 , 0.00 , 0
339 , 65.06 , 76.11 , 0.00 , 0
340 , 64.80 , 77.87 , 0.00 , 0
341 , 65.06 , 79.76 , 0.00 , 0
342 , 65.31 , 77.94 , 0.00 , 0
343 , 65.31 , 76.00 , 0.00 , 0
344 , 65.06 , 75.84 , 0.00 , 0
345 , 65.06 , 77.60 , 0.00 , 0
346 , 65.57 , 77.57 , 0.00 , 0
347 , 65.31 , 73.72 , 0.00 , 0
348 , 64.29 , 75.35 , 0.00 , 0
349 , 64.80 , 82.85 , 0.00 , 0
350 , 65.31 , 79.38 , 0.00 , 0
351 , 65.31 , 75.65 , 0.00 , 0
352 , 64.80 , 75.49 , 0.00 , 0
353 , 65.06 , 79.16 , 0.00 , 0
354 , 65.57 , 77.35 , 0.00 , 0
355 , 64.80 , 73.49 , 0.00 , 0
356 , 64.80 , 78.95 , 0.00 , 0
357 , 64.80 , 79.05 , 0.00 , 0
358 , 65.31 , 79.15 , 0.00 , 0
359 , 65.31 , 75.42 , 0.00 , 0
360 , 64.80 , 75.27 , 0.00 , 0
361 , 64.55 , 78.94 , 0.00 , 0
362 , 65.06 , 80.95 , 0.00 , 0
363 , 65.31 , 77.35 , 0.00 , 0
364 , 65.31 , 75.41 , 0.00 , 0
365 , 65.06 , 75.26 , 0.00 , 0
366 , 64.29 , 77.01 , 0.00 , 0
367 , 65.06 , 82.73 , 0.00 , 0
368 , 65.57 , 77.34 , 0.00 , 0
369 , 64.80 , 73.48 , 0.00 , 0
370 , 64.04 , 78.94 , 0.00 , 0
371 , 65.06 , 84.78 , 0.00 , 0
372 , 65.06 , 77.61 , 0.00 , 0
373 , 64.55 , 77.58 , 0.00 , 0
374 , 64.80 , 81.38 , 0.00 , 0
375 , 65.31 , 79.70 , 0.00 , 0
376 , 65.31 , 75.97 , 0.00 , 0
377 , 65.06 , 75.81 , 0.00 , 0
378 , 65.06 , 77.57 , 0.00 , 0
379 , 65.06 , 77.54 , 0.00 , 0
380 , 64.80 , 77.51 , 0.00 , 0
381 , 65.31 , 79.40 , 0.00 , 0
382 , 65.31 , 75.67 , 0.00 , 0
383 , 65.06 , 75.52 , 0.00 , 0
384 , 65.31 , 77.27 , 0.00 , 0
385 , 65.31 , 75.33 , 0.00 , 0
386 , 64.55 , 75.18 , 0.00 , 0
387 , 65.31 , 80.76 , 0.00 , 0
388 , 65.82 , 75.25 , 0.00 , 0
389 , 65.06 , 71.27 , 0.00 , 0
390 , 64.55 , 76.60 , 0.00 , 0
391 , 65.06 , 80.39 , 0.00 , 0
392 , 65.31 , 76.79 , 0.00 , 0
393 , 65.06 , 74.85 , 0.00 , 0
394 , 64.29 , 76.61 , 0.00 , 0
395 , 64.80 , 82.32 , 0.00 , 0
396 , 65.31 , 78.85 , 0.00 , 0
397 , 64.80 , 75.12 , 0.00 , 0
398 , 64.55 , 78.79 , 0.00 , 0
399 , 64.80 , 80.81 , 0.00 , 0
400 , 65.06 , 79.12 , 0.00 , 0
401 , 65.31 , 77.31 , 0.00 , 0
402 , 64.55 , 75.37 , 0.00 , 0
403 , 64.80 , 80.95 , 0.00 , 0
404 , 65.31 , 79.26 , 0.00 , 0
405 , 65.57 , 75.54 , 0.00 , 0
406 , 65.31 , 73.47 , 0.00 , 0
407 , 65.06 , 75.10 , 0.00 , 0
408 , 64.80 , 76.86 , 0.00 , 0
409 , 65.06 , 78.74 , 0.00 , 0
410 , 65.57 , 76.93 , 0.00 , 0
411 , 65.31 , 73.07 , 0.00 , 0
412 , 64.80 , 74.70 , 0.00 , 0
413 , 65.06 , 78.37 , 0.00 , 0
414 , 65.31 , 76.56 , 0.00 , 0
415 , 65.06 , 74.62 , 0.00 , 0
416 , 65.57 , 76.38 , 0.00 , 0
417 , 65.57 , 72.52 , 0.00 , 0
418 , 65.06 , 72.24 , 0.00 , 0
419 , 64.55 , 75.78 , 0.00 , 0
420 , 64.29 , 79.58 , 0.00 , 0
421 , 65.57 , 81.72 , 0.00 , 0
422 , 65.57 , 72.51 , 0.00 , 0
423 , 64.55 , 72.23 , 0.00 , 0
424 , 64.29 , 79.60 , 0.00 , 0
425 , 65.06 , 81.74 , 0.00 , 0
426 , 65.06 , 76.35 , 0.00 , 0
427 , 65.31 , 76.32 , 0.00 , 0
428 , 65.31 , 74.38 , 0.00 , 0
429 , 65.06 , 74.23 , 0.00 , 0
430 , 65.06 , 75.98 , 0.00 , 0
431 , 65.06 , 75.96 , 0.00 , 0
432 , 65.06 , 75.93 , 0.00 , 0
433 , 64.80 , 75.90 , 0.00 , 0
434 , 64.80 , 77.79 , 0.00 , 0
435 , 64.80 , 77.88 , 0.00 , 0
436 , 65.06 , 77.98 , 0.00 , 0
437 , 65.31 , 76.17 , 0.00 , 0
438 , 65.31 , 74.23 , 0.00 , 0
439 , 65.06 , 74.07 , 0.00 , 0
440 , 65.06 , 75.83 , 0.00 , 0
441 , 65.31 , 75.80 , 0.00 , 0
442 , 65.31 , 73.86 , 0.00 , 0
443 , 65.06 , 73.71 , 0.00 , 0
444 , 65.06 , 75.46 , 0.00 , 0
445 , 65.06 , 75.44 , 0.00 , 0
447 , 65.31 , 75.41 , 0.00 , 0
448 , 65.31 , 73.47 , 0.00 , 0
449 , 64.80 , 73.31 , 0.00 , 0
450 , 64.29 , 76.98 , 0.00 , 0
451 , 64.80 , 80.91 , 0.00 , 0
452 , 65.06 , 77.44 , 0.00 , 0
453 , 64.80 , 75.62 , 0.00 , 0
454 , 64.80 , 77.51 , 0.00 , 0
455 , 64.80 , 77.61 , 0.00 , 0
456 , 65.06 , 77.71 , 0.00 , 0
457 , 65.31 , 75.89 , 0.00 , 0
458 , 65.06 , 73.95 , 0.00 , 0
459 , 64.80 , 75.71 , 0.00 , 0
460 , 64.80 , 77.59 , 0.00 , 0
461 , 65.31 , 77.69 , 0.00 , 0
462 , 65.31 , 73.97 , 0.00 , 0
463 , 64.55 , 73.81 , 0.00 , 0
464 , 64.55 , 79.40 , 0.00 , 0
465 , 65.06 , 79.62 , 0.00 , 0
466 , 65.31 , 76.02 , 0.00 , 0
467 , 65.06 , 74.08 , 0.00 , 0
468 , 64.80 , 75.84 , 0.00 , 0
469 , 64.80 , 77.72 , 0.00 , 0
470 , 65.06 , 77.82 , 0.00 , 0
471 , 64.80 , 76.01 , 0.00 , 0
472 , 64.80 , 77.90 , 0.00 , 0
473 , 64.80 , 77.99 , 0.00 , 0
474 , 65.06 , 78.09 , 0.00 , 0
475 , 65.31 , 76.28 , 0.00 , 0
476 , 65.06 , 74.34 , 0.00 , 0
477 , 64.55 , 76.10 , 0.00 , 0
478 , 64.55 , 79.90 , 0.00 , 0
479 , 65.31 , 80.12 , 0.00 , 0
480 , 65.57 , 74.61 , 0.00 , 0
481 , 65.06 , 72.54 , 0.00 , 0
482 , 64.55 , 76.08 , 0.00 , 0
483 , 64.55 , 79.88 , 0.00 , 0
484 , 65.31 , 80.11 , 0.00 , 0
485 , 65.57 , 74.60 , 0.00 , 0
486 , 65.06 , 72.53 , 0.00 , 0
487 , 64.80 , 76.07 , 0.00 , 0
488 , 64.80 , 77.96 , 0.00 , 0
489 , 65.31 , 78.06 , 0.00 , 0
490 , 65.31 , 74.33 , 0.00 , 0
491 , 64.80 , 74.17 , 0.00 , 0
492 , 64.80 , 77.84 , 0.00 , 0
493 , 64.29 , 77.94 , 0.00 , 0
494 , 65.31 , 81.87 , 0.00 , 0
495 , 65.31 , 74.57 , 0.00 , 0
496 , 64.55 , 74.42 , 0.00 , 0
497 , 64.55 , 80.00 , 0.00 , 0
498 , 65.06 , 80.23 , 0.00 , 0
499 , 65.31 , 76.63 , 0.00 , 0
500 , 64.55 , 74.69 , 0.00 , 0
501 , 64.55 , 80.27 , 0.00 , 0
502 , 65.06 , 80.50 , 0.00 , 0
503 , 65.06 , 76.90 , 0.00 , 0
504 , 65.06 , 76.87 , 0.00 , 0
505 , 65.06 , 76.84 , 0.00 , 0
506 , 64.80 , 76.81 , 0.00 , 0
507 , 65.06 , 78.70 , 0.00 , 0
508 , 65.31 , 76.89 , 0.00 , 0
509 , 64.80 , 74.94 , 0.00 , 0
510 , 64.80 , 78.62 , 0.00 , 0
511 , 65.06 , 78.72 , 0.00 , 0
512 , 65.06 , 76.90 , 0.00 , 0
513 , 64.80 , 76.87 , 0.00 , 0
514 , 64.29 , 78.76 , 0.00 , 0
515 , 65.06 , 82.69 , 0.00 , 0
516 , 65.06 , 77.30 , 0.00 , 0
517 , 64.80 , 77.27 , 0.00 , 0
518 , 64.80 , 79.16 , 0.00 , 0
519 , 65.31 , 79.26 , 0.00 , 0
520 , 65.06 , 75.53 , 0.00 , 0
521 , 64.80 , 77.29 , 0.00 , 0
522 , 64.80 , 79.17 , 0.00 , 0
523 , 65.06 , 79.27 , 0.00 , 0
524 , 65.31 , 77.46 , 0.00 , 0
525 , 65.06 , 75.52 , 0.00 , 0
526 , 64.29 , 77.27 , 0.00 , 0
527 , 64.55 , 82.99 , 0.00 , 0
528 , 65.31 , 81.43 , 0.00 , 0
529 , 65.57 , 75.91 , 0.00 , 0
530 , 64.80 , 73.84 , 0.00 , 0
531 , 64.55 , 79.30 , 0.00 , 0
532 , 65.06 , 81.32 , 0.00 , 0
533 , 65.31 , 77.72 , 0.00 , 0
534 , 65.57 , 75.77 , 0.00 , 0
535 , 65.31 , 73.70 , 0.00 , 0
536 , 64.80 , 75.33 , 0.00 , 0
537 , 65.06 , 79.01 , 0.00 , 0
538 , 65.57 , 77.19 , 0.00 , 0
539 , 65.31 , 73.34 , 0.00 , 0
540 , 65.06 , 74.97 , 0.00 , 0
541 , 65.06 , 76.73 , 0.00 , 0
542 , 65.06 , 76.70 , 0.00 , 0
543 , 64.80 , 76.67 , 0.00 , 0
544 , 65.31 , 78.55 , 0.00 , 0
545 , 65.06 , 74.83 , 0.00 , 0
546 , 65.06 , 76.59 , 0.00 , 0
547 , 65.06 , 76.56 , 0.00 , 0
548 , 65.06 , 76.53 , 0.00 , 0
549 , 65.06 , 76.50 , 0.00 , 0
550 , 64.80 , 76.47 , 0.00 , 0
551 , 64.55 , 78.36 , 0.00 , 0
552 , 65.06 , 80.37 , 0.00 , 0
553 , 65.31 , 76.77 , 0.00 , 0
554 , 64.55 , 74.83 , 0.00 , 0
555 , 64.80 , 80.42 , 0.00 , 0
556 , 65.06 , 78.73 , 0.00 , 0
557 , 64.55 , 76.91 , 0.00 , 0
558 , 65.31 , 80.71 , 0.00 , 0
559 , 65.31 , 75.20 , 0.00 , 0
560 , 64.55 , 75.04 , 0.00 , 0
561 , 64.55 , 80.63 , 0.00 , 0
562 , 65.31 , 80.86 , 0.00 , 0
563 , 65.31 , 75.34 , 0.00 , 0
564 , 64.55 , 75.19 , 0.00 , 0
565 , 64.55 , 80.77 , 0.00 , 0
566 , 65.06 , 81.00 , 0.00 , 0
567 , 64.55 , 77.40 , 0.00 , 0
568 , 64.55 , 81.20 , 0.00 , 0
569 , 64.55 , 81.43 , 0.00 , 0
570 , 65.31 , 81.65 , 0.00 , 0
571 , 65.31 , 76.14 , 0.00 , 0
572 , 64.29 , 75.98 , 0.00 , 0
573 , 64.55 , 83.48 , 0.00 , 0
574 , 64.80 , 81.92 , 0.00 , 0
575 , 65.06 , 80.24 , 0.00 , 0
576 , 65.06 , 78.42 , 0.00 , 0
577 , 64.55 , 78.39 , 0.00 , 0
578 , 65.06 , 82.19 , 0.00 , 0
579 , 65.06 , 78.59 , 0.00 , 0
580 , 64.29 , 78.57 , 0.00 , 0
581 , 64.80 , 84.28 , 0.00 , 0
582 , 65.57 , 80.81 , 0.00 , 0
583 , 64.80 , 75.16 , 0.00 , 0
584 , 64.29 , 80.62 , 0.00 , 0
585 , 65.06 , 84.55 , 0.00 , 0
586 , 65.06 , 79.16 , 0.00 , 0
587 , 64.80 , 79.13 , 0.00 , 0
588 , 64.55 , 81.02 , 0.00 , 0
589 , 65.06 , 83.03 , 0.00 , 0
590 , 65.06 , 79.43 , 0.00 , 0
591 , 65.31 , 79.41 , 0.00 , 0
592 , 64.80 , 77.46 , 0.00 , 0
593 , 65.06 , 81.14 , 0.00 , 0
594 , 65.57 , 79.32 , 0.00 , 0
595 , 65.57 , 75.47 , 0.00 , 0
596 , 64.55 , 75.18 , 0.00 , 0
597 , 64.55 , 82.55 , 0.00 , 0
598 , 65.31 , 82.78 , 0.00 , 0
599 , 65.57 , 77.27 , 0.00 , 0
600 , 65.31 , 75.20 , 0.00 , 0
601 , 64.80 , 76.83 , 0.00 , 0
602 , 65.06 , 80.50 , 0.00 , 0
603 , 65.57 , 78.69 , 0.00 , 0
604 , 65.31 , 74.83 , 0.00 , 0
605 , 64.80 , 76.46 , 0.00 , 0
606 , 65.06 , 80.13 , 0.00 , 0
607 , 65.06 , 78.32 , 0.00 , 0
608 , 65.06 , 78.29 , 0.00 , 0
609 , 65.06 , 78.26 , 0.00 , 0
610 , 65.31 , 78.23 , 0.00 , 0
611 , 64.80 , 76.29 , 0.00 , 0
612 , 64.80 , 79.96 , 0.00 , 0
613 , 65.31 , 80.06 , 0.00 , 0
614 , 65.06 , 76.34 , 0.00 , 0
615 , 64.80 , 78.09 , 0.00 , 0
616 , 64.80 , 79.98 , 0.00 , 0
617 , 65.06 , 80.08 , 0.00 , 0
618 , 64.80 , 78.27 , 0.00 , 0
619 , 65.06 , 80.15 , 0.00 , 0
620 , 65.06 , 78.34 , 0.00 , 0
621 , 65.06 , 78.31 , 0.00 , 0
622 , 65.06 , 78.28 , 0.00 , 0
623 , 65.06 , 78.25 , 0.00 , 0
624 , 64.80 , 78.22 , 0.00 , 0
625 , 65.06 , 80.11 , 0.00 , 0
626 , 65.06 , 78.30 , 0.00 , 0
627 , 65.31 , 78.27 , 0.00 , 0
628 , 65.31 , 76.33 , 0.00 , 0
629 , 64.80 , 76.17 , 0.00 , 0
630 , 64.80 , 79.84 , 0.00 , 0
631 , 65.06 , 79.94 , 0.00 , 0
632 , 65.31 , 78.13 , 0.00 , 0
633 , 65.57 , 76.19 , 0.00 , 0
634 , 65.31 , 74.12 , 0.00 , 0
635 , 65.06 , 75.75 , 0.00 , 0
636 , 64.80 , 77.51 , 0.00 , 0
637 , 65.31 , 79.39 , 0.00 , 0
638 , 65.82 , 75.66 , 0.00 , 0
639 , 65.06 , 71.68 , 0.00 , 0
640 , 64.55 , 77.01 , 0.00 , 0
641 , 65.31 , 80.81 , 0.00 , 0
642 , 65.82 , 75.30 , 0.00 , 0
643 , 64.80 , 71.31 , 0.00 , 0
644 , 64.55 , 78.56 , 0.00 , 0
645 , 65.57 , 80.57 , 0.00 , 0
646 , 65.31 , 73.14 , 0.00 , 0
647 , 64.80 , 74.77 , 0.00 , 0
648 , 64.80 , 78.44 , 0.00 , 0
649 , 64.80 , 78.54 , 0.00 , 0
650 , 65.06 , 78.64 , 0.00 , 0
651 , 65.06 , 76.83 , 0.00 , 0
652 , 64.80 , 76.80 , 0.00 , 0
653 , 64.55 , 78.69 , 0.00 , 0
654 , 64.55 , 80.70 , 0.00 , 0
655 , 65.06 , 80.93 , 0.00 , 0
656 , 65.06 , 77.33 , 0.00 , 0
657 , 64.80 , 77.30 , 0.00 , 0
658 , 64.80 , 79.18 , 0.00 , 0
659 , 65.31 , 79.28 , 0.00 , 0
660 , 65.31 , 75.56 , 0.00 , 0
661 , 64.80 , 75.40 , 0.00 , 0
662 , 64.80 , 79.07 , 0.00 , 0
663 , 65.06 , 79.17 , 0.00 , 0
664 , 64.55 , 77.36 , 0.00 , 0
665 , 64.80 , 81.16 , 0.00 , 0
666 , 64.80 , 79.47 , 0.00 , 0
667 , 65.06 , 79.57 , 0.00 , 0
668 , 64.55 , 77.76 , 0.00 , 0
669 , 64.55 , 81.56 , 0.00 , 0
670 , 65.06 , 81.78 , 0.00 , 0
671 , 65.06 , 78.18 , 0.00 , 0
672 , 64.29 , 78.15 , 0.00 , 0
673 , 64.55 , 83.87 , 0.00 , 0
674 , 65.31 , 82.31 , 0.00 , 0
675 , 65.31 , 76.79 , 0.00 , 0
676 , 64.55 , 76.64 , 0.00 , 0
677 , 64.29 , 82.22 , 0.00 , 0
678 , 64.29 , 84.36 , 0.00 , 0
679 , 64.29 , 84.72 , 0.00 , 0
680 , 65.57 , 85.07 , 0.00 , 0
681 , 65.57 , 75.86 , 0.00 , 0
682 , 64.80 , 75.58 , 0.00 , 0
683 , 64.29 , 81.03 , 0.00 , 0
684 , 65.06 , 84.96 , 0.00 , 0
685 , 65.31 , 79.58 , 0.00 , 0
686 , 65.06 , 77.63 , 0.00 , 0
687 , 64.29 , 79.39 , 0.00 , 0
688 , 64.55 , 85.10 , 0.00 , 0
689 , 65.31 , 83.55 , 0.00 , 0
690 , 65.57 , 78.03 , 0.00 , 0
691 , 64.80 , 75.96 , 0.00 , 0
692 , 64.04 , 81.42 , 0.00 , 0
693 , 65.31 , 87.26 , 0.00 , 0
694 , 66.33 , 78.17 , 0.00 , 0
695 , 65.31 , 70.36 , 0.00 , 0
696 , 64.55 , 77.35 , 0.00 , 0
697 , 65.31 , 82.94 , 0.00 , 0
698 , 65.57 , 77.42 , 0.00 , 0
699 , 65.57 , 75.36 , 0.00 , 0
700 , 65.06 , 75.07 , 0.00 , 0
701 , 64.55 , 78.62 , 0.00 , 0
702 , 65.06 , 82.42 , 0.00 , 0
703 , 65.06 , 78.82 , 0.00 , 0
704 , 65.31 , 78.79 , 0.00 , 0
705 , 64.80 , 76.85 , 0.00 , 0
706 , 64.29 , 80.52 , 0.00 , 0
707 , 64.80 , 84.44 , 0.00 , 0
708 , 65.82 , 80.97 , 0.00 , 0
709 , 65.31 , 73.42 , 0.00 , 0
710 , 64.80 , 76.83 , 0.00 , 0
711 , 64.80 , 80.50 , 0.00 , 0
712 , 64.55 , 80.60 , 0.00 , 0
713 , 65.57 , 82.62 , 0.00 , 0
714 , 65.31 , 75.19 , 0.00 , 0
715 , 65.06 , 76.82 , 0.00 , 0
716 , 64.55 , 78.58 , 0.00 , 0
717 , 64.80 , 82.38 , 0.00 , 0
718 , 65.31 , 80.69 , 0.00 , 0
719 , 65.06 , 76.96 , 0.00 , 0
720 , 64.04 , 78.72 , 0.00 , 0
721 , 64.80 , 86.35 , 0.00 , 0
722 , 65.57 , 81.09 , 0.00 , 0
723 , 65.31 , 75.45 , 0.00 , 0
724 , 64.80 , 77.08 , 0.00 , 0
725 , 64.55 , 80.75 , 0.00 , 0
726 , 65.31 , 82.76 , 0.00 , 0
727 , 64.80 , 77.25 , 0.00 , 0
728 , 64.80 , 80.92 , 0.00 , 0
729 , 65.31 , 81.02 , 0.00 , 0
730 , 65.31 , 77.29 , 0.00 , 0
731 , 65.06 , 77.14 , 0.00 , 0
732 , 65.06 , 78.89 , 0.00 , 0
733 , 65.31 , 78.87 , 0.00 , 0
734 , 65.06 , 76.93 , 0.00 , 0
735 , 65.06 , 78.68 , 0.00 , 0
736 , 65.31 , 78.66 , 0.00 , 0
737 , 65.06 , 76.71 , 0.00 , 0
738 , 64.80 , 78.47 , 0.00 , 0
739 , 65.06 , 80.36 , 0.00 , 0
740 , 65.06 , 78.54 , 0.00 , 0
741 , 65.06 , 78.51 , 0.00 , 0
742 , 64.55 , 78.49 , 0.00 , 0
743 , 64.80 , 82.29 , 0.00 , 0
744 , 65.57 , 80.60 , 0.00 , 0
745 , 65.06 , 74.96 , 0.00 , 0
746 , 63.78 , 78.50 , 0.00 , 0
747 , 64.80 , 88.04 , 0.00 , 0
748 , 65.82 , 81.00 , 0.00 , 0
749 , 65.31 , 73.44 , 0.00 , 0
750 , 64.04 , 76.86 , 0.00 , 0
751 , 64.55 , 86.27 , 0.00 , 0
752 , 65.57 , 82.93 , 0.00 , 0
753 , 65.06 , 75.50 , 0.00 , 0
754 , 64.55 , 79.04 , 0.00 , 0
755 , 64.80 , 82.84 , 0.00 , 0
756 , 65.82 , 81.16 , 0.00 , 0
757 , 65.31 , 73.60 , 0.00 , 0
758 , 64.80 , 77.02 , 0.00 , 0
759 , 64.55 , 80.69 , 0.00 , 0
760 , 65.57 , 82.70 , 0.00 , 0
761 , 65.31 , 75.27 , 0.00 , 0
762 , 64.80 , 76.91 , 0.00 , 0
763 , 65.31 , 80.58 , 0.00 , 0
764 , 65.31 , 76.85 , 0.00 , 0
765 , 65.06 , 76.69 , 0.00 , 0
766 , 65.06 , 78.45 , 0.00 , 0
767 , 65.06 , 78.42 , 0.00 , 0
768 , 65.57 , 78.40 , 0.00 , 0
769 , 65.31 , 74.54 , 0.00 , 0
770 , 65.06 , 76.17 , 0.00 , 0
771 , 65.06 , 77.93 , 0.00 , 0
772 , 65.31 , 77.90 , 0.00 , 0
773 , 65.06 , 75.96 , 0.00 , 0
774 , 65.06 , 77.72 , 0.00 , 0
775 , 64.55 , 77.69 , 0.00 , 0
776 , 65.57 , 81.49 , 0.00 , 0
777 , 65.31 , 74.06 , 0.00 , 0
778 , 65.31 , 75.69 , 0.00 , 0
779 , 65.06 , 75.54 , 0.00 , 0
780 , 64.80 , 77.29 , 0.00 , 0
781 , 65.06 , 79.18 , 0.00 , 0
782 , 65.31 , 77.36 , 0.00 , 0
783 , 65.06 , 75.42 , 0.00 , 0
784 , 65.06 , 77.18 , 0.00 , 0
785 , 64.80 , 77.15 , 0.00 , 0
786 , 64.80 , 79.04 , 0.00 , 0
787 , 65.06 , 79.14 , 0.00 , 0
788 , 65.06 , 77.32 , 0.00 , 0
789 , 64.80 , 77.30 , 0.00 , 0
790 , 64.80 , 79.18 , 0.00 , 0
791 , 65.06 , 79.28 , 0.00 , 0
792 , 65.06 , 77.47 , 0.00 , 0
793 , 65.06 , 77.44 , 0.00 , 0
794 , 64.80 , 77.41 , 0.00 , 0
795 , 65.06 , 79.30 , 0.00 , 0
796 , 64.55 , 77.48 , 0.00 , 0
797 , 64.80 , 81.28 , 0.00 , 0
798 , 64.80 , 79.60 , 0.00 , 0
799 , 64.55 , 79.69 , 0.00 , 0
800 , 64.55 , 81.71 , 0.00 , 0
801 , 65.06 , 81.93 , 0.00 , 0
802 , 64.55 , 78.33 , 0.00 , 0
803 , 64.80 , 82.13 , 0.00 , 0
804 , 65.06 , 80.45 , 0.00 , 0
805 , 65.06 , 78.63 , 0.00 , 0
806 , 64.80 , 78.61 , 0.00 , 0
807 , 64.55 , 80.49 , 0.00 , 0
808 , 65.31 , 82.50 , 0.00 , 0
809 , 65.06 , 76.99 , 0.00 , 0
810 , 65.06 , 78.75 , 0.00 , 0
811 , 64.80 , 78.72 , 0.00 , 0
812 , 65.06 , 80.61 , 0.00 , 0
813 , 65.31 , 78.79 , 0.00 , 0
814 , 65.57 , 76.85 , 0.00 , 0
815 , 64.80 , 74.78 , 0.00 , 0
816 , 64.55 , 80.24 , 0.00 , 0
817 , 64.80 , 82.25 , 0.00 , 0
818 , 65.06 , 80.57 , 0.00 , 0
819 , 65.06 , 78.75 , 0.00 , 0
820 , 64.80 , 78.72 , 0.00 , 0
821 , 65.06 , 80.61 , 0.00 , 0
822 , 64.80 , 78.79 , 0.00 , 0
823 , 65.06 , 80.68 , 0.00 , 0
824 , 65.06 , 78.87 , 0.00 , 0
825 , 65.06 , 78.84 , 0.00 , 0
826 , 64.80 , 78.81 , 0.00 , 0
827 , 65.06 , 80.70 , 0.00 , 0
828 , 65.57 , 78.88 , 0.00 , 0
829 , 65.31 , 75.03 , 0.00 , 0
830 , 64.29 , 76.66 , 0.00 , 0
831 , 64.29 , 84.16 , 0.00 , 0
832 , 65.57 , 84.51 , 0.00 , 0
833 , 65.57 , 75.30 , 0.00 , 0
834 , 64.80 , 75.01 , 0.00 , 0
835 , 64.80 , 80.47 , 0.00 , 0
836 , 64.80 , 80.57 , 0.00 , 0
837 , 64.80 , 80.67 , 0.00 , 0
838 , 64.80 , 80.77 , 0.00 , 0
839 , 64.80 , 80.87 , 0.00 , 0
840 , 64.80 , 80.97 , 0.00 , 0
841 , 65.06 , 81.07 , 0.00 , 0
842 , 64.55 , 79.25 , 0.00 , 0
843 , 64.04 , 83.05 , 0.00 , 0
844 , 64.80 , 87.11 , 0.00 , 0
845 , 65.31 , 81.85 , 0.00 , 0
846 , 64.80 , 78.12 , 0.00 , 0
847 , 64.80 , 81.79 , 0.00 , 0
848 , 65.31 , 81.89 , 0.00 , 0
849 , 65.06 , 78.16 , 0.00 , 0
850 , 64.55 , 79.92 , 0.00 , 0
851 , 64.29 , 83.72 , 0.00 , 0
852 , 65.31 , 85.86 , 0.00 , 0
853 , 65.31 , 78.56 , 0.00 , 0
854 , 64.80 , 78.41 , 0.00 , 0
855 , 64.55 , 82.08 , 0.00 , 0
856 , 65.31 , 84.09 , 0.00 , 0
857 , 65.82 , 78.58 , 0.00 , 0
858 , 64.80 , 74.60 , 0.00 , 0
859 , 64.55 , 81.84 , 0.00 , 0
860 , 65.31 , 83.85 , 0.00 , 0
861 , 65.31 , 78.34 , 0.00 , 0
862 , 64.80 , 78.18 , 0.00 , 0
863 , 64.80 , 81.85 , 0.00 , 0
864 , 64.55 , 81.95 , 0.00 , 0
865 , 64.80 , 83.97 , 0.00 , 0
866 , 65.57 , 82.28 , 0.00 , 0
867 , 65.57 , 76.64 , 0.00 , 0
868 , 64.80 , 76.36 , 0.00 , 0
869 , 64.29 , 81.81 , 0.00 , 0
870 , 64.80 , 85.74 , 0.00 , 0
871 , 65.57 , 82.27 , 0.00 , 0
872 , 65.06 , 76.63 , 0.00 , 0
873 , 64.80 , 80.17 , 0.00 , 0
874 , 64.55 , 82.06 , 0.00 , 0
875 , 64.80 , 84.07 , 0.00 , 0
876 , 65.31 , 82.38 , 0.00 , 0
877 , 65.06 , 78.65 , 0.00 , 0
878 , 64.80 , 80.41 , 0.00 , 0
879 , 64.80 , 82.30 , 0.00 , 0
880 , 65.06 , 82.40 , 0.00 , 0
881 , 65.57 , 80.58 , 0.00 , 0
882 , 65.06 , 76.73 , 0.00 , 0
883 , 64.29 , 80.27 , 0.00 , 0
884 , 64.80 , 85.99 , 0.00 , 0
885 , 65.06 , 82.51 , 0.00 , 0
886 , 65.31 , 80.70 , 0.00 , 0
887 , 65.06 , 78.76 , 0.00 , 0
888 , 65.06 , 80.52 , 0.00 , 0
889 , 65.06 , 80.49 , 0.00 , 0
890 , 65.06 , 80.46 , 0.00 , 0
891 , 64.80 , 80.43 , 0.00 , 0
892 , 65.31 , 82.32 , 0.00 , 0
893 , 65.31 , 78.59 , 0.00 , 0
894 , 65.31 , 78.43 , 0.00 , 0
895 , 64.80 , 78.28 , 0.00 , 0
896 , 64.80 , 81.95 , 0.00 , 0
897 , 65.06 , 82.05 , 0.00 , 0
898 , 65.06 , 80.23 , 0.00 , 0
899 , 64.80 , 80.21 , 0.00 , 0
900 , 65.31 , 82.09 , 0.00 , 0
901 , 65.31 , 78.36 , 0.00 , 0
902 , 64.55 , 78.21 , 0.00 , 0
903 , 65.06 , 83.79 , 0.00 , 0
904 , 65.06 , 80.19 , 0.00 , 0
905 , 64.55 , 80.17 , 0.00 , 0
906 , 64.80 , 83.97 , 0.00 , 0
907 , 65.31 , 82.28 , 0.00 , 0
908 , 64.80 , 78.55 , 0.00 , 0
909 , 64.80 , 82.22 , 0.00 , 0
910 , 64.04 , 82.32 , 0.00 , 0
911 , 64.80 , 88.16 , 0.00 , 0
912 , 65.82 , 82.90 , 0.00 , 0
913 , 65.06 , 75.35 , 0.00 , 0
914 , 64.04 , 80.68 , 0.00 , 0
915 , 64.80 , 88.31 , 0.00 , 0
916 , 65.57 , 83.05 , 0.00 , 0
917 , 65.82 , 77.41 , 0.00 , 0
918 , 64.55 , 75.21 , 0.00 , 0
919 , 64.04 , 84.37 , 0.00 , 0
920 , 65.31 , 88.42 , 0.00 , 0
921 , 65.57 , 79.33 , 0.00 , 0
923 , 65.06 , 77.27 , 0.00 , 0
924 , 65.06 , 80.81 , 0.00 , 0
925 , 65.06 , 80.78 , 0.00 , 0
926 , 65.06 , 80.75 , 0.00 , 0
927 , 65.31 , 80.73 , 0.00 , 0
928 , 65.31 , 78.78 , 0.00 , 0
929 , 65.06 , 78.63 , 0.00 , 0
930 , 65.06 , 80.39 , 0.00 , 0
931 , 65.31 , 80.36 , 0.00 , 0
932 , 65.57 , 78.42 , 0.00 , 0
933 , 65.06 , 76.35 , 0.00 , 0
934 , 64.80 , 79.89 , 0.00 , 0
935 , 65.31 , 81.78 , 0.00 , 0
936 , 64.55 , 78.05 , 0.00 , 0
937 , 64.80 , 83.63 , 0.00 , 0
938 , 65.31 , 81.95 , 0.00 , 0
939 , 64.80 , 78.22 , 0.00 , 0
940 , 64.55 , 81.89 , 0.00 , 0
941 , 64.55 , 83.90 , 0.00 , 0
942 , 64.80 , 84.13 , 0.00 , 0
943 , 64.80 , 82.45 , 0.00 , 0
944 , 65.31 , 82.54 , 0.00 , 0
945 , 65.06 , 78.82 , 0.00 , 0
946 , 64.55 , 80.57 , 0.00 , 0
947 , 64.55 , 84.37 , 0.00 , 0
948 , 65.06 , 84.60 , 0.00 , 0
949 , 65.06 , 81.00 , 0.00 , 0
950 , 65.31 , 80.97 , 0.00 , 0
951 , 64.80 , 79.03 , 0.00 , 0
952 , 65.06 , 82.70 , 0.00 , 0
953 , 64.80 , 80.89 , 0.00 , 0
954 , 64.80 , 82.77 , 0.00 , 0
955 , 64.29 , 82.87 , 0.00 , 0
956 , 64.80 , 86.80 , 0.00 , 0
957 , 65.06 , 83.33 , 0.00 , 0
958 , 65.06 , 81.51 , 0.00 , 0
959 , 65.06 , 81.49 , 0.00 , 0
960 , 65.31 , 81.46 , 0.00 , 0
961 , 64.80 , 79.52 , 0.00 , 0
962 , 64.80 , 83.19 , 0.00 , 0
963 , 64.80 , 83.29 , 0.00 , 0
964 , 65.06 , 83.39 , 0.00 , 0
965 , 64.55 , 81.57 , 0.00 , 0
966 , 64.80 , 85.37 , 0.00 , 0
967 , 64.55 , 83.69 , 0.00 , 0
968 , 64.29 , 85.70 , 0.00 , 0
969 , 65.06 , 87.84 , 0.00 , 0
970 , 65.31 , 82.45 , 0.00 , 0
971 , 65.31 , 80.51 , 0.00 , 0
972 , 64.55 , 80.36 , 0.00 , 0
973 , 64.29 , 85.94 , 0.00 , 0
974 , 65.31 , 88.08 , 0.00 , 0
975 , 66.08 , 80.78 , 0.00 , 0
976 , 65.06 , 74.89 , 0.00 , 0
977 , 64.55 , 82.00 , 0.00 , 0
978 , 65.31 , 85.80 , 0.00 , 0
979 , 65.57 , 80.29 , 0.00 , 0
980 , 65.57 , 78.22 , 0.00 , 0
981 , 64.55 , 77.93 , 0.00 , 0
982 , 64.80 , 85.31 , 0.00 , 0
983 , 65.06 , 83.62 , 0.00 , 0
984 , 65.06 , 81.81 , 0.00 , 0
985 , 65.06 , 81.78 , 0.00 , 0
986 , 64.55 , 81.75 , 0.00 , 0
987 , 64.80 , 85.55 , 0.00 , 0
988 , 65.57 , 83.86 , 0.00 , 0
989 , 65.31 , 78.22 , 0.00 , 0
990 , 65.31 , 79.85 , 0.00 , 0
991 , 64.80 , 79.70 , 0.00 , 0
992 , 64.55 , 83.37 , 0.00 , 0
993 , 64.80 , 85.38 , 0.00 , 0
994 , 65.82 , 83.69 , 0.00 , 0
995 , 65.06 , 76.14 , 0.00 , 0
996 , 64.80 , 81.47 , 0.00 , 0
997 , 65.06 , 83.35 , 0.00 , 0
998 , 65.31 , 81.54 , 0.00 , 0
999 , 64.55 , 79.60 , 0.00 , 0
1000 , 64.80 , 85.18 , 0.00 , 0
1001 , 65.06 , 83.50 , 0.00 , 0
1002 , 65.57 , 81.68 , 0.00 , 0
1003 , 65.06 , 77.83 , 0.00 , 0
1004 , 64.80 , 81.37 , 0.00 , 0
1005 , 64.80 , 83.26 , 0.00 , 0
1006 , 65.57 , 83.36 , 0.00 , 0
1007 , 65.31 , 77.72 , 0.00 , 0
1008 , 65.31 , 79.35 , 0.00 , 0
1009 , 65.31 , 79.19 , 0.00 , 0
1010 , 65.57 , 79.03 , 0.00 , 0
1011 , 65.31 , 76.97 , 0.00 , 0
1012 , 64.55 , 78.60 , 0.00 , 0
1013 , 64.80 , 84.18 , 0.00 , 0
1014 , 65.31 , 82.49 , 0.00 , 0
1015 , 65.31 , 78.77 , 0.00 , 0
1016 , 64.55 , 78.61 , 0.00 , 0
1017 , 64.29 , 84.20 , 0.00 , 0
1018 , 64.80 , 86.34 , 0.00 , 0
1019 , 64.55 , 82.86 , 0.00 , 0
1020 , 65.06 , 84.88 , 0.00 , 0
1021 , 65.31 , 81.28 , 0.00 , 0
1022 , 64.55 , 79.34 , 0.00 , 0
1023 , 64.80 , 84.92 , 0.00 , 0
1024 , 65.06 , 83.23 , 0.00 , 0
1025 , 64.80 , 81.42 , 0.00 , 0
1026 , 65.06 , 83.31 , 0.00 , 0
1027 , 65.57 , 81.49 , 0.00 , 0
1028 , 65.31 , 77.64 , 0.00 , 0
1029 , 64.80 , 79.27 , 0.00 , 0
1030 , 64.55 , 82.94 , 0.00 , 0
1031 , 64.55 , 84.95 , 0.00 , 0
1032 , 65.31 , 85.18 , 0.00 , 0
1033 , 65.31 , 79.67 , 0.00 , 0
1034 , 65.06 , 79.51 , 0.00 , 0
1035 , 64.04 , 81.27 , 0.00 , 0
1036 , 64.80 , 88.89 , 0.00 , 0
1037 , 65.06 , 83.64 , 0.00 , 0
1038 , 65.31 , 81.82 , 0.00 , 0
1039 , 64.80 , 79.88 , 0.00 , 0
1040 , 64.55 , 83.55 , 0.00 , 0
1041 , 65.06 , 85.56 , 0.00 , 0
1042 , 65.31 , 81.96 , 0.00 , 0
1043 , 65.06 , 80.02 , 0.00 , 0
1044 , 65.06 , 81.78 , 0.00 , 0
1045 , 65.06 , 81.75 , 0.00 , 0
1046 , 65.06 , 81.72 , 0.00 , 0
1047 , 64.80 , 81.70 , 0.00 , 0
1048 , 65.06 , 83.58 , 0.00 , 0
1049 , 65.31 , 81.77 , 0.00 , 0
1050 , 65.06 , 79.83 , 0.00 , 0
1051 , 64.55 , 81.58 , 0.00 , 0
1052 , 65.31 , 85.38 , 0.00 , 0
1053 , 66.08 , 79.87 , 0.00 , 0
1054 , 65.31 , 73.97 , 0.00 , 0
1055 , 64.80 , 79.18 , 0.00 , 0
1056 , 64.80 , 82.85 , 0.00 , 0
1057 , 65.06 , 82.95 , 0.00 , 0
1058 , 65.31 , 81.13 , 0.00 , 0
1059 , 64.55 , 79.19 , 0.00 , 0
1060 , 65.06 , 84.78 , 0.00 , 0
1061 , 65.31 , 81.18 , 0.00 , 0
1062 , 65.06 , 79.23 , 0.00 , 0
1063 , 65.31 , 80.99 , 0.00 , 0
1064 , 64.80 , 79.05 , 0.00 , 0
1065 , 64.55 , 82.72 , 0.00 , 0
1066 , 65.06 , 84.74 , 0.00 , 0
1067 , 65.31 , 81.14 , 0.00 , 0
1068 , 64.80 , 79.19 , 0.00 , 0
1069 , 64.80 , 82.87 , 0.00 , 0
1070 , 64.80 , 82.97 , 0.00 , 0
1071 , 64.55 , 83.06 , 0.00 , 0
1072 , 64.80 , 85.08 , 0.00 , 0
1073 , 64.80 , 83.39 , 0.00 , 0
1074 , 64.80 , 83.49 , 0.00 , 0
1075 , 64.29 , 83.59 , 0.00 , 0
1076 , 64.80 , 87.52 , 0.00 , 0
1077 , 65.31 , 84.04 , 0.00 , 0
1078 , 65.06 , 80.32 , 0.00 , 0
1079 , 64.55 , 82.07 , 0.00 , 0
1080 , 64.80 , 85.87 , 0.00 , 0
1081 , 64.80 , 84.19 , 0.00 , 0
1082 , 65.31 , 84.29 , 0.00 , 0
1083 , 64.80 , 80.56 , 0.00 , 0
1084 , 64.29 , 84.23 , 0.00 , 0
1085 , 65.31 , 88.16 , 0.00 , 0
1086 , 65.57 , 80.86 , 0.00 , 0
1087 , 64.55 , 78.79 , 0.00 , 0
1088 , 64.29 , 86.16 , 0.00 , 0
1089 , 64.80 , 88.30 , 0.00 , 0
1090 , 65.57 , 84.83 , 0.00 , 0
1091 , 65.06 , 79.19 , 0.00 , 0
1092 , 64.29 , 82.73 , 0.00 , 0
1093 , 64.55 , 88.44 , 0.00 , 0
1094 , 65.06 , 86.88 , 0.00 , 0
1095 , 64.04 , 83.28 , 0.00 , 0
1096 , 65.06 , 90.00 , 0.00 , 0
1097 , 65.31 , 83.74 , 0.00 , 0
1098 , 64.55 , 81.80 , 0.00 , 0
1099 , 64.80 , 87.38 , 0.00 , 0
1100 , 65.31 , 85.70 , 0.00 , 0
1101 , 65.06 , 81.97 , 0.00 , 0
1102 , 64.29 , 83.73 , 0.00 , 0
1103 , 64.29 , 89.44 , 0.00 , 0
1104 , 65.31 , 89.79 , 0.00 , 0
1105 , 65.82 , 82.49 , 0.00 , 0
1106 , 64.80 , 78.51 , 0.00 , 0
1107 , 64.55 , 85.75 , 0.00 , 0
1108 , 65.31 , 87.77 , 0.00 , 0
1109 , 64.80 , 82.25 , 0.00 , 0
1110 , 65.06 , 85.93 , 0.00 , 0
1111 , 65.31 , 84.11 , 0.00 , 0
1112 , 65.06 , 82.17 , 0.00 , 0
1113 , 64.55 , 83.93 , 0.00 , 0
1114 , 65.06 , 87.73 , 0.00 , 0
1115 , 65.31 , 84.13 , 0.00 , 0
1116 , 65.06 , 82.19 , 0.00 , 0
1117 , 64.55 , 83.94 , 0.00 , 0
1118 , 65.06 , 87.74 , 0.00 , 0
1119 , 65.57 , 84.14 , 0.00 , 0
1120 , 65.57 , 80.29 , 0.00 , 0
1121 , 64.55 , 80.00 , 0.00 , 0
1122 , 64.29 , 87.38 , 0.00 , 0
1123 , 65.31 , 89.52 , 0.00 , 0
1124 , 65.06 , 82.22 , 0.00 , 0
1125 , 64.80 , 83.97 , 0.00 , 0
1126 , 64.55 , 85.86 , 0.00 , 0
1127 , 64.55 , 87.87 , 0.00 , 0
1128 , 65.57 , 88.10 , 0.00 , 0
1129 , 65.31 , 80.67 , 0.00 , 0
1130 , 64.80 , 82.30 , 0.00 , 0
1131 , 65.31 , 85.97 , 0.00 , 0
1132 , 65.57 , 82.25 , 0.00 , 0
1133 , 64.55 , 80.18 , 0.00 , 0
1134 , 64.80 , 87.55 , 0.00 , 0
1135 , 65.57 , 85.86 , 0.00 , 0
1136 , 65.06 , 80.22 , 0.00 , 0
1137 , 64.55 , 83.77 , 0.00 , 0
1138 , 65.31 , 87.56 , 0.00 , 0
1139 , 65.06 , 82.05 , 0.00 , 0
1140 , 64.80 , 83.81 , 0.00 , 0
1141 , 65.06 , 85.69 , 0.00 , 0
1142 , 64.80 , 83.88 , 0.00 , 0
1143 , 65.06 , 85.77 , 0.00 , 0
1144 , 65.31 , 83.95 , 0.00 , 0
1145 , 65.31 , 82.01 , 0.00 , 0
1146 , 64.80 , 81.85 , 0.00 , 0
1147 , 65.31 , 85.53 , 0.00 , 0
1148 , 66.08 , 81.80 , 0.00 , 0
1149 , 65.31 , 75.90 , 0.00 , 0
1150 , 64.80 , 81.10 , 0.00 , 0
1151 , 65.31 , 84.78 , 0.00 , 0
1152 , 65.57 , 81.05 , 0.00 , 0
1153 , 65.57 , 78.98 , 0.00 , 0
1154 , 65.31 , 78.70 , 0.00 , 0
1155 , 64.29 , 80.33 , 0.00 , 0
1156 , 64.80 , 87.82 , 0.00 , 0
1157 , 65.31 , 84.35 , 0.00 , 0
1158 , 65.31 , 80.62 , 0.00 , 0
1159 , 64.29 , 80.47 , 0.00 , 0
1160 , 64.80 , 87.97 , 0.00 , 0
1161 , 65.31 , 84.50 , 0.00 , 0
1162 , 65.06 , 80.77 , 0.00 , 0
1163 , 64.80 , 82.53 , 0.00 , 0
1164 , 65.31 , 84.41 , 0.00 , 0
1165 , 65.57 , 80.68 , 0.00 , 0
1166 , 65.06 , 78.61 , 0.00 , 0
1167 , 65.31 , 82.16 , 0.00 , 0
1168 , 65.57 , 80.22 , 0.00 , 0
1169 , 65.57 , 78.15 , 0.00 , 0
1170 , 65.57 , 77.86 , 0.00 , 0
1171 , 65.06 , 77.58 , 0.00 , 0
1172 , 64.80 , 81.12 , 0.00 , 0
1173 , 65.31 , 83.01 , 0.00 , 0
1174 , 65.82 , 79.28 , 0.00 , 0
1175 , 64.55 , 75.30 , 0.00 , 0
1176 , 64.55 , 84.46 , 0.00 , 0
1177 , 65.31 , 84.68 , 0.00 , 0
1178 , 65.57 , 79.17 , 0.00 , 0
1179 , 64.80 , 77.10 , 0.00 , 0
1180 , 65.31 , 82.56 , 0.00 , 0
1181 , 66.08 , 78.83 , 0.00 , 0
1182 , 65.31 , 72.93 , 0.00 , 0
1183 , 64.55 , 78.14 , 0.00 , 0
1184 , 65.06 , 83.72 , 0.00 , 0
1185 , 65.31 , 80.12 , 0.00 , 0
1186 , 64.29 , 78.18 , 0.00 , 0
1187 , 64.80 , 85.68 , 0.00 , 0
1188 , 65.57 , 82.21 , 0.00 , 0
1189 , 65.31 , 76.57 , 0.00 , 0
1190 , 64.80 , 78.20 , 0.00 , 0
1191 , 65.31 , 81.87 , 0.00 , 0
1192 , 65.31 , 78.14 , 0.00 , 0
1193 , 65.31 , 77.98 , 0.00 , 0
1194 , 64.55 , 77.83 , 0.00 , 0
1195 , 64.80 , 83.41 , 0.00 , 0
1196 , 65.31 , 81.73 , 0.00 , 0
1197 , 65.31 , 78.00 , 0.00 , 0
1198 , 64.29 , 77.84 , 0.00 , 0
1199 , 64.80 , 85.34 , 0.00 , 0
1200 , 65.31 , 81.87 , 0.00 , 0
1201 , 65.57 , 78.14 , 0.00 , 0
1202 , 64.80 , 76.07 , 0.00 , 0
