Please wait for the temperature to reach 95
0 , 44.90 , 80.00 , 0.00 , 0
1 , 51.28 , 80.00 , 0.00 , 0
2 , 55.62 , 80.00 , 0.00 , 0
3 , 57.40 , 80.00 , 0.00 , 0
4 , 59.44 , 80.00 , 0.00 , 0
5 , 59.19 , 80.00 , 0.00 , 0
6 , 61.23 , 80.00 , 0.00 , 0
7 , 62.50 , 80.00 , 0.00 , 0
8 , 63.78 , 80.00 , 0.00 , 0
9 , 64.80 , 75.87 , 0.00 , 0
10 , 65.57 , 68.82 , 0.00 , 0
Temperature has reached 95, please wait 60s for the initial denaturing to complete
11 , 65.57 , 63.18 , 0.00 , 0
12 , 65.82 , 62.90 , 0.00 , 0
13 , 66.08 , 60.70 , 0.00 , 0
14 , 66.59 , 58.38 , 0.00 , 0
15 , 66.84 , 54.01 , 0.00 , 0
16 , 67.10 , 51.31 , 0.00 , 0
17 , 66.84 , 48.47 , 0.00 , 0
18 , 66.84 , 49.34 , 0.00 , 0
19 , 67.10 , 48.41 , 0.00 , 0
20 , 67.10 , 45.58 , 0.00 , 0
21 , 66.59 , 44.53 , 0.00 , 0
22 , 66.84 , 47.31 , 0.00 , 0
23 , 67.10 , 44.60 , 0.00 , 0
24 , 67.35 , 41.77 , 0.00 , 0
25 , 66.84 , 38.81 , 0.00 , 0
26 , 66.08 , 41.46 , 0.00 , 0
27 , 65.82 , 46.28 , 0.00 , 0
28 , 66.59 , 47.65 , 0.00 , 0
29 , 66.84 , 41.50 , 0.00 , 0
30 , 66.08 , 38.79 , 0.00 , 0
31 , 65.31 , 43.61 , 0.00 , 0
32 , 66.08 , 48.82 , 0.00 , 0
33 , 67.35 , 42.92 , 0.00 , 0
34 , 66.59 , 32.81 , 0.00 , 0
35 , 65.06 , 37.38 , 0.00 , 0
36 , 65.82 , 48.07 , 0.00 , 0
37 , 66.59 , 42.30 , 0.00 , 0
38 , 66.33 , 36.14 , 0.00 , 0
39 , 65.31 , 37.26 , 0.00 , 0
40 , 64.80 , 44.25 , 0.00 , 0
41 , 65.82 , 47.92 , 0.00 , 0
42 , 66.59 , 40.37 , 0.00 , 0
43 , 65.57 , 34.22 , 0.00 , 0
44 , 64.55 , 41.08 , 0.00 , 0
45 , 65.57 , 48.45 , 0.00 , 0
46 , 66.33 , 41.02 , 0.00 , 0
47 , 65.57 , 35.00 , 0.00 , 0
48 , 64.80 , 40.07 , 0.00 , 0
49 , 65.06 , 45.53 , 0.00 , 0
50 , 65.82 , 43.72 , 0.00 , 0
51 , 65.57 , 37.95 , 0.00 , 0
52 , 65.57 , 39.45 , 0.00 , 0
53 , 65.31 , 39.17 , 0.00 , 0
54 , 65.31 , 40.80 , 0.00 , 0
55 , 65.31 , 40.64 , 0.00 , 0
56 , 65.57 , 40.49 , 0.00 , 0
57 , 65.06 , 38.42 , 0.00 , 0
58 , 64.55 , 41.96 , 0.00 , 0
59 , 65.06 , 45.76 , 0.00 , 0
60 , 65.82 , 42.16 , 0.00 , 0
61 , 65.31 , 36.39 , 0.00 , 0
62 , 64.55 , 39.81 , 0.00 , 0
63 , 64.80 , 45.39 , 0.00 , 0
64 , 65.31 , 43.71 , 0.00 , 0
65 , 65.06 , 39.98 , 0.00 , 0
66 , 64.55 , 41.74 , 0.00 , 0
67 , 65.06 , 45.54 , 0.00 , 0
68 , 65.57 , 41.94 , 0.00 , 0
69 , 65.06 , 38.08 , 0.00 , 0
70 , 64.29 , 41.63 , 0.00 , 0
71 , 64.29 , 47.34 , 0.00 , 0
72 , 65.31 , 47.69 , 0.00 , 0
73 , 65.06 , 40.39 , 0.00 , 0
74 , 65.06 , 42.15 , 0.00 , 0
75 , 65.06 , 42.12 , 0.00 , 0
76 , 65.31 , 42.10 , 0.00 , 0
77 , 65.06 , 40.15 , 0.00 , 0
78 , 64.80 , 41.91 , 0.00 , 0
79 , 65.06 , 43.80 , 0.00 , 0
80 , 65.06 , 41.98 , 0.00 , 0
81 , 64.55 , 41.95 , 0.00 , 0
82 , 64.80 , 45.75 , 0.00 , 0
83 , 65.31 , 44.07 , 0.00 , 0
84 , 65.82 , 40.34 , 0.00 , 0
85 , 65.57 , 36.36 , 0.00 , 0
86 , 64.29 , 37.86 , 0.00 , 0
87 , 64.55 , 47.14 , 0.00 , 0
88 , 65.31 , 45.59 , 0.00 , 0
89 , 65.82 , 40.07 , 0.00 , 0
90 , 65.06 , 36.09 , 0.00 , 0
91 , 64.55 , 41.42 , 0.00 , 0
92 , 64.04 , 45.22 , 0.00 , 0
93 , 65.06 , 49.27 , 0.00 , 0
94 , 65.57 , 42.10 , 0.00 , 0
95 , 65.31 , 38.25 , 0.00 , 0
96 , 64.55 , 39.88 , 0.00 , 0
97 , 64.55 , 45.46 , 0.00 , 0
98 , 64.80 , 45.69 , 0.00 , 0
99 , 65.31 , 44.00 , 0.00 , 0
100 , 65.57 , 40.27 , 0.00 , 0
101 , 65.06 , 38.20 , 0.00 , 0
102 , 64.04 , 41.75 , 0.00 , 0
103 , 65.06 , 49.38 , 0.00 , 0
104 , 66.33 , 42.20 , 0.00 , 0
105 , 65.06 , 32.61 , 0.00 , 0
106 , 63.78 , 41.51 , 0.00 , 0
107 , 64.55 , 51.05 , 0.00 , 0
108 , 65.82 , 45.92 , 0.00 , 0
109 , 65.82 , 36.58 , 0.00 , 0
110 , 64.55 , 36.17 , 0.00 , 0
111 , 64.04 , 45.32 , 0.00 , 0
112 , 64.80 , 49.38 , 0.00 , 0
113 , 65.82 , 44.12 , 0.00 , 0
114 , 65.31 , 36.56 , 0.00 , 0
115 , 64.04 , 39.98 , 0.00 , 0
116 , 64.04 , 49.39 , 0.00 , 0
117 , 65.57 , 49.88 , 0.00 , 0
118 , 65.82 , 38.88 , 0.00 , 0
119 , 64.04 , 36.68 , 0.00 , 0
120 , 64.04 , 49.66 , 0.00 , 0
121 , 65.57 , 50.15 , 0.00 , 0
122 , 65.82 , 39.15 , 0.00 , 0
123 , 64.80 , 36.95 , 0.00 , 0
124 , 64.04 , 44.19 , 0.00 , 0
125 , 64.80 , 50.03 , 0.00 , 0
126 , 65.57 , 44.78 , 0.00 , 0
127 , 64.55 , 39.13 , 0.00 , 0
128 , 64.29 , 46.51 , 0.00 , 0
129 , 64.80 , 48.65 , 0.00 , 0
130 , 65.31 , 45.17 , 0.00 , 0
131 , 64.80 , 41.45 , 0.00 , 0
132 , 64.29 , 45.12 , 0.00 , 0
133 , 65.06 , 49.04 , 0.00 , 0
134 , 65.57 , 43.66 , 0.00 , 0
135 , 64.55 , 39.80 , 0.00 , 0
136 , 64.04 , 47.17 , 0.00 , 0
137 , 64.29 , 51.23 , 0.00 , 0
138 , 66.08 , 49.80 , 0.00 , 0
139 , 65.82 , 36.76 , 0.00 , 0
140 , 63.78 , 38.13 , 0.00 , 0
141 , 63.53 , 53.03 , 0.00 , 0
142 , 65.57 , 55.55 , 0.00 , 0
143 , 66.08 , 40.98 , 0.00 , 0
144 , 64.80 , 36.87 , 0.00 , 0
145 , 63.78 , 45.90 , 0.00 , 0
146 , 64.80 , 53.65 , 0.00 , 0
147 , 65.82 , 46.61 , 0.00 , 0
148 , 65.06 , 39.06 , 0.00 , 0
149 , 64.80 , 44.39 , 0.00 , 0
150 , 65.06 , 46.27 , 0.00 , 0
151 , 65.57 , 44.46 , 0.00 , 0
152 , 64.80 , 40.60 , 0.00 , 0
153 , 64.55 , 46.06 , 0.00 , 0
154 , 65.31 , 48.07 , 0.00 , 0
155 , 65.57 , 42.56 , 0.00 , 0
156 , 64.80 , 40.49 , 0.00 , 0
157 , 64.55 , 45.95 , 0.00 , 0
158 , 64.29 , 47.96 , 0.00 , 0
159 , 65.57 , 50.10 , 0.00 , 0
160 , 65.82 , 40.89 , 0.00 , 0
161 , 64.55 , 38.69 , 0.00 , 0
162 , 64.29 , 47.85 , 0.00 , 0
163 , 65.31 , 49.99 , 0.00 , 0
164 , 65.31 , 42.69 , 0.00 , 0
165 , 64.80 , 42.53 , 0.00 , 0
166 , 65.06 , 46.20 , 0.00 , 0
167 , 65.57 , 44.39 , 0.00 , 0
168 , 65.57 , 40.54 , 0.00 , 0
169 , 64.80 , 40.25 , 0.00 , 0
170 , 64.55 , 45.71 , 0.00 , 0
171 , 65.06 , 47.72 , 0.00 , 0
172 , 65.57 , 44.12 , 0.00 , 0
173 , 65.31 , 40.27 , 0.00 , 0
174 , 64.55 , 41.90 , 0.00 , 0
175 , 64.80 , 47.48 , 0.00 , 0
176 , 65.31 , 45.80 , 0.00 , 0
177 , 65.57 , 42.07 , 0.00 , 0
178 , 65.06 , 40.00 , 0.00 , 0
179 , 64.55 , 43.54 , 0.00 , 0
180 , 65.31 , 47.34 , 0.00 , 0
181 , 65.82 , 41.83 , 0.00 , 0
182 , 65.31 , 37.85 , 0.00 , 0
183 , 64.55 , 41.26 , 0.00 , 0
184 , 64.55 , 46.85 , 0.00 , 0
185 , 65.06 , 47.08 , 0.00 , 0
186 , 65.82 , 43.47 , 0.00 , 0
187 , 65.31 , 37.71 , 0.00 , 0
188 , 64.55 , 41.12 , 0.00 , 0
189 , 65.06 , 46.71 , 0.00 , 0
190 , 65.57 , 43.11 , 0.00 , 0
191 , 65.06 , 39.25 , 0.00 , 0
192 , 64.29 , 42.80 , 0.00 , 0
193 , 64.80 , 48.51 , 0.00 , 0
194 , 65.57 , 45.04 , 0.00 , 0
195 , 65.57 , 39.40 , 0.00 , 0
196 , 64.55 , 39.11 , 0.00 , 0
197 , 64.29 , 46.48 , 0.00 , 0
198 , 65.31 , 48.62 , 0.00 , 0
199 , 65.57 , 41.32 , 0.00 , 0
200 , 65.06 , 39.25 , 0.00 , 0
201 , 64.04 , 42.80 , 0.00 , 0
202 , 64.80 , 50.43 , 0.00 , 0
203 , 65.82 , 45.17 , 0.00 , 0
204 , 65.31 , 37.61 , 0.00 , 0
205 , 64.55 , 41.03 , 0.00 , 0
206 , 64.04 , 46.61 , 0.00 , 0
207 , 65.06 , 50.67 , 0.00 , 0
208 , 65.82 , 43.50 , 0.00 , 0
209 , 64.80 , 37.73 , 0.00 , 0
210 , 63.53 , 44.97 , 0.00 , 0
211 , 64.80 , 54.64 , 0.00 , 0
212 , 65.31 , 45.81 , 0.00 , 0
213 , 65.31 , 42.08 , 0.00 , 0
214 , 64.80 , 41.92 , 0.00 , 0
215 , 64.55 , 45.60 , 0.00 , 0
216 , 64.80 , 47.61 , 0.00 , 0
217 , 65.31 , 45.92 , 0.00 , 0
218 , 64.55 , 42.19 , 0.00 , 0
219 , 64.04 , 47.78 , 0.00 , 0
220 , 65.06 , 51.83 , 0.00 , 0
221 , 65.57 , 44.66 , 0.00 , 0
222 , 64.04 , 40.81 , 0.00 , 0
223 , 64.29 , 52.01 , 0.00 , 0
224 , 65.57 , 50.57 , 0.00 , 0
225 , 65.82 , 41.36 , 0.00 , 0
226 , 64.55 , 39.16 , 0.00 , 0
227 , 64.04 , 48.32 , 0.00 , 0
228 , 65.31 , 52.38 , 0.00 , 0
229 , 65.31 , 43.29 , 0.00 , 0
230 , 65.06 , 43.13 , 0.00 , 0
231 , 65.06 , 44.89 , 0.00 , 0
232 , 65.06 , 44.86 , 0.00 , 0
233 , 65.06 , 44.84 , 0.00 , 0
234 , 65.06 , 44.81 , 0.00 , 0
235 , 65.06 , 44.78 , 0.00 , 0
236 , 64.55 , 44.75 , 0.00 , 0
237 , 64.80 , 48.55 , 0.00 , 0
238 , 65.57 , 46.86 , 0.00 , 0
239 , 65.06 , 41.22 , 0.00 , 0
240 , 64.55 , 44.77 , 0.00 , 0
241 , 64.80 , 48.57 , 0.00 , 0
242 , 66.08 , 46.88 , 0.00 , 0
243 , 65.31 , 37.41 , 0.00 , 0
244 , 64.29 , 42.61 , 0.00 , 0
245 , 64.80 , 50.11 , 0.00 , 0
246 , 65.82 , 46.64 , 0.00 , 0
247 , 65.57 , 39.08 , 0.00 , 0
248 , 65.06 , 40.59 , 0.00 , 0
249 , 64.80 , 44.13 , 0.00 , 0
250 , 65.57 , 46.02 , 0.00 , 0
251 , 65.82 , 40.38 , 0.00 , 0
252 , 64.80 , 38.18 , 0.00 , 0
253 , 64.29 , 45.42 , 0.00 , 0
254 , 65.31 , 49.35 , 0.00 , 0
255 , 65.82 , 42.05 , 0.00 , 0
256 , 65.57 , 38.07 , 0.00 , 0
257 , 63.78 , 39.57 , 0.00 , 0
258 , 63.78 , 52.68 , 0.00 , 0
259 , 65.82 , 53.29 , 0.00 , 0
260 , 66.33 , 38.59 , 0.00 , 0
261 , 64.80 , 34.35 , 0.00 , 0
262 , 63.53 , 45.17 , 0.00 , 0
263 , 65.31 , 54.84 , 0.00 , 0
264 , 66.08 , 42.18 , 0.00 , 0
265 , 64.80 , 36.28 , 0.00 , 0
266 , 63.78 , 45.31 , 0.00 , 0
267 , 64.80 , 53.07 , 0.00 , 0
268 , 65.57 , 46.02 , 0.00 , 0
269 , 65.06 , 40.38 , 0.00 , 0
270 , 64.29 , 43.93 , 0.00 , 0
271 , 64.04 , 49.64 , 0.00 , 0
272 , 65.06 , 51.91 , 0.00 , 0
273 , 65.82 , 44.73 , 0.00 , 0
274 , 65.06 , 38.97 , 0.00 , 0
275 , 64.29 , 44.30 , 0.00 , 0
276 , 64.55 , 50.01 , 0.00 , 0
277 , 65.31 , 48.45 , 0.00 , 0
278 , 65.57 , 42.94 , 0.00 , 0
279 , 64.80 , 40.87 , 0.00 , 0
280 , 64.29 , 46.32 , 0.00 , 0
281 , 65.06 , 50.25 , 0.00 , 0
282 , 65.57 , 44.86 , 0.00 , 0
283 , 64.80 , 41.01 , 0.00 , 0
284 , 64.80 , 46.47 , 0.00 , 0
285 , 65.06 , 46.57 , 0.00 , 0
286 , 65.31 , 44.75 , 0.00 , 0
287 , 64.80 , 42.81 , 0.00 , 0
288 , 64.55 , 46.48 , 0.00 , 0
289 , 65.57 , 48.50 , 0.00 , 0
290 , 65.31 , 41.07 , 0.00 , 0
291 , 64.80 , 42.70 , 0.00 , 0
292 , 64.55 , 46.37 , 0.00 , 0
293 , 65.06 , 48.38 , 0.00 , 0
294 , 65.31 , 44.78 , 0.00 , 0
295 , 64.80 , 42.84 , 0.00 , 0
296 , 64.80 , 46.51 , 0.00 , 0
297 , 65.57 , 46.61 , 0.00 , 0
298 , 65.31 , 40.97 , 0.00 , 0
299 , 64.55 , 42.60 , 0.00 , 0
300 , 64.55 , 48.19 , 0.00 , 0
301 , 65.06 , 48.41 , 0.00 , 0
302 , 65.57 , 44.81 , 0.00 , 0
303 , 65.31 , 40.96 , 0.00 , 0
304 , 64.55 , 42.59 , 0.00 , 0
305 , 64.55 , 48.17 , 0.00 , 0
306 , 65.31 , 48.40 , 0.00 , 0
307 , 65.57 , 42.89 , 0.00 , 0
308 , 64.29 , 40.82 , 0.00 , 0
309 , 64.80 , 50.10 , 0.00 , 0
310 , 65.57 , 46.63 , 0.00 , 0
311 , 65.31 , 40.99 , 0.00 , 0
312 , 64.80 , 42.62 , 0.00 , 0
313 , 65.06 , 46.29 , 0.00 , 0
314 , 65.06 , 44.48 , 0.00 , 0
315 , 65.06 , 44.45 , 0.00 , 0
316 , 65.31 , 44.42 , 0.00 , 0
317 , 65.31 , 42.48 , 0.00 , 0
318 , 65.06 , 42.32 , 0.00 , 0
319 , 64.80 , 44.08 , 0.00 , 0
320 , 65.31 , 45.97 , 0.00 , 0
321 , 64.80 , 42.24 , 0.00 , 0
322 , 64.55 , 45.91 , 0.00 , 0
323 , 65.06 , 47.92 , 0.00 , 0
324 , 65.31 , 44.32 , 0.00 , 0
325 , 65.06 , 42.38 , 0.00 , 0
326 , 64.80 , 44.14 , 0.00 , 0
327 , 65.06 , 46.03 , 0.00 , 0
328 , 65.31 , 44.21 , 0.00 , 0
329 , 64.80 , 42.27 , 0.00 , 0
330 , 64.29 , 45.94 , 0.00 , 0
331 , 64.55 , 49.87 , 0.00 , 0
332 , 65.57 , 48.31 , 0.00 , 0
333 , 65.57 , 40.88 , 0.00 , 0
334 , 64.80 , 40.60 , 0.00 , 0
335 , 63.53 , 46.06 , 0.00 , 0
336 , 65.06 , 55.72 , 0.00 , 0
337 , 66.08 , 44.98 , 0.00 , 0
338 , 64.29 , 37.30 , 0.00 , 0
339 , 64.04 , 50.15 , 0.00 , 0
340 , 65.31 , 52.42 , 0.00 , 0
341 , 66.08 , 43.34 , 0.00 , 0
342 , 65.31 , 37.44 , 0.00 , 0
343 , 64.29 , 42.64 , 0.00 , 0
344 , 64.29 , 50.14 , 0.00 , 0
345 , 65.31 , 50.50 , 0.00 , 0
346 , 65.82 , 43.20 , 0.00 , 0
347 , 64.55 , 39.21 , 0.00 , 0
348 , 63.27 , 48.37 , 0.00 , 0
349 , 64.80 , 58.17 , 0.00 , 0
350 , 65.82 , 47.55 , 0.00 , 0
351 , 65.06 , 39.99 , 0.00 , 0
352 , 64.04 , 45.32 , 0.00 , 0
353 , 64.55 , 52.95 , 0.00 , 0
354 , 65.31 , 49.61 , 0.00 , 0
355 , 65.57 , 44.09 , 0.00 , 0
356 , 64.55 , 42.02 , 0.00 , 0
357 , 64.29 , 49.39 , 0.00 , 0
358 , 65.06 , 51.54 , 0.00 , 0
359 , 65.31 , 46.15 , 0.00 , 0
360 , 65.31 , 44.21 , 0.00 , 0
361 , 64.80 , 44.05 , 0.00 , 0
362 , 64.29 , 47.72 , 0.00 , 0
363 , 65.06 , 51.65 , 0.00 , 0
364 , 65.57 , 46.26 , 0.00 , 0
365 , 65.06 , 42.41 , 0.00 , 0
366 , 64.55 , 45.95 , 0.00 , 0
367 , 64.80 , 49.75 , 0.00 , 0
368 , 65.31 , 48.07 , 0.00 , 0
369 , 65.31 , 44.34 , 0.00 , 0
370 , 64.80 , 44.18 , 0.00 , 0
371 , 64.80 , 47.85 , 0.00 , 0
372 , 64.80 , 47.95 , 0.00 , 0
373 , 65.57 , 48.05 , 0.00 , 0
374 , 65.31 , 42.41 , 0.00 , 0
375 , 65.06 , 44.04 , 0.00 , 0
376 , 64.55 , 45.80 , 0.00 , 0
377 , 65.06 , 49.60 , 0.00 , 0
378 , 65.31 , 46.00 , 0.00 , 0
379 , 65.06 , 44.06 , 0.00 , 0
380 , 64.29 , 45.82 , 0.00 , 0
381 , 64.04 , 51.53 , 0.00 , 0
382 , 65.31 , 53.80 , 0.00 , 0
383 , 65.82 , 44.71 , 0.00 , 0
384 , 63.53 , 40.73 , 0.00 , 0
385 , 63.78 , 57.54 , 0.00 , 0
386 , 65.57 , 56.36 , 0.00 , 0
387 , 66.08 , 43.58 , 0.00 , 0
388 , 65.06 , 39.47 , 0.00 , 0
389 , 63.78 , 46.58 , 0.00 , 0
390 , 64.04 , 56.12 , 0.00 , 0
391 , 65.82 , 54.82 , 0.00 , 0
392 , 65.57 , 41.91 , 0.00 , 0
393 , 64.29 , 43.41 , 0.00 , 0
394 , 64.55 , 52.69 , 0.00 , 0
395 , 65.06 , 51.14 , 0.00 , 0
396 , 66.08 , 47.54 , 0.00 , 0
397 , 65.31 , 39.85 , 0.00 , 0
398 , 64.04 , 45.06 , 0.00 , 0
399 , 64.29 , 54.47 , 0.00 , 0
400 , 65.31 , 53.04 , 0.00 , 0
401 , 65.57 , 45.74 , 0.00 , 0
402 , 65.06 , 43.67 , 0.00 , 0
403 , 64.80 , 47.21 , 0.00 , 0
404 , 64.80 , 49.10 , 0.00 , 0
405 , 65.31 , 49.20 , 0.00 , 0
406 , 65.31 , 45.47 , 0.00 , 0
407 , 65.06 , 45.31 , 0.00 , 0
408 , 64.80 , 47.07 , 0.00 , 0
409 , 65.06 , 48.96 , 0.00 , 0
410 , 64.80 , 47.14 , 0.00 , 0
411 , 65.06 , 49.03 , 0.00 , 0
412 , 65.06 , 47.21 , 0.00 , 0
413 , 65.31 , 47.19 , 0.00 , 0
414 , 64.55 , 45.24 , 0.00 , 0
415 , 64.80 , 50.83 , 0.00 , 0
416 , 65.57 , 49.14 , 0.00 , 0
417 , 65.82 , 43.50 , 0.00 , 0
418 , 64.29 , 41.30 , 0.00 , 0
419 , 63.78 , 52.38 , 0.00 , 0
420 , 65.06 , 56.56 , 0.00 , 0
421 , 65.82 , 47.60 , 0.00 , 0
422 , 65.06 , 41.83 , 0.00 , 0
423 , 64.04 , 47.16 , 0.00 , 0
424 , 64.55 , 54.79 , 0.00 , 0
425 , 65.31 , 51.44 , 0.00 , 0
426 , 65.31 , 45.93 , 0.00 , 0
427 , 64.55 , 45.77 , 0.00 , 0
428 , 64.55 , 51.36 , 0.00 , 0
429 , 65.06 , 51.59 , 0.00 , 0
430 , 65.31 , 47.98 , 0.00 , 0
431 , 64.55 , 46.04 , 0.00 , 0
432 , 64.80 , 51.63 , 0.00 , 0
433 , 65.57 , 49.94 , 0.00 , 0
434 , 65.57 , 44.30 , 0.00 , 0
435 , 64.55 , 44.02 , 0.00 , 0
436 , 64.29 , 51.39 , 0.00 , 0
437 , 64.80 , 53.53 , 0.00 , 0
438 , 65.06 , 50.06 , 0.00 , 0
439 , 64.55 , 48.24 , 0.00 , 0
440 , 64.80 , 52.04 , 0.00 , 0
441 , 64.29 , 50.36 , 0.00 , 0
442 , 64.55 , 54.28 , 0.00 , 0
443 , 65.06 , 52.72 , 0.00 , 0
444 , 64.80 , 49.12 , 0.00 , 0
446 , 65.31 , 51.01 , 0.00 , 0
447 , 65.57 , 47.28 , 0.00 , 0
448 , 65.06 , 45.21 , 0.00 , 0
449 , 64.29 , 48.76 , 0.00 , 0
450 , 64.80 , 54.47 , 0.00 , 0
451 , 65.06 , 51.00 , 0.00 , 0
452 , 64.04 , 49.18 , 0.00 , 0
453 , 64.55 , 56.81 , 0.00 , 0
454 , 65.57 , 53.46 , 0.00 , 0
455 , 65.06 , 46.04 , 0.00 , 0
456 , 64.29 , 49.58 , 0.00 , 0
457 , 64.55 , 55.29 , 0.00 , 0
458 , 64.80 , 53.73 , 0.00 , 0
459 , 64.80 , 52.05 , 0.00 , 0
460 , 65.57 , 52.15 , 0.00 , 0
461 , 65.31 , 46.51 , 0.00 , 0
462 , 64.55 , 48.14 , 0.00 , 0
463 , 65.31 , 53.72 , 0.00 , 0
464 , 65.06 , 48.21 , 0.00 , 0
465 , 65.31 , 49.97 , 0.00 , 0
466 , 65.31 , 48.02 , 0.00 , 0
467 , 65.31 , 47.87 , 0.00 , 0
468 , 64.55 , 47.71 , 0.00 , 0
469 , 64.55 , 53.30 , 0.00 , 0
470 , 65.57 , 53.52 , 0.00 , 0
471 , 65.57 , 46.10 , 0.00 , 0
472 , 64.55 , 45.81 , 0.00 , 0
473 , 64.29 , 53.19 , 0.00 , 0
474 , 65.06 , 55.33 , 0.00 , 0
475 , 65.57 , 49.94 , 0.00 , 0
476 , 65.31 , 46.08 , 0.00 , 0
477 , 65.06 , 47.72 , 0.00 , 0
478 , 64.80 , 49.47 , 0.00 , 0
479 , 64.55 , 51.36 , 0.00 , 0
480 , 65.06 , 53.37 , 0.00 , 0
481 , 65.06 , 49.77 , 0.00 , 0
482 , 65.06 , 49.74 , 0.00 , 0
483 , 65.06 , 49.72 , 0.00 , 0
484 , 65.31 , 49.69 , 0.00 , 0
485 , 64.80 , 47.75 , 0.00 , 0
486 , 64.55 , 51.42 , 0.00 , 0
487 , 64.80 , 53.43 , 0.00 , 0
488 , 65.06 , 51.74 , 0.00 , 0
489 , 65.57 , 49.93 , 0.00 , 0
490 , 65.31 , 46.07 , 0.00 , 0
491 , 64.55 , 47.71 , 0.00 , 0
492 , 64.55 , 53.29 , 0.00 , 0
493 , 64.80 , 53.52 , 0.00 , 0
494 , 65.31 , 51.83 , 0.00 , 0
495 , 65.57 , 48.10 , 0.00 , 0
496 , 65.57 , 46.03 , 0.00 , 0
497 , 65.06 , 45.75 , 0.00 , 0
498 , 64.29 , 49.30 , 0.00 , 0
499 , 65.06 , 55.01 , 0.00 , 0
500 , 65.31 , 49.62 , 0.00 , 0
501 , 65.06 , 47.68 , 0.00 , 0
502 , 64.29 , 49.44 , 0.00 , 0
503 , 65.06 , 55.15 , 0.00 , 0
504 , 65.31 , 49.76 , 0.00 , 0
505 , 65.06 , 47.82 , 0.00 , 0
506 , 64.29 , 49.58 , 0.00 , 0
507 , 64.55 , 55.29 , 0.00 , 0
508 , 65.31 , 53.73 , 0.00 , 0
509 , 65.31 , 48.22 , 0.00 , 0
510 , 64.29 , 48.07 , 0.00 , 0
511 , 65.06 , 55.56 , 0.00 , 0
512 , 65.06 , 50.18 , 0.00 , 0
513 , 65.06 , 50.15 , 0.00 , 0
514 , 65.31 , 50.12 , 0.00 , 0
515 , 65.06 , 48.18 , 0.00 , 0
516 , 64.80 , 49.94 , 0.00 , 0
517 , 65.06 , 51.82 , 0.00 , 0
518 , 64.80 , 50.01 , 0.00 , 0
519 , 64.55 , 51.90 , 0.00 , 0
520 , 65.31 , 53.91 , 0.00 , 0
521 , 65.31 , 48.39 , 0.00 , 0
522 , 65.06 , 48.24 , 0.00 , 0
523 , 64.29 , 50.00 , 0.00 , 0
524 , 64.55 , 55.71 , 0.00 , 0
525 , 65.31 , 54.15 , 0.00 , 0
526 , 64.29 , 48.64 , 0.00 , 0
527 , 64.80 , 56.14 , 0.00 , 0
528 , 65.31 , 52.66 , 0.00 , 0
529 , 65.57 , 48.94 , 0.00 , 0
530 , 65.06 , 46.87 , 0.00 , 0
531 , 64.55 , 50.41 , 0.00 , 0
532 , 65.31 , 54.21 , 0.00 , 0
533 , 64.80 , 48.70 , 0.00 , 0
534 , 65.31 , 52.37 , 0.00 , 0
535 , 65.31 , 48.64 , 0.00 , 0
536 , 65.06 , 48.48 , 0.00 , 0
537 , 64.55 , 50.24 , 0.00 , 0
538 , 64.80 , 54.04 , 0.00 , 0
539 , 65.06 , 52.35 , 0.00 , 0
540 , 65.06 , 50.54 , 0.00 , 0
541 , 65.31 , 50.51 , 0.00 , 0
542 , 65.31 , 48.57 , 0.00 , 0
543 , 64.80 , 48.42 , 0.00 , 0
544 , 64.29 , 52.09 , 0.00 , 0
545 , 64.80 , 56.01 , 0.00 , 0
546 , 65.57 , 52.54 , 0.00 , 0
547 , 65.31 , 46.90 , 0.00 , 0
548 , 64.80 , 48.53 , 0.00 , 0
549 , 64.80 , 52.20 , 0.00 , 0
550 , 65.57 , 52.30 , 0.00 , 0
551 , 65.31 , 46.66 , 0.00 , 0
552 , 64.55 , 48.29 , 0.00 , 0
553 , 64.80 , 53.88 , 0.00 , 0
554 , 65.06 , 52.19 , 0.00 , 0
555 , 65.31 , 50.38 , 0.00 , 0
556 , 64.29 , 48.43 , 0.00 , 0
557 , 64.55 , 55.93 , 0.00 , 0
558 , 64.04 , 54.37 , 0.00 , 0
559 , 64.55 , 58.43 , 0.00 , 0
560 , 65.06 , 55.08 , 0.00 , 0
561 , 64.80 , 51.48 , 0.00 , 0
562 , 64.55 , 53.37 , 0.00 , 0
563 , 64.29 , 55.38 , 0.00 , 0
564 , 64.55 , 57.52 , 0.00 , 0
565 , 64.80 , 55.96 , 0.00 , 0
566 , 64.29 , 54.28 , 0.00 , 0
567 , 64.80 , 58.20 , 0.00 , 0
568 , 64.80 , 54.73 , 0.00 , 0
569 , 64.80 , 54.83 , 0.00 , 0
570 , 64.55 , 54.93 , 0.00 , 0
571 , 64.80 , 56.94 , 0.00 , 0
572 , 64.80 , 55.26 , 0.00 , 0
573 , 64.80 , 55.36 , 0.00 , 0
574 , 65.06 , 55.46 , 0.00 , 0
575 , 65.06 , 53.64 , 0.00 , 0
576 , 65.06 , 53.61 , 0.00 , 0
577 , 64.29 , 53.59 , 0.00 , 0
578 , 65.06 , 59.30 , 0.00 , 0
579 , 65.57 , 53.91 , 0.00 , 0
580 , 65.31 , 50.06 , 0.00 , 0
581 , 64.55 , 51.69 , 0.00 , 0
582 , 65.06 , 57.27 , 0.00 , 0
583 , 65.57 , 53.67 , 0.00 , 0
584 , 64.80 , 49.82 , 0.00 , 0
585 , 64.55 , 55.27 , 0.00 , 0
586 , 65.06 , 57.29 , 0.00 , 0
587 , 64.55 , 53.69 , 0.00 , 0
588 , 64.80 , 57.49 , 0.00 , 0
589 , 64.55 , 55.80 , 0.00 , 0
590 , 64.80 , 57.81 , 0.00 , 0
591 , 64.80 , 56.13 , 0.00 , 0
592 , 65.31 , 56.23 , 0.00 , 0
593 , 64.55 , 52.50 , 0.00 , 0
594 , 65.06 , 58.08 , 0.00 , 0
595 , 65.57 , 54.48 , 0.00 , 0
596 , 64.80 , 50.63 , 0.00 , 0
597 , 65.06 , 56.09 , 0.00 , 0
598 , 65.31 , 54.27 , 0.00 , 0
599 , 65.31 , 52.33 , 0.00 , 0
600 , 65.31 , 52.17 , 0.00 , 0
601 , 65.57 , 52.02 , 0.00 , 0
602 , 65.31 , 49.95 , 0.00 , 0
603 , 65.06 , 51.58 , 0.00 , 0
604 , 65.06 , 53.34 , 0.00 , 0
605 , 65.31 , 53.31 , 0.00 , 0
606 , 65.31 , 51.37 , 0.00 , 0
607 , 65.82 , 51.21 , 0.00 , 0
608 , 65.57 , 47.23 , 0.00 , 0
609 , 64.80 , 48.73 , 0.00 , 0
610 , 64.80 , 54.19 , 0.00 , 0
611 , 65.06 , 54.29 , 0.00 , 0
612 , 65.31 , 52.48 , 0.00 , 0
613 , 65.06 , 50.53 , 0.00 , 0
614 , 64.80 , 52.29 , 0.00 , 0
615 , 65.06 , 54.18 , 0.00 , 0
616 , 65.06 , 52.36 , 0.00 , 0
617 , 64.80 , 52.34 , 0.00 , 0
618 , 65.06 , 54.22 , 0.00 , 0
619 , 65.06 , 52.41 , 0.00 , 0
620 , 64.29 , 52.38 , 0.00 , 0
621 , 64.80 , 58.09 , 0.00 , 0
622 , 65.06 , 54.62 , 0.00 , 0
623 , 65.06 , 52.81 , 0.00 , 0
624 , 64.80 , 52.78 , 0.00 , 0
625 , 65.06 , 54.66 , 0.00 , 0
626 , 64.80 , 52.85 , 0.00 , 0
627 , 65.06 , 54.73 , 0.00 , 0
628 , 64.80 , 52.92 , 0.00 , 0
629 , 64.80 , 54.81 , 0.00 , 0
630 , 64.29 , 54.91 , 0.00 , 0
631 , 64.29 , 58.83 , 0.00 , 0
632 , 64.80 , 59.19 , 0.00 , 0
633 , 65.31 , 55.71 , 0.00 , 0
634 , 64.29 , 51.99 , 0.00 , 0
635 , 64.04 , 59.49 , 0.00 , 0
636 , 64.80 , 61.75 , 0.00 , 0
637 , 65.06 , 56.50 , 0.00 , 0
638 , 64.55 , 54.68 , 0.00 , 0
639 , 64.29 , 58.48 , 0.00 , 0
640 , 64.80 , 60.62 , 0.00 , 0
641 , 64.80 , 57.15 , 0.00 , 0
642 , 64.55 , 57.25 , 0.00 , 0
643 , 64.80 , 59.26 , 0.00 , 0
644 , 64.55 , 57.57 , 0.00 , 0
645 , 64.80 , 59.59 , 0.00 , 0
646 , 65.31 , 57.90 , 0.00 , 0
647 , 64.80 , 54.17 , 0.00 , 0
648 , 64.29 , 57.85 , 0.00 , 0
649 , 63.78 , 61.77 , 0.00 , 0
650 , 65.06 , 65.95 , 0.00 , 0
651 , 65.57 , 57.00 , 0.00 , 0
652 , 64.80 , 53.14 , 0.00 , 0
653 , 64.29 , 58.60 , 0.00 , 0
654 , 65.06 , 62.52 , 0.00 , 0
655 , 65.06 , 57.14 , 0.00 , 0
656 , 65.06 , 57.11 , 0.00 , 0
657 , 64.55 , 57.08 , 0.00 , 0
658 , 64.80 , 60.88 , 0.00 , 0
659 , 64.80 , 59.20 , 0.00 , 0
660 , 64.80 , 59.29 , 0.00 , 0
661 , 64.55 , 59.39 , 0.00 , 0
662 , 64.80 , 61.41 , 0.00 , 0
663 , 65.06 , 59.72 , 0.00 , 0
664 , 65.31 , 57.91 , 0.00 , 0
665 , 64.55 , 55.96 , 0.00 , 0
666 , 64.80 , 61.55 , 0.00 , 0
667 , 65.82 , 59.86 , 0.00 , 0
668 , 66.08 , 52.31 , 0.00 , 0
669 , 65.31 , 49.98 , 0.00 , 0
670 , 65.06 , 55.19 , 0.00 , 0
671 , 65.31 , 56.94 , 0.00 , 0
672 , 65.31 , 55.00 , 0.00 , 0
673 , 65.06 , 54.85 , 0.00 , 0
674 , 65.31 , 56.61 , 0.00 , 0
675 , 64.80 , 54.66 , 0.00 , 0
676 , 64.80 , 58.34 , 0.00 , 0
677 , 65.31 , 58.43 , 0.00 , 0
678 , 65.31 , 54.71 , 0.00 , 0
679 , 64.80 , 54.55 , 0.00 , 0
680 , 65.06 , 58.22 , 0.00 , 0
681 , 64.80 , 56.41 , 0.00 , 0
682 , 64.80 , 58.29 , 0.00 , 0
683 , 65.31 , 58.39 , 0.00 , 0
684 , 65.06 , 54.67 , 0.00 , 0
685 , 64.80 , 56.42 , 0.00 , 0
686 , 64.55 , 58.31 , 0.00 , 0
687 , 65.57 , 60.32 , 0.00 , 0
688 , 66.08 , 52.90 , 0.00 , 0
689 , 64.55 , 48.79 , 0.00 , 0
690 , 64.55 , 59.73 , 0.00 , 0
691 , 64.55 , 59.96 , 0.00 , 0
692 , 65.57 , 60.18 , 0.00 , 0
693 , 65.57 , 52.76 , 0.00 , 0
694 , 65.31 , 52.47 , 0.00 , 0
695 , 65.31 , 54.10 , 0.00 , 0
696 , 64.80 , 53.95 , 0.00 , 0
697 , 64.80 , 57.62 , 0.00 , 0
698 , 65.06 , 57.72 , 0.00 , 0
699 , 64.29 , 55.90 , 0.00 , 0
700 , 64.55 , 61.62 , 0.00 , 0
701 , 65.31 , 60.06 , 0.00 , 0
702 , 65.57 , 54.54 , 0.00 , 0
703 , 64.29 , 52.48 , 0.00 , 0
704 , 65.06 , 61.76 , 0.00 , 0
705 , 65.57 , 56.37 , 0.00 , 0
706 , 64.55 , 52.52 , 0.00 , 0
707 , 64.80 , 59.89 , 0.00 , 0
708 , 64.29 , 58.20 , 0.00 , 0
709 , 65.06 , 62.13 , 0.00 , 0
710 , 64.80 , 56.74 , 0.00 , 0
711 , 64.29 , 58.63 , 0.00 , 0
712 , 64.29 , 62.56 , 0.00 , 0
713 , 65.57 , 62.91 , 0.00 , 0
714 , 65.57 , 53.70 , 0.00 , 0
715 , 65.06 , 53.41 , 0.00 , 0
716 , 64.80 , 56.96 , 0.00 , 0
717 , 64.80 , 58.84 , 0.00 , 0
718 , 64.55 , 58.94 , 0.00 , 0
719 , 65.31 , 60.96 , 0.00 , 0
720 , 64.80 , 55.44 , 0.00 , 0
721 , 65.06 , 59.11 , 0.00 , 0
722 , 65.31 , 57.30 , 0.00 , 0
723 , 65.06 , 55.36 , 0.00 , 0
724 , 64.55 , 57.12 , 0.00 , 0
725 , 64.80 , 60.92 , 0.00 , 0
726 , 65.31 , 59.23 , 0.00 , 0
727 , 65.06 , 55.50 , 0.00 , 0
728 , 64.80 , 57.26 , 0.00 , 0
729 , 64.80 , 59.15 , 0.00 , 0
730 , 65.06 , 59.24 , 0.00 , 0
731 , 65.06 , 57.43 , 0.00 , 0
732 , 64.55 , 57.40 , 0.00 , 0
733 , 64.80 , 61.20 , 0.00 , 0
734 , 64.55 , 59.52 , 0.00 , 0
735 , 64.80 , 61.53 , 0.00 , 0
736 , 65.06 , 59.84 , 0.00 , 0
737 , 65.06 , 58.03 , 0.00 , 0
738 , 64.80 , 58.00 , 0.00 , 0
739 , 65.06 , 59.89 , 0.00 , 0
740 , 64.80 , 58.07 , 0.00 , 0
741 , 65.06 , 59.96 , 0.00 , 0
742 , 64.55 , 58.14 , 0.00 , 0
743 , 64.55 , 61.94 , 0.00 , 0
744 , 65.31 , 62.17 , 0.00 , 0
745 , 65.57 , 56.66 , 0.00 , 0
746 , 65.31 , 54.59 , 0.00 , 0
747 , 64.55 , 56.22 , 0.00 , 0
748 , 65.06 , 61.80 , 0.00 , 0
749 , 65.31 , 58.20 , 0.00 , 0
750 , 65.31 , 56.26 , 0.00 , 0
751 , 64.80 , 56.10 , 0.00 , 0
752 , 64.80 , 59.78 , 0.00 , 0
753 , 65.31 , 59.88 , 0.00 , 0
754 , 65.57 , 56.15 , 0.00 , 0
755 , 65.06 , 54.08 , 0.00 , 0
756 , 65.06 , 57.62 , 0.00 , 0
757 , 64.80 , 57.59 , 0.00 , 0
758 , 65.31 , 59.48 , 0.00 , 0
759 , 65.57 , 55.75 , 0.00 , 0
760 , 64.80 , 53.68 , 0.00 , 0
761 , 65.31 , 59.14 , 0.00 , 0
762 , 65.57 , 55.41 , 0.00 , 0
763 , 64.80 , 53.34 , 0.00 , 0
764 , 64.55 , 58.80 , 0.00 , 0
765 , 65.31 , 60.81 , 0.00 , 0
766 , 65.57 , 55.30 , 0.00 , 0
767 , 65.06 , 53.23 , 0.00 , 0
768 , 65.06 , 56.78 , 0.00 , 0
769 , 65.06 , 56.75 , 0.00 , 0
770 , 64.55 , 56.72 , 0.00 , 0
771 , 64.29 , 60.52 , 0.00 , 0
772 , 65.57 , 62.66 , 0.00 , 0
773 , 65.57 , 53.45 , 0.00 , 0
774 , 65.06 , 53.16 , 0.00 , 0
775 , 65.06 , 56.71 , 0.00 , 0
776 , 64.80 , 56.68 , 0.00 , 0
777 , 64.80 , 58.56 , 0.00 , 0
778 , 64.29 , 58.66 , 0.00 , 0
779 , 64.80 , 62.59 , 0.00 , 0
780 , 65.31 , 59.12 , 0.00 , 0
781 , 65.06 , 55.39 , 0.00 , 0
782 , 64.55 , 57.15 , 0.00 , 0
783 , 64.29 , 60.95 , 0.00 , 0
784 , 65.31 , 63.09 , 0.00 , 0
785 , 65.82 , 55.79 , 0.00 , 0
786 , 64.29 , 51.81 , 0.00 , 0
787 , 64.55 , 62.88 , 0.00 , 0
788 , 64.80 , 61.32 , 0.00 , 0
789 , 64.80 , 59.63 , 0.00 , 0
790 , 65.06 , 59.73 , 0.00 , 0
791 , 64.80 , 57.92 , 0.00 , 0
792 , 64.55 , 59.80 , 0.00 , 0
793 , 65.06 , 61.82 , 0.00 , 0
794 , 64.80 , 58.22 , 0.00 , 0
795 , 65.06 , 60.10 , 0.00 , 0
796 , 65.57 , 58.29 , 0.00 , 0
797 , 65.06 , 54.43 , 0.00 , 0
798 , 64.55 , 57.98 , 0.00 , 0
799 , 64.80 , 61.77 , 0.00 , 0
800 , 65.31 , 60.09 , 0.00 , 0
801 , 64.80 , 56.36 , 0.00 , 0
802 , 64.55 , 60.03 , 0.00 , 0
803 , 64.80 , 62.04 , 0.00 , 0
804 , 65.31 , 60.36 , 0.00 , 0
805 , 64.80 , 56.63 , 0.00 , 0
806 , 64.29 , 60.30 , 0.00 , 0
807 , 64.80 , 64.23 , 0.00 , 0
808 , 65.57 , 60.76 , 0.00 , 0
809 , 65.06 , 55.12 , 0.00 , 0
810 , 64.55 , 58.66 , 0.00 , 0
811 , 64.55 , 62.46 , 0.00 , 0
812 , 65.06 , 62.69 , 0.00 , 0
813 , 65.31 , 59.09 , 0.00 , 0
814 , 64.80 , 57.14 , 0.00 , 0
815 , 64.04 , 60.82 , 0.00 , 0
816 , 64.80 , 66.66 , 0.00 , 0
817 , 65.82 , 61.40 , 0.00 , 0
818 , 65.06 , 53.84 , 0.00 , 0
819 , 64.55 , 59.17 , 0.00 , 0
820 , 64.80 , 62.97 , 0.00 , 0
821 , 65.31 , 61.28 , 0.00 , 0
822 , 65.06 , 57.56 , 0.00 , 0
823 , 64.29 , 59.32 , 0.00 , 0
824 , 64.80 , 65.03 , 0.00 , 0
825 , 65.57 , 61.56 , 0.00 , 0
826 , 65.06 , 55.91 , 0.00 , 0
827 , 64.29 , 59.46 , 0.00 , 0
828 , 64.80 , 65.17 , 0.00 , 0
829 , 65.31 , 61.70 , 0.00 , 0
830 , 65.31 , 57.97 , 0.00 , 0
831 , 64.29 , 57.82 , 0.00 , 0
832 , 63.53 , 65.31 , 0.00 , 0
833 , 65.31 , 71.41 , 0.00 , 0
834 , 66.33 , 58.75 , 0.00 , 0
835 , 65.31 , 50.94 , 0.00 , 0
836 , 64.29 , 57.93 , 0.00 , 0
837 , 64.29 , 65.43 , 0.00 , 0
838 , 65.06 , 65.78 , 0.00 , 0
839 , 65.06 , 60.40 , 0.00 , 0
840 , 65.06 , 60.37 , 0.00 , 0
841 , 64.55 , 60.34 , 0.00 , 0
842 , 64.80 , 64.14 , 0.00 , 0
843 , 65.57 , 62.45 , 0.00 , 0
844 , 64.80 , 56.81 , 0.00 , 0
845 , 64.29 , 62.27 , 0.00 , 0
846 , 64.80 , 66.20 , 0.00 , 0
847 , 65.57 , 62.72 , 0.00 , 0
848 , 64.80 , 57.08 , 0.00 , 0
849 , 64.29 , 62.54 , 0.00 , 0
850 , 64.29 , 66.47 , 0.00 , 0
851 , 65.06 , 66.82 , 0.00 , 0
852 , 65.82 , 61.44 , 0.00 , 0
853 , 65.06 , 55.67 , 0.00 , 0
854 , 64.04 , 61.00 , 0.00 , 0
855 , 64.80 , 68.62 , 0.00 , 0
856 , 65.57 , 63.36 , 0.00 , 0
857 , 64.80 , 57.72 , 0.00 , 0
858 , 64.80 , 63.18 , 0.00 , 0
859 , 65.06 , 63.28 , 0.00 , 0
860 , 65.31 , 61.47 , 0.00 , 0
861 , 65.06 , 59.53 , 0.00 , 0
862 , 64.80 , 61.28 , 0.00 , 0
863 , 64.80 , 63.17 , 0.00 , 0
864 , 65.06 , 63.27 , 0.00 , 0
865 , 65.57 , 61.45 , 0.00 , 0
866 , 65.06 , 57.60 , 0.00 , 0
867 , 64.55 , 61.14 , 0.00 , 0
868 , 64.55 , 64.94 , 0.00 , 0
869 , 65.31 , 65.17 , 0.00 , 0
870 , 65.57 , 59.66 , 0.00 , 0
871 , 64.80 , 57.59 , 0.00 , 0
872 , 64.55 , 63.04 , 0.00 , 0
873 , 64.80 , 65.06 , 0.00 , 0
874 , 65.06 , 63.37 , 0.00 , 0
875 , 65.06 , 61.56 , 0.00 , 0
876 , 64.29 , 61.53 , 0.00 , 0
877 , 64.80 , 67.24 , 0.00 , 0
878 , 66.08 , 63.77 , 0.00 , 0
879 , 65.06 , 54.30 , 0.00 , 0
880 , 64.04 , 61.42 , 0.00 , 0
881 , 64.29 , 69.04 , 0.00 , 0
882 , 66.08 , 67.61 , 0.00 , 0
883 , 65.57 , 54.57 , 0.00 , 0
884 , 64.29 , 57.86 , 0.00 , 0
885 , 64.29 , 67.14 , 0.00 , 0
886 , 65.57 , 67.50 , 0.00 , 0
887 , 65.82 , 58.29 , 0.00 , 0
888 , 64.80 , 56.09 , 0.00 , 0
889 , 64.04 , 63.33 , 0.00 , 0
890 , 64.55 , 69.17 , 0.00 , 0
891 , 65.57 , 65.83 , 0.00 , 0
892 , 65.57 , 58.40 , 0.00 , 0
893 , 64.80 , 58.12 , 0.00 , 0
894 , 64.29 , 63.57 , 0.00 , 0
895 , 64.55 , 67.50 , 0.00 , 0
896 , 65.31 , 65.94 , 0.00 , 0
897 , 65.57 , 60.43 , 0.00 , 0
898 , 64.80 , 58.36 , 0.00 , 0
899 , 64.29 , 63.82 , 0.00 , 0
900 , 64.55 , 67.74 , 0.00 , 0
901 , 65.06 , 66.19 , 0.00 , 0
902 , 65.57 , 62.59 , 0.00 , 0
903 , 64.80 , 58.73 , 0.00 , 0
904 , 64.80 , 64.19 , 0.00 , 0
905 , 64.80 , 64.29 , 0.00 , 0
906 , 65.06 , 64.39 , 0.00 , 0
907 , 65.57 , 62.57 , 0.00 , 0
908 , 64.80 , 58.72 , 0.00 , 0
909 , 64.55 , 64.17 , 0.00 , 0
910 , 64.80 , 66.19 , 0.00 , 0
911 , 65.31 , 64.50 , 0.00 , 0
912 , 65.06 , 60.77 , 0.00 , 0
913 , 64.55 , 62.53 , 0.00 , 0
914 , 65.06 , 66.33 , 0.00 , 0
915 , 65.06 , 62.73 , 0.00 , 0
916 , 65.06 , 62.70 , 0.00 , 0
917 , 65.31 , 62.67 , 0.00 , 0
918 , 65.06 , 60.73 , 0.00 , 0
919 , 65.31 , 62.49 , 0.00 , 0
921 , 65.31 , 60.55 , 0.00 , 0
922 , 65.06 , 60.39 , 0.00 , 0
923 , 65.06 , 62.15 , 0.00 , 0
924 , 64.80 , 62.12 , 0.00 , 0
925 , 65.57 , 64.01 , 0.00 , 0
926 , 65.31 , 58.37 , 0.00 , 0
927 , 64.80 , 60.00 , 0.00 , 0
928 , 65.06 , 63.67 , 0.00 , 0
929 , 65.57 , 61.86 , 0.00 , 0
930 , 65.31 , 58.00 , 0.00 , 0
931 , 64.55 , 59.63 , 0.00 , 0
932 , 64.55 , 65.22 , 0.00 , 0
933 , 65.31 , 65.44 , 0.00 , 0
934 , 65.06 , 59.93 , 0.00 , 0
935 , 64.55 , 61.69 , 0.00 , 0
936 , 65.31 , 65.49 , 0.00 , 0
937 , 65.57 , 59.97 , 0.00 , 0
938 , 64.55 , 57.90 , 0.00 , 0
939 , 64.29 , 65.27 , 0.00 , 0
940 , 65.57 , 67.42 , 0.00 , 0
941 , 65.82 , 58.20 , 0.00 , 0
942 , 64.80 , 56.01 , 0.00 , 0
943 , 64.04 , 63.25 , 0.00 , 0
944 , 65.06 , 69.09 , 0.00 , 0
945 , 65.57 , 61.92 , 0.00 , 0
946 , 65.06 , 58.06 , 0.00 , 0
947 , 64.04 , 61.61 , 0.00 , 0
948 , 64.55 , 69.23 , 0.00 , 0
949 , 65.82 , 65.89 , 0.00 , 0
950 , 65.57 , 56.55 , 0.00 , 0
951 , 64.55 , 58.05 , 0.00 , 0
952 , 64.04 , 65.42 , 0.00 , 0
953 , 65.31 , 69.47 , 0.00 , 0
954 , 65.57 , 60.39 , 0.00 , 0
955 , 65.06 , 58.32 , 0.00 , 0
956 , 64.29 , 61.86 , 0.00 , 0
957 , 64.04 , 67.58 , 0.00 , 0
958 , 65.31 , 69.84 , 0.00 , 0
959 , 66.08 , 60.76 , 0.00 , 0
960 , 65.31 , 54.86 , 0.00 , 0
961 , 64.29 , 60.07 , 0.00 , 0
962 , 64.55 , 67.56 , 0.00 , 0
963 , 65.57 , 66.01 , 0.00 , 0
964 , 65.57 , 58.58 , 0.00 , 0
965 , 64.04 , 58.29 , 0.00 , 0
966 , 64.29 , 69.49 , 0.00 , 0
967 , 65.31 , 68.06 , 0.00 , 0
968 , 65.82 , 60.76 , 0.00 , 0
969 , 64.80 , 56.78 , 0.00 , 0
970 , 64.04 , 64.02 , 0.00 , 0
971 , 65.06 , 69.86 , 0.00 , 0
972 , 65.57 , 62.69 , 0.00 , 0
973 , 64.55 , 58.84 , 0.00 , 0
974 , 64.29 , 66.21 , 0.00 , 0
975 , 64.80 , 68.35 , 0.00 , 0
976 , 65.57 , 64.87 , 0.00 , 0
977 , 65.06 , 59.23 , 0.00 , 0
978 , 64.04 , 62.78 , 0.00 , 0
979 , 64.29 , 70.40 , 0.00 , 0
980 , 65.31 , 68.97 , 0.00 , 0
981 , 65.82 , 61.67 , 0.00 , 0
982 , 64.55 , 57.69 , 0.00 , 0
983 , 63.78 , 66.85 , 0.00 , 0
984 , 65.06 , 72.82 , 0.00 , 0
985 , 66.08 , 63.86 , 0.00 , 0
986 , 64.80 , 56.17 , 0.00 , 0
987 , 64.04 , 65.20 , 0.00 , 0
988 , 64.80 , 71.04 , 0.00 , 0
989 , 65.82 , 65.79 , 0.00 , 0
990 , 65.06 , 58.23 , 0.00 , 0
991 , 64.55 , 63.56 , 0.00 , 0
992 , 65.06 , 67.36 , 0.00 , 0
993 , 64.80 , 63.76 , 0.00 , 0
994 , 65.31 , 65.65 , 0.00 , 0
995 , 65.06 , 61.92 , 0.00 , 0
996 , 64.80 , 63.68 , 0.00 , 0
997 , 64.80 , 65.56 , 0.00 , 0
998 , 65.06 , 65.66 , 0.00 , 0
999 , 65.31 , 63.85 , 0.00 , 0
1000 , 65.06 , 61.91 , 0.00 , 0
1001 , 64.55 , 63.66 , 0.00 , 0
1002 , 65.06 , 67.46 , 0.00 , 0
1003 , 65.06 , 63.86 , 0.00 , 0
1004 , 65.06 , 63.83 , 0.00 , 0
1005 , 64.29 , 63.81 , 0.00 , 0
1006 , 64.80 , 69.52 , 0.00 , 0
1007 , 65.31 , 66.05 , 0.00 , 0
1008 , 65.31 , 62.32 , 0.00 , 0
1009 , 64.80 , 62.16 , 0.00 , 0
1010 , 64.29 , 65.83 , 0.00 , 0
1011 , 65.57 , 69.76 , 0.00 , 0
1012 , 65.82 , 60.55 , 0.00 , 0
1013 , 64.04 , 58.35 , 0.00 , 0
1014 , 64.29 , 71.34 , 0.00 , 0
1015 , 65.82 , 69.90 , 0.00 , 0
1016 , 65.82 , 58.78 , 0.00 , 0
1017 , 64.29 , 58.37 , 0.00 , 0
1018 , 64.55 , 69.44 , 0.00 , 0
1019 , 66.08 , 67.88 , 0.00 , 0
1020 , 66.08 , 56.62 , 0.00 , 0
1021 , 64.55 , 56.09 , 0.00 , 0
1022 , 63.78 , 67.03 , 0.00 , 0
1023 , 65.57 , 73.00 , 0.00 , 0
1024 , 66.33 , 60.21 , 0.00 , 0
1025 , 65.06 , 54.19 , 0.00 , 0
1026 , 64.04 , 63.09 , 0.00 , 0
1027 , 64.55 , 70.72 , 0.00 , 0
1028 , 65.82 , 67.37 , 0.00 , 0
1029 , 65.31 , 58.03 , 0.00 , 0
1030 , 64.29 , 61.45 , 0.00 , 0
1031 , 64.80 , 68.95 , 0.00 , 0
1032 , 65.57 , 65.47 , 0.00 , 0
1033 , 64.80 , 59.83 , 0.00 , 0
1034 , 64.29 , 65.29 , 0.00 , 0
1035 , 65.57 , 69.22 , 0.00 , 0
1036 , 65.82 , 60.00 , 0.00 , 0
1037 , 65.06 , 57.81 , 0.00 , 0
1038 , 64.29 , 63.14 , 0.00 , 0
1039 , 65.31 , 68.85 , 0.00 , 0
1040 , 65.31 , 61.55 , 0.00 , 0
1041 , 65.06 , 61.39 , 0.00 , 0
1042 , 65.06 , 63.15 , 0.00 , 0
1043 , 65.06 , 63.12 , 0.00 , 0
1044 , 64.55 , 63.10 , 0.00 , 0
1045 , 65.06 , 66.89 , 0.00 , 0
1046 , 65.31 , 63.29 , 0.00 , 0
1047 , 65.06 , 61.35 , 0.00 , 0
1048 , 64.80 , 63.11 , 0.00 , 0
1049 , 64.55 , 65.00 , 0.00 , 0
1050 , 65.31 , 67.01 , 0.00 , 0
1051 , 65.82 , 61.50 , 0.00 , 0
1052 , 65.06 , 57.51 , 0.00 , 0
1053 , 64.55 , 62.84 , 0.00 , 0
1054 , 65.06 , 66.64 , 0.00 , 0
1055 , 65.06 , 63.04 , 0.00 , 0
1056 , 65.57 , 63.01 , 0.00 , 0
1057 , 65.57 , 59.16 , 0.00 , 0
1058 , 64.80 , 58.88 , 0.00 , 0
1059 , 64.55 , 64.33 , 0.00 , 0
1060 , 64.80 , 66.35 , 0.00 , 0
1061 , 65.31 , 64.66 , 0.00 , 0
1062 , 65.31 , 60.93 , 0.00 , 0
1063 , 64.80 , 60.78 , 0.00 , 0
1064 , 64.55 , 64.45 , 0.00 , 0
1065 , 65.06 , 66.46 , 0.00 , 0
1066 , 65.57 , 62.86 , 0.00 , 0
1067 , 65.06 , 59.01 , 0.00 , 0
1068 , 64.29 , 62.55 , 0.00 , 0
1069 , 65.06 , 68.26 , 0.00 , 0
1070 , 65.31 , 62.88 , 0.00 , 0
1071 , 64.55 , 60.93 , 0.00 , 0
1072 , 64.55 , 66.52 , 0.00 , 0
1073 , 64.80 , 66.75 , 0.00 , 0
1074 , 65.06 , 65.06 , 0.00 , 0
1075 , 64.29 , 63.25 , 0.00 , 0
1076 , 64.55 , 68.96 , 0.00 , 0
1077 , 65.06 , 67.40 , 0.00 , 0
1078 , 65.31 , 63.80 , 0.00 , 0
1079 , 64.80 , 61.86 , 0.00 , 0
1080 , 64.55 , 65.53 , 0.00 , 0
1081 , 65.06 , 67.54 , 0.00 , 0
1082 , 65.82 , 63.94 , 0.00 , 0
1083 , 65.06 , 58.17 , 0.00 , 0
1084 , 64.55 , 63.50 , 0.00 , 0
1085 , 64.80 , 67.30 , 0.00 , 0
1086 , 65.31 , 65.62 , 0.00 , 0
1087 , 65.82 , 61.89 , 0.00 , 0
1088 , 65.57 , 57.91 , 0.00 , 0
1089 , 65.06 , 59.41 , 0.00 , 0
1090 , 64.80 , 62.95 , 0.00 , 0
1091 , 65.06 , 64.84 , 0.00 , 0
1092 , 65.31 , 63.02 , 0.00 , 0
1093 , 65.57 , 61.08 , 0.00 , 0
1094 , 64.80 , 59.01 , 0.00 , 0
1095 , 64.80 , 64.47 , 0.00 , 0
1096 , 65.82 , 64.57 , 0.00 , 0
1097 , 65.82 , 57.02 , 0.00 , 0
1098 , 64.80 , 56.61 , 0.00 , 0
1099 , 64.04 , 63.85 , 0.00 , 0
1100 , 65.57 , 69.69 , 0.00 , 0
1101 , 66.33 , 58.69 , 0.00 , 0
1102 , 64.80 , 52.67 , 0.00 , 0
1103 , 63.78 , 63.48 , 0.00 , 0
1104 , 65.31 , 71.24 , 0.00 , 0
1105 , 66.59 , 60.36 , 0.00 , 0
1106 , 65.06 , 50.64 , 0.00 , 0
1107 , 64.55 , 61.33 , 0.00 , 0
1108 , 64.80 , 65.13 , 0.00 , 0
1109 , 65.82 , 63.44 , 0.00 , 0
1110 , 65.31 , 55.89 , 0.00 , 0
1111 , 64.80 , 59.30 , 0.00 , 0
1112 , 64.55 , 62.97 , 0.00 , 0
1113 , 65.31 , 64.99 , 0.00 , 0
1114 , 65.57 , 59.47 , 0.00 , 0
1115 , 64.55 , 57.40 , 0.00 , 0
1116 , 64.29 , 64.78 , 0.00 , 0
1117 , 65.06 , 66.92 , 0.00 , 0
1118 , 65.82 , 61.53 , 0.00 , 0
1119 , 65.06 , 55.76 , 0.00 , 0
1120 , 64.29 , 61.09 , 0.00 , 0
1121 , 65.31 , 66.80 , 0.00 , 0
1122 , 65.82 , 59.50 , 0.00 , 0
1123 , 65.06 , 55.52 , 0.00 , 0
1124 , 64.80 , 60.85 , 0.00 , 0
1125 , 64.80 , 62.74 , 0.00 , 0
1126 , 64.80 , 62.84 , 0.00 , 0
1127 , 65.06 , 62.94 , 0.00 , 0
1128 , 65.82 , 61.12 , 0.00 , 0
1129 , 65.31 , 55.35 , 0.00 , 0
1130 , 64.55 , 58.77 , 0.00 , 0
1131 , 64.80 , 64.35 , 0.00 , 0
1132 , 65.31 , 62.67 , 0.00 , 0
1133 , 65.31 , 58.94 , 0.00 , 0
1134 , 64.80 , 58.78 , 0.00 , 0
1135 , 64.55 , 62.46 , 0.00 , 0
1136 , 65.06 , 64.47 , 0.00 , 0
1137 , 65.06 , 60.87 , 0.00 , 0
1138 , 65.06 , 60.84 , 0.00 , 0
1139 , 65.06 , 60.81 , 0.00 , 0
1140 , 65.06 , 60.79 , 0.00 , 0
1141 , 64.80 , 60.76 , 0.00 , 0
1142 , 65.06 , 62.64 , 0.00 , 0
1143 , 64.80 , 60.83 , 0.00 , 0
1144 , 65.31 , 62.71 , 0.00 , 0
1145 , 65.57 , 58.99 , 0.00 , 0
1146 , 64.80 , 56.92 , 0.00 , 0
1147 , 64.29 , 62.37 , 0.00 , 0
1148 , 64.80 , 66.30 , 0.00 , 0
1149 , 65.31 , 62.83 , 0.00 , 0
1150 , 65.57 , 59.10 , 0.00 , 0
1151 , 65.31 , 57.03 , 0.00 , 0
1152 , 64.80 , 58.66 , 0.00 , 0
1153 , 64.55 , 62.33 , 0.00 , 0
1154 , 65.57 , 64.35 , 0.00 , 0
1155 , 65.82 , 56.92 , 0.00 , 0
1156 , 64.29 , 54.72 , 0.00 , 0
1157 , 64.29 , 65.79 , 0.00 , 0
1158 , 65.57 , 66.15 , 0.00 , 0
1159 , 65.82 , 56.94 , 0.00 , 0
1160 , 64.80 , 54.74 , 0.00 , 0
1161 , 64.29 , 61.98 , 0.00 , 0
1162 , 65.06 , 65.91 , 0.00 , 0
1163 , 65.82 , 60.52 , 0.00 , 0
1164 , 65.06 , 54.75 , 0.00 , 0
1165 , 64.55 , 60.08 , 0.00 , 0
1166 , 64.80 , 63.88 , 0.00 , 0
1167 , 65.06 , 62.20 , 0.00 , 0
1168 , 64.80 , 60.38 , 0.00 , 0
1169 , 65.06 , 62.27 , 0.00 , 0
1170 , 65.57 , 60.45 , 0.00 , 0
1171 , 64.80 , 56.60 , 0.00 , 0
1172 , 63.78 , 62.06 , 0.00 , 0
1173 , 65.06 , 69.81 , 0.00 , 0
1174 , 66.08 , 60.85 , 0.00 , 0
1175 , 64.55 , 53.17 , 0.00 , 0
1176 , 64.29 , 64.11 , 0.00 , 0
1177 , 64.80 , 66.25 , 0.00 , 0
1178 , 65.31 , 62.78 , 0.00 , 0
1179 , 65.06 , 59.05 , 0.00 , 0
1180 , 64.55 , 60.81 , 0.00 , 0
1181 , 64.04 , 64.61 , 0.00 , 0
1182 , 65.06 , 68.66 , 0.00 , 0
1183 , 66.08 , 61.49 , 0.00 , 0
1184 , 64.55 , 53.81 , 0.00 , 0
1185 , 63.27 , 64.75 , 0.00 , 0
1186 , 64.55 , 74.55 , 0.00 , 0
1187 , 66.33 , 65.85 , 0.00 , 0
1188 , 64.55 , 52.68 , 0.00 , 0
1189 , 63.53 , 65.41 , 0.00 , 0
1190 , 65.06 , 73.29 , 0.00 , 0
1191 , 66.08 , 62.54 , 0.00 , 0
1192 , 64.55 , 54.86 , 0.00 , 0
1193 , 63.78 , 65.80 , 0.00 , 0
1194 , 65.06 , 71.77 , 0.00 , 0
1195 , 65.82 , 62.81 , 0.00 , 0
1196 , 64.29 , 57.05 , 0.00 , 0
1197 , 64.04 , 68.12 , 0.00 , 0
1198 , 65.31 , 70.38 , 0.00 , 0
1199 , 65.57 , 61.30 , 0.00 , 0
1200 , 64.80 , 59.23 , 0.00 , 0
1201 , 64.29 , 64.69 , 0.00 , 0
1202 , 64.80 , 68.61 , 0.00 , 0
1203 , 65.57 , 65.14 , 0.00 , 0
1204 , 65.82 , 59.50 , 0.00 , 0
1205 , 64.80 , 57.30 , 0.00 , 0
1206 , 64.29 , 64.55 , 0.00 , 0
1207 , 65.06 , 68.47 , 0.00 , 0
1208 , 65.82 , 63.09 , 0.00 , 0
1209 , 64.80 , 57.32 , 0.00 , 0
1210 , 64.29 , 64.56 , 0.00 , 0
1211 , 64.80 , 68.49 , 0.00 , 0
1212 , 65.31 , 65.02 , 0.00 , 0
1213 , 65.31 , 61.29 , 0.00 , 0
1214 , 64.80 , 61.13 , 0.00 , 0
1215 , 64.80 , 64.81 , 0.00 , 0
1216 , 64.80 , 64.90 , 0.00 , 0
1217 , 64.80 , 65.00 , 0.00 , 0
1218 , 65.06 , 65.10 , 0.00 , 0
1219 , 65.31 , 63.29 , 0.00 , 0
1220 , 65.06 , 61.35 , 0.00 , 0
1221 , 64.55 , 63.11 , 0.00 , 0
1222 , 65.31 , 66.91 , 0.00 , 0
1223 , 65.82 , 61.39 , 0.00 , 0
1224 , 65.31 , 57.41 , 0.00 , 0
1225 , 64.55 , 60.82 , 0.00 , 0
1226 , 65.06 , 66.41 , 0.00 , 0
1227 , 65.57 , 62.81 , 0.00 , 0
1228 , 65.31 , 58.95 , 0.00 , 0
1229 , 64.55 , 60.59 , 0.00 , 0
1230 , 65.06 , 66.17 , 0.00 , 0
1231 , 65.31 , 62.57 , 0.00 , 0
1232 , 65.31 , 60.63 , 0.00 , 0
1233 , 64.29 , 60.47 , 0.00 , 0
1234 , 64.55 , 67.97 , 0.00 , 0
1235 , 65.82 , 66.41 , 0.00 , 0
1236 , 65.82 , 57.07 , 0.00 , 0
1237 , 64.80 , 56.66 , 0.00 , 0
1238 , 64.29 , 63.90 , 0.00 , 0
1239 , 65.06 , 67.83 , 0.00 , 0
1240 , 65.57 , 62.45 , 0.00 , 0
1241 , 65.06 , 58.59 , 0.00 , 0
1242 , 64.29 , 62.13 , 0.00 , 0
1243 , 64.29 , 67.85 , 0.00 , 0
1244 , 65.57 , 68.20 , 0.00 , 0
1245 , 65.82 , 58.99 , 0.00 , 0
1246 , 64.80 , 56.79 , 0.00 , 0
1247 , 64.04 , 64.04 , 0.00 , 0
1248 , 65.06 , 69.88 , 0.00 , 0
1249 , 65.57 , 62.70 , 0.00 , 0
1250 , 65.31 , 58.85 , 0.00 , 0
1251 , 64.55 , 60.48 , 0.00 , 0
1252 , 64.80 , 66.06 , 0.00 , 0
1253 , 65.31 , 64.38 , 0.00 , 0
1254 , 65.82 , 60.65 , 0.00 , 0
1255 , 65.31 , 56.67 , 0.00 , 0
1256 , 64.29 , 60.08 , 0.00 , 0
1257 , 64.80 , 67.58 , 0.00 , 0
1258 , 66.08 , 64.11 , 0.00 , 0
1259 , 65.82 , 54.64 , 0.00 , 0
1260 , 64.55 , 56.02 , 0.00 , 0
1261 , 64.04 , 65.17 , 0.00 , 0
1262 , 65.06 , 69.23 , 0.00 , 0
1263 , 66.33 , 62.06 , 0.00 , 0
1264 , 65.31 , 52.46 , 0.00 , 0
1265 , 64.55 , 59.45 , 0.00 , 0
1266 , 64.80 , 65.03 , 0.00 , 0
1267 , 65.31 , 63.35 , 0.00 , 0
1268 , 64.80 , 59.62 , 0.00 , 0
1269 , 64.55 , 63.29 , 0.00 , 0
1270 , 65.06 , 65.30 , 0.00 , 0
1271 , 65.57 , 61.70 , 0.00 , 0
1272 , 64.80 , 57.85 , 0.00 , 0
1273 , 64.29 , 63.31 , 0.00 , 0
1274 , 65.06 , 67.23 , 0.00 , 0
1275 , 65.82 , 61.85 , 0.00 , 0
1276 , 65.31 , 56.08 , 0.00 , 0
1277 , 64.04 , 59.49 , 0.00 , 0
1278 , 64.29 , 68.91 , 0.00 , 0
1279 , 65.57 , 67.48 , 0.00 , 0
1280 , 65.82 , 58.26 , 0.00 , 0
1281 , 64.55 , 56.06 , 0.00 , 0
1282 , 64.04 , 65.22 , 0.00 , 0
1283 , 65.31 , 69.28 , 0.00 , 0
1284 , 65.57 , 60.19 , 0.00 , 0
1285 , 64.55 , 58.12 , 0.00 , 0
1286 , 64.29 , 65.49 , 0.00 , 0
1287 , 65.31 , 67.63 , 0.00 , 0
1288 , 65.31 , 60.33 , 0.00 , 0
1289 , 64.04 , 60.18 , 0.00 , 0
1290 , 64.55 , 69.59 , 0.00 , 0
1291 , 65.57 , 66.25 , 0.00 , 0
1292 , 65.31 , 58.82 , 0.00 , 0
1293 , 64.04 , 60.45 , 0.00 , 0
1294 , 64.55 , 69.86 , 0.00 , 0
1295 , 66.08 , 66.52 , 0.00 , 0
1296 , 65.06 , 55.26 , 0.00 , 0
1297 , 64.04 , 62.38 , 0.00 , 0
1298 , 64.55 , 70.00 , 0.00 , 0
1299 , 66.33 , 66.66 , 0.00 , 0
1300 , 65.31 , 53.49 , 0.00 , 0
1301 , 63.78 , 60.48 , 0.00 , 0
1302 , 64.29 , 71.81 , 0.00 , 0
1303 , 65.57 , 68.59 , 0.00 , 0
1304 , 65.57 , 59.37 , 0.00 , 0
1305 , 64.55 , 59.09 , 0.00 , 0
1306 , 64.29 , 66.46 , 0.00 , 0
1307 , 64.80 , 68.60 , 0.00 , 0
1308 , 65.06 , 65.13 , 0.00 , 0
1309 , 64.80 , 63.32 , 0.00 , 0
1310 , 65.06 , 65.20 , 0.00 , 0
1311 , 64.80 , 63.39 , 0.00 , 0
1312 , 64.29 , 65.27 , 0.00 , 0
1313 , 65.31 , 69.20 , 0.00 , 0
1314 , 65.57 , 61.90 , 0.00 , 0
1315 , 64.29 , 59.83 , 0.00 , 0
1316 , 64.55 , 69.12 , 0.00 , 0
1317 , 65.82 , 67.56 , 0.00 , 0
1318 , 65.57 , 58.22 , 0.00 , 0
1319 , 64.55 , 59.72 , 0.00 , 0
1320 , 64.55 , 67.09 , 0.00 , 0
1321 , 65.31 , 67.32 , 0.00 , 0
1322 , 65.31 , 61.80 , 0.00 , 0
1323 , 65.06 , 61.65 , 0.00 , 0
1324 , 65.06 , 63.41 , 0.00 , 0
1325 , 65.31 , 63.38 , 0.00 , 0
1326 , 64.80 , 61.44 , 0.00 , 0
1327 , 65.31 , 65.11 , 0.00 , 0
1328 , 65.82 , 61.38 , 0.00 , 0
1329 , 65.06 , 57.40 , 0.00 , 0
1330 , 64.29 , 62.73 , 0.00 , 0
1331 , 64.55 , 68.44 , 0.00 , 0
1332 , 65.31 , 66.88 , 0.00 , 0
1333 , 65.31 , 61.37 , 0.00 , 0
1334 , 64.55 , 61.21 , 0.00 , 0
1335 , 64.80 , 66.80 , 0.00 , 0
1336 , 65.31 , 65.11 , 0.00 , 0
1337 , 64.55 , 61.38 , 0.00 , 0
1338 , 64.29 , 66.97 , 0.00 , 0
1339 , 64.55 , 69.11 , 0.00 , 0
1340 , 65.82 , 67.55 , 0.00 , 0
1341 , 65.82 , 58.21 , 0.00 , 0
1342 , 64.55 , 57.80 , 0.00 , 0
1343 , 63.78 , 66.96 , 0.00 , 0
1344 , 64.80 , 72.92 , 0.00 , 0
1345 , 65.82 , 65.88 , 0.00 , 0
1346 , 64.80 , 58.32 , 0.00 , 0
1347 , 64.55 , 65.57 , 0.00 , 0
1348 , 65.31 , 67.58 , 0.00 , 0
1349 , 65.82 , 62.07 , 0.00 , 0
1350 , 64.80 , 58.08 , 0.00 , 0
1351 , 64.55 , 65.33 , 0.00 , 0
1352 , 65.31 , 67.34 , 0.00 , 0
1353 , 65.82 , 61.83 , 0.00 , 0
1354 , 65.31 , 57.84 , 0.00 , 0
1355 , 64.55 , 61.26 , 0.00 , 0
1356 , 65.06 , 66.85 , 0.00 , 0
1357 , 65.57 , 63.25 , 0.00 , 0
1358 , 65.06 , 59.39 , 0.00 , 0
1359 , 64.55 , 62.93 , 0.00 , 0
1360 , 64.55 , 66.73 , 0.00 , 0
1361 , 65.31 , 66.96 , 0.00 , 0
1362 , 65.57 , 61.45 , 0.00 , 0
1363 , 64.80 , 59.38 , 0.00 , 0
1364 , 64.80 , 64.84 , 0.00 , 0
1365 , 64.80 , 64.94 , 0.00 , 0
1366 , 65.06 , 65.03 , 0.00 , 0
1367 , 65.57 , 63.22 , 0.00 , 0
1368 , 65.31 , 59.37 , 0.00 , 0
1369 , 64.55 , 61.00 , 0.00 , 0
1370 , 64.55 , 66.58 , 0.00 , 0
1371 , 65.06 , 66.81 , 0.00 , 0
1372 , 65.06 , 63.21 , 0.00 , 0
1373 , 64.80 , 63.18 , 0.00 , 0
1374 , 64.80 , 65.07 , 0.00 , 0
1375 , 65.31 , 65.16 , 0.00 , 0
1376 , 64.80 , 61.44 , 0.00 , 0
1377 , 64.55 , 65.11 , 0.00 , 0
1378 , 65.06 , 67.12 , 0.00 , 0
1379 , 65.31 , 63.52 , 0.00 , 0
1380 , 64.55 , 61.58 , 0.00 , 0
1381 , 64.29 , 67.17 , 0.00 , 0
1382 , 64.80 , 69.31 , 0.00 , 0
1383 , 65.57 , 65.83 , 0.00 , 0
1384 , 65.06 , 60.19 , 0.00 , 0
1385 , 64.04 , 63.74 , 0.00 , 0
1386 , 64.29 , 71.36 , 0.00 , 0
1388 , 65.31 , 69.93 , 0.00 , 0
1389 , 65.31 , 62.63 , 0.00 , 0
1390 , 64.55 , 62.48 , 0.00 , 0
1391 , 64.29 , 68.06 , 0.00 , 0
1392 , 64.55 , 70.20 , 0.00 , 0
1393 , 65.57 , 68.64 , 0.00 , 0
1394 , 65.31 , 61.22 , 0.00 , 0
1395 , 64.04 , 62.85 , 0.00 , 0
1396 , 64.55 , 72.26 , 0.00 , 0
1397 , 65.82 , 68.91 , 0.00 , 0
1398 , 65.31 , 59.57 , 0.00 , 0
1399 , 64.04 , 62.99 , 0.00 , 0
1400 , 64.29 , 72.40 , 0.00 , 0
1401 , 65.31 , 70.97 , 0.00 , 0
1402 , 65.31 , 63.67 , 0.00 , 0
1403 , 64.55 , 63.51 , 0.00 , 0
1404 , 64.29 , 69.10 , 0.00 , 0
1405 , 65.31 , 71.24 , 0.00 , 0
1406 , 65.06 , 63.94 , 0.00 , 0
1407 , 64.29 , 65.70 , 0.00 , 0
1408 , 64.55 , 71.41 , 0.00 , 0
1409 , 65.57 , 69.85 , 0.00 , 0
1410 , 65.82 , 62.43 , 0.00 , 0
1411 , 64.55 , 60.23 , 0.00 , 0
1412 , 64.29 , 69.39 , 0.00 , 0
1413 , 65.57 , 71.53 , 0.00 , 0
1414 , 65.31 , 62.31 , 0.00 , 0
1415 , 64.55 , 63.94 , 0.00 , 0
1416 , 64.55 , 69.53 , 0.00 , 0
1417 , 65.57 , 69.76 , 0.00 , 0
1418 , 65.82 , 62.33 , 0.00 , 0
1419 , 64.55 , 60.13 , 0.00 , 0
1420 , 63.78 , 69.29 , 0.00 , 0
1421 , 65.31 , 75.26 , 0.00 , 0
1422 , 66.08 , 64.38 , 0.00 , 0
1423 , 65.06 , 58.49 , 0.00 , 0
1424 , 64.04 , 65.60 , 0.00 , 0
1425 , 65.06 , 73.23 , 0.00 , 0
1426 , 66.33 , 66.06 , 0.00 , 0
1427 , 65.31 , 56.46 , 0.00 , 0
1428 , 63.78 , 63.45 , 0.00 , 0
1429 , 64.80 , 74.78 , 0.00 , 0
1430 , 66.08 , 67.73 , 0.00 , 0
1431 , 65.06 , 58.26 , 0.00 , 0
1432 , 64.04 , 65.38 , 0.00 , 0
1433 , 64.29 , 73.01 , 0.00 , 0
1434 , 65.31 , 71.58 , 0.00 , 0
1435 , 65.57 , 64.28 , 0.00 , 0
1436 , 64.55 , 62.21 , 0.00 , 0
1437 , 64.04 , 69.58 , 0.00 , 0
1438 , 65.06 , 73.63 , 0.00 , 0
1439 , 65.31 , 66.46 , 0.00 , 0
1440 , 65.06 , 64.52 , 0.00 , 0
1441 , 64.80 , 66.28 , 0.00 , 0
1442 , 64.29 , 68.16 , 0.00 , 0
1443 , 65.31 , 72.09 , 0.00 , 0
1444 , 65.82 , 64.79 , 0.00 , 0
1445 , 64.29 , 60.81 , 0.00 , 0
1446 , 64.55 , 71.88 , 0.00 , 0
1447 , 65.06 , 70.32 , 0.00 , 0
1448 , 65.82 , 66.72 , 0.00 , 0
1449 , 65.06 , 60.95 , 0.00 , 0
1450 , 64.04 , 66.28 , 0.00 , 0
1451 , 64.80 , 73.91 , 0.00 , 0
1452 , 65.82 , 68.65 , 0.00 , 0
1453 , 64.80 , 61.09 , 0.00 , 0
1454 , 64.04 , 68.34 , 0.00 , 0
1455 , 65.06 , 74.18 , 0.00 , 0
1456 , 66.33 , 67.00 , 0.00 , 0
1457 , 65.31 , 57.41 , 0.00 , 0
1458 , 63.78 , 64.40 , 0.00 , 0
1459 , 65.31 , 75.72 , 0.00 , 0
1460 , 66.84 , 64.85 , 0.00 , 0
1461 , 65.82 , 53.21 , 0.00 , 0
1462 , 64.55 , 59.95 , 0.00 , 0
1463 , 63.53 , 69.10 , 0.00 , 0
1464 , 65.57 , 76.99 , 0.00 , 0
1465 , 66.33 , 62.41 , 0.00 , 0
1466 , 64.29 , 56.39 , 0.00 , 0
1467 , 63.78 , 71.03 , 0.00 , 0
1468 , 66.08 , 75.21 , 0.00 , 0
1469 , 66.59 , 58.60 , 0.00 , 0
1470 , 64.55 , 54.24 , 0.00 , 0
1471 , 64.04 , 68.75 , 0.00 , 0
1472 , 64.80 , 72.81 , 0.00 , 0
1473 , 65.82 , 67.55 , 0.00 , 0
1474 , 65.31 , 59.99 , 0.00 , 0
1475 , 63.78 , 63.41 , 0.00 , 0
1476 , 64.29 , 74.73 , 0.00 , 0
1477 , 66.08 , 71.52 , 0.00 , 0
1478 , 66.08 , 58.48 , 0.00 , 0
1479 , 63.78 , 57.94 , 0.00 , 0
1480 , 64.04 , 74.62 , 0.00 , 0
1481 , 65.82 , 73.32 , 0.00 , 0
1482 , 65.57 , 60.41 , 0.00 , 0
1483 , 64.04 , 61.91 , 0.00 , 0
1484 , 64.04 , 73.11 , 0.00 , 0
1485 , 65.82 , 73.59 , 0.00 , 0
1486 , 65.57 , 60.68 , 0.00 , 0
1487 , 64.04 , 62.18 , 0.00 , 0
1488 , 64.29 , 73.38 , 0.00 , 0
1489 , 65.82 , 71.95 , 0.00 , 0
1490 , 65.82 , 60.82 , 0.00 , 0
1491 , 64.29 , 60.41 , 0.00 , 0
1492 , 63.53 , 71.48 , 0.00 , 0
1493 , 65.31 , 77.57 , 0.00 , 0
1494 , 65.82 , 64.92 , 0.00 , 0
1495 , 64.55 , 60.93 , 0.00 , 0
1496 , 63.78 , 70.09 , 0.00 , 0
1497 , 65.06 , 76.06 , 0.00 , 0
1498 , 66.59 , 67.10 , 0.00 , 0
1499 , 65.57 , 55.59 , 0.00 , 0
1500 , 63.01 , 62.45 , 0.00 , 0
1501 , 64.29 , 80.00 , 0.00 , 0
1502 , 66.84 , 72.73 , 0.00 , 0
1503 , 65.82 , 53.95 , 0.00 , 0
1504 , 63.53 , 60.68 , 0.00 , 0
1505 , 63.27 , 77.49 , 0.00 , 0
1506 , 65.82 , 80.00 , 0.00 , 0
1507 , 66.59 , 61.87 , 0.00 , 0
1508 , 64.29 , 55.72 , 0.00 , 0
1509 , 62.76 , 72.15 , 0.00 , 0
1510 , 65.06 , 80.00 , 0.00 , 0
1511 , 66.59 , 67.88 , 0.00 , 0
1512 , 65.06 , 56.37 , 0.00 , 0
1513 , 63.53 , 67.06 , 0.00 , 0
1514 , 65.06 , 78.52 , 0.00 , 0
1515 , 66.59 , 67.77 , 0.00 , 0
1516 , 65.57 , 56.26 , 0.00 , 0
1517 , 64.04 , 63.12 , 0.00 , 0
1518 , 64.29 , 74.32 , 0.00 , 0
1519 , 66.08 , 72.89 , 0.00 , 0
1520 , 66.08 , 59.85 , 0.00 , 0
1521 , 64.29 , 59.31 , 0.00 , 0
1522 , 63.78 , 72.17 , 0.00 , 0
1523 , 65.57 , 76.35 , 0.00 , 0
1524 , 66.59 , 63.57 , 0.00 , 0
1525 , 64.55 , 55.63 , 0.00 , 0
1526 , 63.27 , 70.14 , 0.00 , 0
1527 , 64.80 , 79.94 , 0.00 , 0
1528 , 66.84 , 69.32 , 0.00 , 0
1529 , 66.08 , 54.11 , 0.00 , 0
1530 , 63.78 , 58.93 , 0.00 , 0
1531 , 63.27 , 75.62 , 0.00 , 0
1532 , 66.08 , 80.00 , 0.00 , 0
1533 , 66.59 , 59.87 , 0.00 , 0
1534 , 64.29 , 55.50 , 0.00 , 0
1535 , 63.78 , 71.93 , 0.00 , 0
1536 , 65.57 , 76.11 , 0.00 , 0
1537 , 66.59 , 63.33 , 0.00 , 0
1538 , 64.80 , 55.39 , 0.00 , 0
1539 , 63.53 , 67.99 , 0.00 , 0
1540 , 65.06 , 77.66 , 0.00 , 0
1541 , 66.59 , 66.92 , 0.00 , 0
1542 , 65.31 , 55.41 , 0.00 , 0
1543 , 63.78 , 64.18 , 0.00 , 0
1544 , 65.06 , 75.51 , 0.00 , 0
1545 , 66.08 , 66.55 , 0.00 , 0
1546 , 65.31 , 58.87 , 0.00 , 0
1547 , 64.04 , 64.07 , 0.00 , 0
1548 , 64.55 , 73.48 , 0.00 , 0
1549 , 65.06 , 70.14 , 0.00 , 0
1550 , 65.06 , 66.54 , 0.00 , 0
1551 , 65.31 , 66.51 , 0.00 , 0
1552 , 65.06 , 64.57 , 0.00 , 0
1553 , 64.80 , 66.32 , 0.00 , 0
1554 , 64.80 , 68.21 , 0.00 , 0
1555 , 65.31 , 68.31 , 0.00 , 0
1556 , 65.06 , 64.58 , 0.00 , 0
1557 , 64.04 , 66.34 , 0.00 , 0
1558 , 64.80 , 73.97 , 0.00 , 0
1559 , 65.82 , 68.71 , 0.00 , 0
1560 , 65.31 , 61.15 , 0.00 , 0
1561 , 64.55 , 64.57 , 0.00 , 0
1562 , 65.06 , 70.15 , 0.00 , 0
1563 , 65.82 , 66.55 , 0.00 , 0
1564 , 65.57 , 60.78 , 0.00 , 0
1565 , 64.55 , 62.29 , 0.00 , 0
1566 , 64.29 , 69.66 , 0.00 , 0
1567 , 64.55 , 71.80 , 0.00 , 0
1568 , 65.82 , 70.24 , 0.00 , 0
1569 , 65.82 , 60.90 , 0.00 , 0
1570 , 64.04 , 60.49 , 0.00 , 0
1571 , 64.04 , 73.47 , 0.00 , 0
1572 , 65.57 , 73.96 , 0.00 , 0
1573 , 66.08 , 62.96 , 0.00 , 0
1574 , 63.78 , 58.85 , 0.00 , 0
1575 , 64.04 , 75.53 , 0.00 , 0
1576 , 66.08 , 74.23 , 0.00 , 0
1577 , 66.33 , 59.40 , 0.00 , 0
1578 , 64.29 , 56.95 , 0.00 , 0
1579 , 63.78 , 71.59 , 0.00 , 0
1580 , 64.80 , 75.77 , 0.00 , 0
1581 , 66.33 , 68.73 , 0.00 , 0
1582 , 65.57 , 57.35 , 0.00 , 0
1583 , 63.78 , 62.42 , 0.00 , 0
1584 , 64.04 , 75.53 , 0.00 , 0
1585 , 66.08 , 74.23 , 0.00 , 0
1586 , 66.33 , 59.40 , 0.00 , 0
1587 , 64.29 , 56.95 , 0.00 , 0
1588 , 63.27 , 71.59 , 0.00 , 0
1589 , 65.31 , 79.60 , 0.00 , 0
1590 , 66.84 , 65.16 , 0.00 , 0
1591 , 64.80 , 53.52 , 0.00 , 0
1592 , 63.53 , 67.91 , 0.00 , 0
1593 , 64.80 , 77.58 , 0.00 , 0
1594 , 66.08 , 68.75 , 0.00 , 0
1595 , 65.57 , 59.28 , 0.00 , 0
1596 , 63.78 , 62.57 , 0.00 , 0
1597 , 64.04 , 75.68 , 0.00 , 0
1598 , 65.82 , 74.37 , 0.00 , 0
1599 , 66.08 , 61.46 , 0.00 , 0
1600 , 64.29 , 59.14 , 0.00 , 0
1601 , 64.04 , 71.99 , 0.00 , 0
1602 , 65.57 , 74.26 , 0.00 , 0
1603 , 66.33 , 63.26 , 0.00 , 0
1604 , 64.80 , 57.24 , 0.00 , 0
1605 , 63.53 , 68.05 , 0.00 , 0
1606 , 65.06 , 77.72 , 0.00 , 0
1607 , 66.08 , 66.98 , 0.00 , 0
1608 , 64.80 , 59.30 , 0.00 , 0
1609 , 64.29 , 68.33 , 0.00 , 0
1610 , 65.06 , 72.25 , 0.00 , 0
1611 , 65.82 , 66.87 , 0.00 , 0
1612 , 65.06 , 61.10 , 0.00 , 0
1613 , 64.55 , 66.43 , 0.00 , 0
1614 , 65.31 , 70.23 , 0.00 , 0
1615 , 65.31 , 64.71 , 0.00 , 0
1616 , 64.80 , 64.56 , 0.00 , 0
1617 , 64.55 , 68.23 , 0.00 , 0
1618 , 65.31 , 70.24 , 0.00 , 0
1619 , 65.57 , 64.73 , 0.00 , 0
1620 , 64.55 , 62.66 , 0.00 , 0
1621 , 64.29 , 70.03 , 0.00 , 0
1622 , 65.31 , 72.17 , 0.00 , 0
1623 , 66.08 , 64.87 , 0.00 , 0
1624 , 65.06 , 58.97 , 0.00 , 0
1625 , 64.29 , 66.09 , 0.00 , 0
1626 , 65.31 , 71.80 , 0.00 , 0
1627 , 65.57 , 64.50 , 0.00 , 0
1628 , 65.06 , 62.43 , 0.00 , 0
1629 , 64.55 , 65.98 , 0.00 , 0
1630 , 64.80 , 69.78 , 0.00 , 0
1631 , 64.80 , 68.09 , 0.00 , 0
1632 , 65.31 , 68.19 , 0.00 , 0
1633 , 65.31 , 64.46 , 0.00 , 0
1634 , 63.78 , 64.31 , 0.00 , 0
1635 , 64.55 , 75.63 , 0.00 , 0
1636 , 65.82 , 70.50 , 0.00 , 0
1637 , 65.31 , 61.16 , 0.00 , 0
1638 , 64.80 , 64.58 , 0.00 , 0
1639 , 63.78 , 68.25 , 0.00 , 0
1640 , 65.06 , 76.00 , 0.00 , 0
1641 , 66.08 , 67.04 , 0.00 , 0
1642 , 65.31 , 59.36 , 0.00 , 0
1643 , 64.29 , 64.56 , 0.00 , 0
1644 , 64.04 , 72.06 , 0.00 , 0
1645 , 65.82 , 74.33 , 0.00 , 0
1646 , 66.08 , 61.42 , 0.00 , 0
1647 , 64.80 , 59.09 , 0.00 , 0
1648 , 63.78 , 68.12 , 0.00 , 0
1649 , 65.06 , 75.88 , 0.00 , 0
1650 , 66.33 , 66.92 , 0.00 , 0
1651 , 65.57 , 57.32 , 0.00 , 0
1652 , 64.04 , 62.40 , 0.00 , 0
1653 , 64.29 , 73.60 , 0.00 , 0
1654 , 66.08 , 72.17 , 0.00 , 0
1655 , 65.82 , 59.13 , 0.00 , 0
1656 , 64.55 , 60.50 , 0.00 , 0
1657 , 64.29 , 69.66 , 0.00 , 0
1658 , 65.06 , 71.80 , 0.00 , 0
1659 , 65.82 , 66.41 , 0.00 , 0
1660 , 64.80 , 60.64 , 0.00 , 0
1661 , 64.29 , 67.89 , 0.00 , 0
1662 , 65.31 , 71.81 , 0.00 , 0
1663 , 65.31 , 64.51 , 0.00 , 0
1664 , 64.80 , 64.36 , 0.00 , 0
1665 , 64.29 , 68.03 , 0.00 , 0
1666 , 64.80 , 71.96 , 0.00 , 0
1667 , 65.06 , 68.48 , 0.00 , 0
1668 , 65.31 , 66.67 , 0.00 , 0
1669 , 64.80 , 64.73 , 0.00 , 0
1670 , 64.55 , 68.40 , 0.00 , 0
1671 , 65.31 , 70.41 , 0.00 , 0
1672 , 65.06 , 64.90 , 0.00 , 0
1673 , 64.55 , 66.66 , 0.00 , 0
1674 , 64.55 , 70.46 , 0.00 , 0
1675 , 65.57 , 70.68 , 0.00 , 0
1676 , 65.57 , 63.26 , 0.00 , 0
1677 , 64.29 , 62.97 , 0.00 , 0
1678 , 64.04 , 72.26 , 0.00 , 0
1679 , 65.31 , 74.53 , 0.00 , 0
1680 , 65.82 , 65.44 , 0.00 , 0
1681 , 64.29 , 61.46 , 0.00 , 0
1682 , 63.78 , 72.53 , 0.00 , 0
1683 , 64.80 , 76.71 , 0.00 , 0
1684 , 65.82 , 69.67 , 0.00 , 0
1685 , 65.31 , 62.11 , 0.00 , 0
1686 , 64.29 , 65.53 , 0.00 , 0
1687 , 64.55 , 73.03 , 0.00 , 0
1688 , 65.31 , 71.47 , 0.00 , 0
1689 , 65.06 , 65.95 , 0.00 , 0
1690 , 64.55 , 67.71 , 0.00 , 0
1691 , 64.80 , 71.51 , 0.00 , 0
1692 , 65.31 , 69.82 , 0.00 , 0
1693 , 65.31 , 66.10 , 0.00 , 0
1694 , 64.80 , 65.94 , 0.00 , 0
1695 , 64.55 , 69.61 , 0.00 , 0
1696 , 64.55 , 71.63 , 0.00 , 0
1697 , 65.57 , 71.85 , 0.00 , 0
1698 , 65.57 , 64.43 , 0.00 , 0
1699 , 64.80 , 64.14 , 0.00 , 0
1700 , 64.29 , 69.60 , 0.00 , 0
1701 , 65.06 , 73.53 , 0.00 , 0
1702 , 65.57 , 68.14 , 0.00 , 0
1703 , 65.06 , 64.29 , 0.00 , 0
1704 , 64.55 , 67.83 , 0.00 , 0
1705 , 64.29 , 71.63 , 0.00 , 0
1706 , 65.57 , 73.77 , 0.00 , 0
1707 , 65.57 , 64.56 , 0.00 , 0
1708 , 64.29 , 64.27 , 0.00 , 0
1709 , 64.29 , 73.56 , 0.00 , 0
1710 , 65.57 , 73.91 , 0.00 , 0
1711 , 65.57 , 64.70 , 0.00 , 0
1712 , 65.06 , 64.42 , 0.00 , 0
1713 , 64.55 , 67.96 , 0.00 , 0
1714 , 64.80 , 71.76 , 0.00 , 0
1715 , 65.57 , 70.07 , 0.00 , 0
1716 , 65.31 , 64.43 , 0.00 , 0
1717 , 64.04 , 66.06 , 0.00 , 0
1718 , 64.29 , 75.47 , 0.00 , 0
1719 , 65.82 , 74.04 , 0.00 , 0
1720 , 66.08 , 62.92 , 0.00 , 0
1721 , 64.55 , 60.59 , 0.00 , 0
1722 , 63.78 , 71.53 , 0.00 , 0
1723 , 64.80 , 77.50 , 0.00 , 0
1724 , 66.33 , 70.46 , 0.00 , 0
1725 , 65.57 , 59.08 , 0.00 , 0
1726 , 64.29 , 64.15 , 0.00 , 0
1727 , 64.55 , 73.44 , 0.00 , 0
1728 , 65.82 , 71.88 , 0.00 , 0
1729 , 65.06 , 62.54 , 0.00 , 0
1730 , 64.80 , 67.87 , 0.00 , 0
1731 , 65.06 , 69.75 , 0.00 , 0
1732 , 65.06 , 67.94 , 0.00 , 0
1733 , 65.06 , 67.91 , 0.00 , 0
1734 , 65.06 , 67.88 , 0.00 , 0
1735 , 65.31 , 67.85 , 0.00 , 0
1736 , 64.80 , 65.91 , 0.00 , 0
1737 , 65.06 , 69.58 , 0.00 , 0
1738 , 65.31 , 67.77 , 0.00 , 0
1739 , 65.31 , 65.83 , 0.00 , 0
1740 , 65.06 , 65.67 , 0.00 , 0
1741 , 65.06 , 67.43 , 0.00 , 0
1742 , 65.31 , 67.40 , 0.00 , 0
1743 , 65.06 , 65.46 , 0.00 , 0
1744 , 64.80 , 67.22 , 0.00 , 0
1745 , 64.80 , 69.10 , 0.00 , 0
1746 , 64.80 , 69.20 , 0.00 , 0
1747 , 65.06 , 69.30 , 0.00 , 0
1748 , 64.80 , 67.49 , 0.00 , 0
1749 , 64.80 , 69.37 , 0.00 , 0
1750 , 65.06 , 69.47 , 0.00 , 0
1751 , 64.80 , 67.66 , 0.00 , 0
1752 , 64.55 , 69.54 , 0.00 , 0
1753 , 64.80 , 71.56 , 0.00 , 0
1754 , 65.06 , 69.87 , 0.00 , 0
1755 , 65.31 , 68.06 , 0.00 , 0
1756 , 65.31 , 66.12 , 0.00 , 0
1757 , 64.29 , 65.96 , 0.00 , 0
1758 , 64.80 , 73.46 , 0.00 , 0
1759 , 65.82 , 69.99 , 0.00 , 0
1760 , 65.31 , 62.43 , 0.00 , 0
1761 , 64.80 , 65.85 , 0.00 , 0
1762 , 65.06 , 69.52 , 0.00 , 0
1763 , 65.57 , 67.71 , 0.00 , 0
1764 , 65.57 , 63.85 , 0.00 , 0
1765 , 65.06 , 63.57 , 0.00 , 0
1766 , 64.55 , 67.11 , 0.00 , 0
1767 , 65.31 , 70.91 , 0.00 , 0
1768 , 65.31 , 65.40 , 0.00 , 0
1769 , 64.80 , 65.24 , 0.00 , 0
1770 , 65.06 , 68.91 , 0.00 , 0
1771 , 65.57 , 67.10 , 0.00 , 0
1772 , 65.31 , 63.24 , 0.00 , 0
1773 , 65.06 , 64.87 , 0.00 , 0
1774 , 64.55 , 66.63 , 0.00 , 0
1775 , 64.80 , 70.43 , 0.00 , 0
1776 , 65.82 , 68.74 , 0.00 , 0
1777 , 65.82 , 61.19 , 0.00 , 0
1778 , 65.06 , 60.78 , 0.00 , 0
1779 , 64.29 , 66.11 , 0.00 , 0
1780 , 65.57 , 71.82 , 0.00 , 0
1781 , 66.33 , 62.61 , 0.00 , 0
1782 , 65.06 , 56.58 , 0.00 , 0
1783 , 64.04 , 65.49 , 0.00 , 0
1784 , 65.06 , 73.11 , 0.00 , 0
1785 , 66.33 , 65.94 , 0.00 , 0
1786 , 65.57 , 56.34 , 0.00 , 0
1787 , 64.04 , 61.42 , 0.00 , 0
1788 , 64.29 , 72.62 , 0.00 , 0
1789 , 65.82 , 71.19 , 0.00 , 0
1790 , 65.82 , 60.06 , 0.00 , 0
1791 , 64.29 , 59.65 , 0.00 , 0
1792 , 63.78 , 70.72 , 0.00 , 0
1793 , 65.31 , 74.90 , 0.00 , 0
1794 , 65.82 , 64.03 , 0.00 , 0
1795 , 65.31 , 60.05 , 0.00 , 0
1796 , 64.55 , 63.46 , 0.00 , 0
1797 , 65.06 , 69.05 , 0.00 , 0
1798 , 65.57 , 65.45 , 0.00 , 0
1799 , 65.31 , 61.59 , 0.00 , 0
1800 , 64.55 , 63.22 , 0.00 , 0
1801 , 64.29 , 68.81 , 0.00 , 0
