31.7
42.1
46.4
47.4
48.8
49.2
49.5
50
50.5
51.5
52.1
52.5
53
53.6
53.9
54.5
54.8
55.9
56.3
56.9
57.6
58
58.3
59
59.4
60
60.2
60.9
61.2
62
62.5
62.7
63.4
64
64.5
64.7
65
65.6
66.1
66.4
67.1
67.5
67.5
68
68.4
68.6
68.8
69.3
69.6
69.9
70.7
70.7
71.4
71
71.8
72.3
72.5
72.8
73.3
73.6
74
74.2
74.5
74.8
75
75.3
75.6
75.9
76.2
76.6
76.7
77
77.2
77.5
77.6
77.8
78.1
78.1
78.4
78.6
78.9
79.2
79.3
79.6
79.6
79.8
79.9
80.1
80.3
80.4
80.6
80.8
81.1
81.3
81.5
81.3
81.4
81.9
82.2
82.3
82.4
82.5
82.6
82.7
82.7
82.9
83.2
83.2
83.3
83.5
83.6
83.7
83.8
83.8
84
84.1
84.2
84.3
84.4
84.3
84.5
84.6
84.7
84.7
84.9
85
85
85.1
85.1
85.3
85.4
85.4
85.4
85.5
85.6
85.5
85.6
85.7
85.8
85.9
85.9
85.9
85.9
85.9
86
86
86
86
86.1
86
86.1
86.1
86
86
