0 , 26.29 , 100.00 , 0.00 , 0
1 , 26.27 , 100.00 , 0.00 , 0
2 , 26.17 , 100.00 , 0.00 , 0
3 , 26.23 , 100.00 , 0.00 , 0
4 , 26.21 , 100.00 , 0.00 , 0
5 , 26.21 , 100.00 , 0.00 , 0
6 , 26.17 , 100.00 , 0.00 , 0
7 , 26.15 , 100.00 , 0.00 , 0
8 , 26.17 , 100.00 , 0.00 , 0
9 , 26.15 , 100.00 , 0.00 , 0
10 , 26.03 , 100.00 , 0.00 , 0
11 , 26.05 , 100.00 , 0.00 , 0
12 , 27.55 , 100.00 , 0.00 , 0
13 , 29.55 , 100.00 , 0.00 , 0
14 , 31.47 , 100.00 , 0.00 , 0
15 , 32.75 , 100.00 , 0.00 , 0
16 , 33.61 , 100.00 , 0.00 , 0
17 , 34.25 , 100.00 , 0.00 , 0
18 , 34.91 , 100.00 , 0.00 , 0
19 , 35.53 , 100.00 , 0.00 , 0
20 , 36.07 , 100.00 , 0.00 , 0
21 , 36.63 , 100.00 , 0.00 , 0
22 , 37.21 , 100.00 , 0.00 , 0
23 , 37.83 , 100.00 , 0.00 , 0
24 , 38.51 , 100.00 , 0.00 , 0
25 , 39.05 , 100.00 , 0.00 , 0
26 , 39.75 , 100.00 , 0.00 , 0
27 , 40.31 , 100.00 , 0.00 , 0
28 , 40.89 , 100.00 , 0.00 , 0
29 , 41.49 , 100.00 , 0.00 , 0
30 , 42.33 , 100.00 , 0.00 , 0
31 , 42.93 , 100.00 , 0.00 , 0
32 , 43.57 , 100.00 , 0.00 , 0
33 , 44.15 , 100.00 , 0.00 , 0
34 , 44.65 , 100.00 , 0.00 , 0
35 , 45.25 , 100.00 , 0.00 , 0
36 , 45.79 , 100.00 , 0.00 , 0
37 , 46.25 , 100.00 , 0.00 , 0
38 , 46.91 , 100.00 , 0.00 , 0
39 , 47.43 , 100.00 , 0.00 , 0
40 , 47.99 , 100.00 , 0.00 , 0
41 , 48.39 , 100.00 , 0.00 , 0
42 , 48.91 , 100.00 , 0.00 , 0
43 , 49.41 , 100.00 , 0.00 , 0
44 , 49.85 , 100.00 , 0.00 , 0
45 , 50.37 , 100.00 , 0.00 , 0
46 , 50.81 , 100.00 , 0.00 , 0
47 , 51.23 , 100.00 , 0.00 , 0
48 , 51.69 , 100.00 , 0.00 , 0
49 , 52.21 , 100.00 , 0.00 , 0
50 , 52.65 , 100.00 , 0.00 , 0
51 , 53.09 , 100.00 , 0.00 , 0
52 , 53.49 , 100.00 , 0.00 , 0
53 , 53.87 , 100.00 , 0.00 , 0
54 , 54.31 , 100.00 , 0.00 , 0
55 , 54.67 , 100.00 , 0.00 , 0
56 , 54.99 , 100.00 , 0.00 , 0
57 , 55.35 , 100.00 , 0.00 , 0
58 , 55.83 , 100.00 , 0.00 , 0
59 , 56.33 , 100.00 , 0.00 , 0
60 , 56.67 , 100.00 , 0.00 , 0
61 , 57.07 , 100.00 , 0.00 , 0
62 , 57.43 , 100.00 , 0.00 , 0
63 , 57.75 , 100.00 , 0.00 , 0
64 , 58.05 , 100.00 , 0.00 , 0
65 , 58.33 , 100.00 , 0.00 , 0
66 , 58.55 , 100.00 , 0.00 , 0
67 , 58.87 , 100.00 , 0.00 , 0
68 , 59.09 , 100.00 , 0.00 , 0
69 , 59.41 , 100.00 , 0.00 , 0
70 , 59.73 , 100.00 , 0.00 , 0
71 , 60.03 , 100.00 , 0.00 , 0
72 , 60.35 , 100.00 , 0.00 , 0
73 , 60.75 , 100.00 , 0.00 , 0
74 , 61.09 , 100.00 , 0.00 , 0
75 , 61.27 , 100.00 , 0.00 , 0
76 , 61.47 , 100.00 , 0.00 , 0
77 , 61.77 , 100.00 , 0.00 , 0
78 , 62.07 , 100.00 , 0.00 , 0
79 , 62.37 , 100.00 , 0.00 , 0
80 , 62.63 , 100.00 , 0.00 , 0
81 , 62.89 , 100.00 , 0.00 , 0
82 , 63.17 , 100.00 , 0.00 , 0
83 , 63.35 , 100.00 , 0.00 , 0
84 , 63.55 , 100.00 , 0.00 , 0
85 , 63.81 , 100.00 , 0.00 , 0
86 , 63.97 , 100.00 , 0.00 , 0
87 , 64.21 , 100.00 , 0.00 , 0
88 , 64.43 , 100.00 , 0.00 , 0
89 , 64.57 , 100.00 , 0.00 , 0
90 , 64.79 , 100.00 , 0.00 , 0
91 , 64.93 , 100.00 , 0.00 , 0
92 , 65.17 , 100.00 , 0.00 , 0
93 , 65.47 , 100.00 , 0.00 , 0
94 , 65.63 , 100.00 , 0.00 , 0
95 , 65.77 , 100.00 , 0.00 , 0
96 , 65.95 , 100.00 , 0.00 , 0
97 , 66.11 , 100.00 , 0.00 , 0
98 , 66.35 , 100.00 , 0.00 , 0
99 , 66.53 , 100.00 , 0.00 , 0
100 , 66.67 , 100.00 , 0.00 , 0
101 , 66.83 , 100.00 , 0.00 , 0
102 , 67.07 , 100.00 , 0.00 , 0
103 , 67.23 , 100.00 , 0.00 , 0
104 , 67.33 , 100.00 , 0.00 , 0
105 , 67.47 , 100.00 , 0.00 , 0
106 , 67.53 , 100.00 , 0.00 , 0
107 , 67.61 , 100.00 , 0.00 , 0
108 , 67.65 , 100.00 , 0.00 , 0
109 , 67.97 , 100.00 , 0.00 , 0
110 , 68.21 , 100.00 , 0.00 , 0
111 , 68.39 , 100.00 , 0.00 , 0
112 , 68.47 , 100.00 , 0.00 , 0
113 , 68.57 , 100.00 , 0.00 , 0
114 , 68.75 , 100.00 , 0.00 , 0
115 , 68.89 , 100.00 , 0.00 , 0
116 , 68.93 , 100.00 , 0.00 , 0
117 , 69.07 , 100.00 , 0.00 , 0
118 , 69.13 , 100.00 , 0.00 , 0
119 , 69.31 , 100.00 , 0.00 , 0
120 , 69.45 , 100.00 , 0.00 , 0
121 , 69.49 , 100.00 , 0.00 , 0
122 , 69.55 , 100.00 , 0.00 , 0
123 , 69.63 , 100.00 , 0.00 , 0
124 , 69.79 , 100.00 , 0.00 , 0
125 , 69.89 , 100.00 , 0.00 , 0
126 , 70.01 , 100.00 , 0.00 , 0
127 , 70.07 , 100.00 , 0.00 , 0
128 , 70.11 , 100.00 , 0.00 , 0
129 , 70.21 , 100.00 , 0.00 , 0
130 , 70.33 , 100.00 , 0.00 , 0
131 , 70.41 , 100.00 , 0.00 , 0
132 , 70.51 , 100.00 , 0.00 , 0
133 , 70.53 , 100.00 , 0.00 , 0
134 , 70.63 , 100.00 , 0.00 , 0
135 , 70.73 , 100.00 , 0.00 , 0
136 , 70.79 , 100.00 , 0.00 , 0
137 , 70.87 , 100.00 , 0.00 , 0
138 , 70.87 , 100.00 , 0.00 , 0
139 , 70.95 , 100.00 , 0.00 , 0
140 , 71.07 , 100.00 , 0.00 , 0
141 , 71.11 , 100.00 , 0.00 , 0
142 , 71.15 , 100.00 , 0.00 , 0
143 , 71.35 , 100.00 , 0.00 , 0
144 , 71.43 , 100.00 , 0.00 , 0
145 , 71.55 , 100.00 , 0.00 , 0
146 , 71.63 , 100.00 , 0.00 , 0
147 , 71.75 , 100.00 , 0.00 , 0
148 , 71.71 , 100.00 , 0.00 , 0
149 , 71.73 , 100.00 , 0.00 , 0
150 , 71.71 , 100.00 , 0.00 , 0
151 , 71.77 , 100.00 , 0.00 , 0
152 , 71.85 , 100.00 , 0.00 , 0
153 , 71.89 , 100.00 , 0.00 , 0
154 , 71.93 , 100.00 , 0.00 , 0
155 , 71.85 , 100.00 , 0.00 , 0
156 , 71.79 , 100.00 , 0.00 , 0
157 , 71.79 , 100.00 , 0.00 , 0
158 , 71.83 , 100.00 , 0.00 , 0
159 , 71.89 , 100.00 , 0.00 , 0
160 , 71.89 , 100.00 , 0.00 , 0
161 , 71.93 , 100.00 , 0.00 , 0
162 , 71.93 , 100.00 , 0.00 , 0
163 , 71.89 , 100.00 , 0.00 , 0
164 , 72.01 , 100.00 , 0.00 , 0
165 , 71.97 , 100.00 , 0.00 , 0
166 , 72.05 , 100.00 , 0.00 , 0
167 , 72.11 , 100.00 , 0.00 , 0
168 , 72.17 , 100.00 , 0.00 , 0
169 , 72.21 , 100.00 , 0.00 , 0
170 , 72.25 , 100.00 , 0.00 , 0
171 , 72.29 , 100.00 , 0.00 , 0
172 , 72.33 , 100.00 , 0.00 , 0
173 , 72.33 , 100.00 , 0.00 , 0
174 , 72.39 , 100.00 , 0.00 , 0
175 , 72.37 , 100.00 , 0.00 , 0
176 , 72.39 , 100.00 , 0.00 , 0
177 , 72.37 , 100.00 , 0.00 , 0
178 , 72.39 , 100.00 , 0.00 , 0
179 , 72.43 , 100.00 , 0.00 , 0
180 , 72.35 , 100.00 , 0.00 , 0
181 , 72.39 , 100.00 , 0.00 , 0
182 , 72.41 , 100.00 , 0.00 , 0
183 , 72.39 , 100.00 , 0.00 , 0
184 , 72.35 , 100.00 , 0.00 , 0
185 , 72.45 , 100.00 , 0.00 , 0
186 , 72.45 , 100.00 , 0.00 , 0
187 , 72.47 , 100.00 , 0.00 , 0
188 , 72.47 , 100.00 , 0.00 , 0
189 , 72.47 , 100.00 , 0.00 , 0
190 , 72.47 , 100.00 , 0.00 , 0
191 , 72.45 , 100.00 , 0.00 , 0
192 , 72.43 , 100.00 , 0.00 , 0
193 , 72.39 , 100.00 , 0.00 , 0
194 , 72.39 , 100.00 , 0.00 , 0
195 , 72.43 , 100.00 , 0.00 , 0
196 , 72.39 , 100.00 , 0.00 , 0
197 , 72.47 , 100.00 , 0.00 , 0
198 , 72.43 , 100.00 , 0.00 , 0
199 , 72.41 , 100.00 , 0.00 , 0
200 , 72.51 , 100.00 , 0.00 , 0
201 , 72.65 , 100.00 , 0.00 , 0
202 , 72.69 , 100.00 , 0.00 , 0
203 , 72.61 , 100.00 , 0.00 , 0
204 , 72.63 , 100.00 , 0.00 , 0
205 , 72.61 , 100.00 , 0.00 , 0
206 , 72.63 , 100.00 , 0.00 , 0
207 , 72.61 , 100.00 , 0.00 , 0
208 , 72.59 , 100.00 , 0.00 , 0
209 , 72.43 , 100.00 , 0.00 , 0
210 , 72.43 , 100.00 , 0.00 , 0
211 , 72.49 , 100.00 , 0.00 , 0
212 , 72.49 , 100.00 , 0.00 , 0
213 , 72.49 , 100.00 , 0.00 , 0
214 , 72.35 , 100.00 , 0.00 , 0
215 , 72.39 , 100.00 , 0.00 , 0
216 , 72.41 , 100.00 , 0.00 , 0
217 , 72.49 , 100.00 , 0.00 , 0
218 , 72.63 , 100.00 , 0.00 , 0
219 , 72.55 , 100.00 , 0.00 , 0
220 , 72.55 , 100.00 , 0.00 , 0
221 , 72.51 , 100.00 , 0.00 , 0
222 , 72.33 , 100.00 , 0.00 , 0
223 , 72.29 , 100.00 , 0.00 , 0
224 , 72.23 , 100.00 , 0.00 , 0
225 , 72.21 , 100.00 , 0.00 , 0
226 , 72.17 , 100.00 , 0.00 , 0
227 , 72.13 , 100.00 , 0.00 , 0
228 , 72.03 , 100.00 , 0.00 , 0
229 , 71.99 , 100.00 , 0.00 , 0
230 , 71.97 , 100.00 , 0.00 , 0
231 , 71.93 , 100.00 , 0.00 , 0
232 , 71.95 , 100.00 , 0.00 , 0
233 , 71.87 , 100.00 , 0.00 , 0
234 , 71.83 , 100.00 , 0.00 , 0
235 , 71.79 , 100.00 , 0.00 , 0
236 , 71.75 , 100.00 , 0.00 , 0
237 , 71.29 , 100.00 , 0.00 , 0
238 , 70.45 , 100.00 , 0.00 , 0
239 , 69.43 , 100.00 , 0.00 , 0
240 , 68.57 , 100.00 , 0.00 , 0
241 , 67.77 , 100.00 , 0.00 , 0
242 , 67.03 , 100.00 , 0.00 , 0
243 , 66.21 , 100.00 , 0.00 , 0
244 , 65.33 , 100.00 , 0.00 , 0
245 , 64.53 , 100.00 , 0.00 , 0
246 , 63.77 , 100.00 , 0.00 , 0
247 , 63.03 , 100.00 , 0.00 , 0
248 , 62.31 , 100.00 , 0.00 , 0
249 , 61.67 , 100.00 , 0.00 , 0
250 , 60.85 , 100.00 , 0.00 , 0
251 , 60.29 , 100.00 , 0.00 , 0
252 , 59.69 , 100.00 , 0.00 , 0
253 , 59.07 , 100.00 , 0.00 , 0
254 , 58.47 , 100.00 , 0.00 , 0
255 , 58.05 , 100.00 , 0.00 , 0
256 , 57.63 , 100.00 , 0.00 , 0
257 , 57.09 , 100.00 , 0.00 , 0
258 , 56.57 , 100.00 , 0.00 , 0
259 , 56.11 , 100.00 , 0.00 , 0
260 , 55.61 , 100.00 , 0.00 , 0
261 , 55.05 , 100.00 , 0.00 , 0
262 , 54.51 , 100.00 , 0.00 , 0
263 , 54.03 , 100.00 , 0.00 , 0
264 , 53.59 , 100.00 , 0.00 , 0
265 , 53.09 , 100.00 , 0.00 , 0
266 , 52.65 , 100.00 , 0.00 , 0
267 , 52.25 , 100.00 , 0.00 , 0
268 , 51.83 , 100.00 , 0.00 , 0
