356.9200134	21.7481308
357.8399963	22.67912102
358.9200134	24.37733841
359.8399963	25.37916374
360.9200134	26.27386093
361.8399963	27.16166496
362.9200134	29.64989281
363.8399963	32.15210724
364.9200134	34.50980377
365.8399963	36.04194641
366.9200134	37.23986053
367.8399963	38.76935959
368.9200134	39.75302505
369.8399963	40.9393959
370.9200134	42.66143036
371.8399963	44.14272308
372.9200134	44.91345596
373.8399963	45.39925385
374.9200134	46.38535309
375.8399963	48.27629852
376.9200134	49.19759369
377.8399963	50.50419998
378.9200134	51.41585922
379.8399963	54.24358368
380.9200134	54.80575562
381.8399963	55.56239319
382.9200134	56.43586349
383.8399963	58.32564926
384.9200134	59.74556351
385.8399963	62.51932144
386.9200134	65.57614899
387.8399963	66.4221344
388.9200134	67.36062622
389.8399963	69.5952301
390.9200134	72.97270966
391.8399963	75.69203186
392.9200134	78.88208771
393.8399963	81.92926025
394.9200134	84.8921051
395.8399963	89.42042542
396.9200134	93.22906494
397.8399963	97.54180145
398.9200134	101.8905258
399.8399963	106.9606476
400.8999939	113.3807907
401.9599915	120.9445114
402.8699951	129.3629761
403.9299927	138.4449768
404.8399963	149.974884
405.8999939	164.0906067
406.9599915	179.3774719
407.8699951	194.5521545
408.9299927	205.8081818
409.8399963	217.568222
410.9200134	232.4733582
411.8399963	251.1913605
412.9200134	269.4297485
413.8399963	284.7281799
414.9200134	295.1866455
415.8399963	309.0226746
416.9200134	320.2119751
417.8399963	333.7316589
418.9200134	343.0843201
419.8399963	354.9911804
420.8999939	362.508606
421.9599915	372.5089417
422.8699951	380.0571899
423.9299927	391.1280823
424.8399963	400.0240479
425.8999939	410.959137
426.9599915	420.9674683
427.8699951	428.8849792
428.9299927	431.8309021
429.8399963	439.5237427
430.9200134	452.6177673
431.8399963	461.8152466
432.9200134	466.0934448
433.8399963	472.6576233
434.9200134	482.9673767
435.8399963	492.0226746
436.9200134	498.0184937
437.8399963	507.6290588
438.9200134	517.3643799
439.8399963	527.598999
440.8999939	540.7144775
441.9599915	551.1607666
442.8699951	556.8103027
443.9299927	563.5296631
444.8399963	575.2144165
445.8999939	583.7182617
446.9599915	589.8829346
447.8699951	595.5241699
448.9299927	601.1220093
449.8399963	605.5710449
450.8999939	612.3865967
451.9599915	619.40802
452.8699951	625.9213867
453.9299927	628.6097412
454.8399963	629.4623413
455.8999939	629.6317749
456.9599915	628.9594727
457.8699951	631.3337402
458.9299927	634.9654541
459.8399963	638.2202148
460.8999939	637.4743652
461.9599915	634.2958984
462.8699951	630.3632202
463.9299927	634.4868164
464.8399963	636.1884155
465.8999939	630.3899536
466.9599915	620.324585
467.8699951	615.3756104
468.9299927	611.3632813
469.8399963	603.5596924
470.8900146	597.6116333
471.9400024	588.27771
472.980011	586.2999878
473.8800049	585.7443237
474.9200134	578.4092407
475.9700012	567.965332
476.8599854	555.2230225
477.9100037	550.9495239
478.9500122	543.5123901
479.8500061	537.3587646
480.8999939	527.1290894
481.9599915	521.2536621
482.8699951	513.2644043
483.9299927	502.6358948
484.8399963	494.8228455
485.8999939	489.1698914
486.9599915	484.8028259
487.8699951	472.6903992
488.9299927	463.7749023
489.8399963	455.0162964
490.8999939	447.9675293
491.9599915	435.2418213
492.8699951	428.8610535
493.9299927	423.7502136
494.8399963	417.3434448
495.8999939	404.2023926
496.9599915	396.4272766
497.8699951	387.7606812
498.9299927	384.7319031
499.8399963	375.4719849
500.8900146	369.3025208
501.9400024	358.1586609
502.980011	347.1928406
503.8800049	338.4574585
504.9200134	332.8922729
505.9700012	326.0343323
506.8599854	317.1889343
507.9100037	310.0220032
508.9500122	304.3095093
509.8500061	298.0400391
510.8900146	290.0670166
511.9400024	279.7915039
512.9799805	270.6268005
513.8800049	264.1137695
514.9199829	258.5278015
515.9699707	253.453598
516.8599854	247.3840179
517.9099731	239.9640656
518.9500122	231.1144714
519.8499756	225.2745972
520.8900146	220.9757385
521.9400024	215.9488068
522.9799805	211.656601
523.8800049	204.582077
524.9199829	197.6391296
525.9699707	192.5910187
526.8599854	189.4427643
527.9099731	184.4456024
528.9500122	177.236969
529.8499756	171.4167175
530.8900146	167.0700226
531.9400024	164.2911987
532.9799805	159.7228394
533.8800049	155.5323029
534.9199829	153.6399994
535.9699707	147.4722595
536.8599854	142.3547821
537.9099731	140.0371246
538.9500122	137.2082062
539.8499756	129.65271
540.8900146	124.3777466
541.9400024	123.7498093
542.9799805	122.587738
543.8800049	117.8669968
544.9199829	114.2071381
545.9699707	111.7641144
546.8599854	107.850296
547.9099731	101.9247589
548.9500122	100.4731216
549.8499756	99.41759491
550.8900146	96.22127533
551.9400024	92.13074493
552.9799805	90.69578552
553.8800049	90.22531128
554.9199829	86.95823669
555.9699707	83.78055573
556.8599854	80.57609558
557.9099731	78.49969482
558.9500122	75.50432587
559.8499756	73.46155548
560.8800049	71.11523438
561.9099731	68.56713104
562.9400024	67.30315399
563.9699707	65.75317383
564.8499756	63.28937531
565.8800049	61.30206299
566.9099731	60.30752563
567.9400024	58.35958481
568.9699707	56.25634384
569.8499756	54.42106628
570.8800049	53.06221008
571.9099731	50.86503983
572.9400024	49.84317017
573.9699707	48.37730789
574.8499756	48.30322266
575.8800049	47.29565048
576.9099731	45.32601166
577.9400024	44.15624619
578.9699707	44.135849
579.8499756	42.77896118
580.8800049	41.07025146
581.9099731	39.27947617
582.9400024	36.47724533
583.9699707	34.32564545
584.8499756	34.39211655
585.8800049	34.30764389
586.9099731	32.86582947
587.9400024	31.49170685
588.9699707	31.44681931
589.8499756	30.61009216
590.8800049	29.89925766
591.9099731	28.67303085
592.9400024	28.19263268
593.9699707	27.04216957
594.8499756	26.59409523
595.8800049	26.11544037
596.9099731	25.12478447
597.9400024	24.18238831
598.9699707	23.76852036
599.8499756	22.79794693
600.8800049	21.51544952
601.9099731	20.91463661
602.9400024	20.5600338
603.9699707	20.55130768
604.8499756	19.77567863
605.8800049	19.14614105
606.9099731	17.84183121
607.9400024	17.71133423
608.9699707	17.72384071
609.8499756	18.06568718
610.8800049	17.48124123
611.9099731	17.29322433
612.9400024	17.3431797
613.9699707	16.81863594
614.8499756	15.83590412
615.8800049	15.26793289
616.9099731	15.91651344
617.9400024	15.71242237
618.9699707	15.19938946
619.8499756	13.97979832
620.8599854	13.66685295
621.8800049	12.88964272
622.8900146	12.38129425
623.9099731	12.19260406
624.9199829	12.29981136
625.9400024	11.74190331
626.9500122	11.40911198
627.9699707	11.43846893
628.9799805	11.98704338
629.8499756	11.70004368
630.8599854	11.19798088
631.8800049	10.40723896
632.8900146	10.10617733
633.9099731	9.960591316
634.9199829	9.555398941
635.9400024	9.744023323
636.9500122	9.719723701
637.9699707	9.375273705
638.9799805	8.550113678
639.8499756	8.535865784
640.8599854	8.297466278
641.8800049	8.009236336
642.8900146	7.244243622
643.9099731	7.451753139
644.9199829	8.038123131
645.9400024	7.864149094
646.9500122	6.747378826
647.9699707	6.553985119
648.9799805	6.816020966
649.8499756	6.779293537
650.8599854	6.105578423
651.8800049	6.362642288
652.8900146	6.069112778
653.9099731	5.733032703
654.9199829	5.154376507
655.9400024	5.259388447
656.9500122	5.454077721
657.9699707	5.433189869
658.9799805	5.089605331
659.8499756	4.914060593
660.8499756	4.805511475
661.8499756	4.395710945
662.8499756	4.068667889
663.8499756	4.668068886
664.8499756	4.754085064
665.8499756	4.757366657
666.8499756	4.502369881
667.8499756	4.411242008
668.8499756	4.210026264
669.8499756	4.21713686
670.8599854	4.054272175
671.8800049	3.966036081
672.8900146	4.278044701
673.9099731	4.037122726
674.9199829	3.83695817
675.9400024	3.510668755
676.9500122	3.242723703
677.9699707	3.034811497
678.9799805	3.604818821
679.8499756	3.882825375
680.8499756	3.871362209
681.8499756	3.410633802
682.8499756	3.019129753
683.8499756	3.098256826
684.8499756	3.646862268
685.8499756	4.114116669
686.8499756	4.83645153
687.8499756	6.280077934
688.8499756	9.061218262
689.8499756	12.03604126
690.8499756	15.41896534
691.8499756	19.95985031
692.8499756	24.41857147
693.8499756	26.84222794
694.8499756	28.51986504
695.8499756	30.54657555
696.8499756	30.96099472
697.8499756	30.70323563
698.8499756	30.30888939
699.8499756	27.8812027
700.9799805	22.64360237
701.9699707	18.0229435
702.9500122	14.73332405
703.9400024	11.2608881
704.9199829	8.011668205
705.9099731	6.128572941
706.9000244	5.325765133
707.8800049	4.222374439
708.8699951	3.231390476
709.8499756	3.042949438
710.8499756	3.550949097
711.8499756	3.297525883
712.8499756	2.750034571
713.8499756	2.90194726
714.8499756	3.377606869
715.8499756	3.468908072
716.8499756	3.067445993
717.8499756	3.076390266
718.8499756	2.954612017
719.8499756	3.238548756
720.9799805	3.181246758
721.9699707	3.539070845
722.9500122	3.596987963
723.9400024	3.659848928
724.9199829	3.453231096
725.9099731	3.195757627
726.9000244	3.164389133
727.8800049	3.611075401
728.8699951	3.819945812
729.8499756	3.726810217
730.9799805	3.572547913
731.9699707	3.351518631
732.9500122	3.672876835
733.9400024	4.031133652
734.9199829	4.231505871
735.9099731	3.800256968
736.9000244	3.880351782
737.8800049	3.944389582
738.8699951	4.311663628
739.8499756	4.161755085
740.9699707	4.007725716
741.9400024	4.130601406
742.9099731	4.43104744
743.8800049	4.418684483
744.8599854	4.596942425
745.9699707	4.53600359
746.9400024	4.246796131
747.9099731	3.961624861
748.8800049	4.075869083
749.8599854	4.317973614
750.9799805	4.511582375
751.9699707	4.482002258
752.9500122	4.445888042
753.9400024	3.961759806
754.9199829	3.516754627
755.9099731	3.563873053
756.9000244	4.074397564
757.8800049	3.84528327
758.8699951	3.605562687
759.8499756	3.757865429
760.9699707	3.849525213
761.9400024	3.970740557
762.9099731	4.170134068
763.8800049	3.916651011
764.8599854	3.441219091
765.9699707	3.177902222
766.9400024	3.54970026
767.9099731	3.816222668
768.8800049	3.981529474
769.8599854	3.625116348
770.9699707	3.653115511
771.9400024	3.91896534
772.9099731	4.055212021
773.8800049	3.862103939
774.8599854	4.061850548
775.9699707	3.901518345
776.9400024	3.421466827
777.9099731	3.238400221
778.8800049	3.46402669
779.8599854	3.399369478
780.9500122	3.252032757
781.9099731	3.371531487
782.8699951	3.308448553
783.9699707	3.186636686
784.9299927	3.34480381
785.8900146	3.189054012
786.9799805	3.444299459
787.9400024	3.529278755
788.9000244	3.656458378
789.8599854	3.579994917
790.9500122	4.026018143
791.9099731	3.884498596
792.8699951	3.740213394
793.9699707	3.489624977
794.9299927	3.462920904
795.8900146	3.481574535
796.9799805	3.832415342
797.9400024	3.478807211
798.9000244	3.556777954