27.27
27.27
27.27
27.27
27.27
27.27
27.27
27.27
27.27
27.27
27.27
27.27
27.27
27.27
27.27
27.27
27.27
27.27
27.27
27.27
27.27
27.27
27.28
27.28
27.28
27.28
27.28
27.28
27.28
27.29
27.29
27.29
27.29
27.29
27.3
27.3
27.3
27.3
27.31
27.31
27.31
27.31
27.32
27.32
27.32
27.32
27.33
27.33
27.33
27.34
27.34
27.34
27.35
27.35
27.35
27.35
27.36
27.36
27.36
27.37
38.18
52.99
65.73
77.05
85.32
90.81
94.43
94.22
94.3
94.35
94.39
94.41
94.44
94.47
94.49
94.51
94.53
94.56
94.57
94.59
94.61
94.62
94.63
94.65
94.67
94.68
94.69
94.7
94.71
94.73
94.73
94.74
94.76
94.76
94.77
94.79
94.79
94.8
94.81
94.81
94.82
94.83
94.84
94.84
94.85
94.85
94.86
94.87
94.87
94.87
94.88
94.89
94.89
94.9
94.9
94.91
94.91
94.91
94.91
94.92
94.92
94.93
94.93
94.93
94.93
94.94
94.94
94.95
94.95
94.95
94.95
94.95
94.95
94.96
94.96
94.96
94.96
94.97
94.97
94.97
94.65
89.57
84.17
78.74
73.36
67.93
62.5
60.06
59.92
59.89
59.88
59.87
59.86
59.86
59.86
59.86
59.86
59.86
59.86
59.87
59.87
59.87
59.87
59.87
59.88
59.88
59.88
59.88
59.89
59.89
59.89
59.89
59.9
59.9
59.9
59.9
59.91
59.91
61.37
67.2
72.85
78.44
84.02
89.6
94.73
94.69
94.86
94.86
94.87
94.88
91.87
86.43
81.12
75.83
70.32
64.77
60.53
59.89
59.85
59.84
59.84
59.83
59.83
59.83
59.83
59.84
59.84
59.84
59.84
59.85
59.85
59.85
59.85
59.86
59.86
59.86
59.87
59.87
59.87
59.88
59.88
59.88
59.89
59.89
59.89
59.9
59.9
59.98
65.06
70.5
76.24
81.91
87.55
93.12
94.81
94.86
94.84
94.87
94.88
93.92
88.53
83.22
77.91
72.52
67.07
61.79
59.93
59.85
59.84
59.83
59.83
59.83
59.83
59.83
59.83
59.83
59.83
59.83
59.84
59.84
59.84
59.85
59.85
59.85
59.86
59.86
59.86
59.87
59.87
59.87
59.88
59.88
59.88
59.89
59.89
59.89
59.9
62.22
68.07
73.69
79.3
84.87
90.45
94.99
94.72
94.84
94.86
94.87
94.86
91.33
85.93
80.65
75.2
69.66
64.13
60.38
59.87
59.84
59.82
59.82
59.82
59.82
59.82
59.82
59.82
59.82
59.83
59.83
59.83
59.84
59.84
59.84
59.85
59.85
59.85
59.86
59.86
59.86
59.87
59.87
59.87
59.88
59.88
59.88
59.89
59.89
60.38
66.14
71.73
77.42
83.12
88.81
94.22
94.69
94.86
94.85
94.86
94.88
92.92
87.43
82.14
76.81
71.39
65.92
61.07
59.86
59.82
59.82
59.82
59.81
59.81
59.81
59.82
59.82
59.82
59.82
59.83
59.83
59.83
59.84
59.84
59.84
59.85
59.85
59.85
59.86
59.86
59.86
59.87
59.87
59.87
59.88
59.88
59.88
59.89
59.92
64.66
70.11
75.73
81.32
86.9
92.57
94.9
94.83
94.83
94.86
94.87
94.33
89.05
83.69
78.34
72.83
67.39
62.03
59.96
59.84
59.83
59.82
59.81
59.81
59.81
59.81
59.81
59.81
59.82
59.82
59.82
59.83
59.83
59.83
59.84
59.84
59.85
59.85
59.85
59.86
59.86
59.86
59.87
59.87
59.87
59.88
59.88
59.88
59.89
62.45
68.19
73.99
79.75
85.43
91.05
95.04
94.74
94.83
94.86
94.87
94.85
90.54
85.22
79.86
74.46
69.03
63.54
60.24
59.86
59.82
59.81
59.81
59.81
59.81
59.81
59.81
59.81
59.82
59.82
59.82
59.83
59.83
59.83
59.84
59.84
59.84
59.85
59.85
59.85
59.86
59.86
59.86
59.87
59.87
59.87
59.88
59.88
59.89
60.6
66.38
71.89
77.45
83.05
88.71
94.13
94.69
94.86
94.84
94.86
94.87
93.02
87.47
82.07
76.64
71.12
65.7
60.94
59.85
59.81
59.81
59.81
59.8
59.8
59.8
59.8
59.81
59.81
59.81
59.82
59.82
59.82
59.83
59.83
59.84
59.84
59.84
59.85
59.85
59.85
59.86
59.86
59.87
59.87
59.87
59.87
59.88
59.88
59.92
64.71
70.23
75.89
81.55
87.25
92.89
94.84
94.84
94.83
94.86
94.87
94.16
88.84
83.51
78.05
72.56
67.12
61.79
59.92
59.83
59.82
59.81
59.8
59.8
59.8
59.8
59.81
59.81
59.81
59.82
59.82
59.82
59.82
59.83
59.83
59.84
59.84
59.84
59.85
59.85
59.86
59.86
59.86
59.87
59.87
59.87
59.88
59.88
59.88
63.29
68.94
74.7
80.35
86.03
91.7
95.01
94.79
94.82
94.86
94.87
94.7
89.87
84.58
79.27
73.85
68.39
62.99
60.13
59.86
59.82
59.81
59.8
59.8
59.8
59.81
59.81
59.81
59.81
59.82
59.82
59.82
59.83
59.83
59.83
59.84
59.84
59.85
59.85
59.85
59.86
59.86
59.86
59.87
59.87
59.87
59.88
59.88
59.88
61.34
67.16
72.78
78.41
83.97
89.51
94.71
94.67
94.84
94.85
94.86
94.87
91.95
86.56
81.22
75.73
70.24
64.8
60.6
59.84
59.81
59.8
59.8
59.8
59.8
59.8
59.8
59.81
59.81
59.81
59.82
59.82
59.82
59.83
59.83
59.84
59.84
59.84
59.85
59.85
59.85
59.86
59.86
59.86
59.87
59.87
59.88
59.88
59.88
60.12
65.58
71.14
76.85
82.52
88.21
93.82
94.72
94.85
94.84
94.86
94.87
93.24
87.8
82.52
77.16
71.75
66.33
61.33
59.87
59.82
59.81
59.81
59.8
59.8
59.8
59.81
59.81
59.81
59.81
59.82
59.82
59.82
59.83
59.83
59.84
59.84
59.84
59.85
59.85
59.85
59.86
59.86
59.86
59.87
59.87
59.87
59.88
59.88
59.89
64.08
69.69
75.33
80.97
86.62
92.24
94.94
94.82
94.82
94.86
94.87
94.46
89.37
84.02
78.75
73.36
67.95
62.56
60.05
59.85
59.82
59.81
59.81
59.8
59.8
59.81
59.81
59.81
59.81
59.82
59.82
59.82
59.83
59.83
59.83
59.84
59.84
59.85
59.85
59.85
59.86
59.86
59.86
59.87
59.87
59.87
59.88
59.88
59.88
62.25
68.03
73.65
79.22
84.83
90.5
95.01
94.72
94.83
94.86
94.86
94.87
91.16
85.81
80.52
75.13
69.64
64.22
60.42
59.85
59.81
59.81
59.8
59.8
59.8
59.8
59.81
59.81
59.81
59.81
59.82
59.82
59.83
59.83
59.83
59.84
59.84
59.84
59.85
59.85
59.86
59.86
59.86
59.87
59.87
59.87
59.88
59.88
59.88
60.49
66.32
71.94
77.57
83.21
88.86
94.23
94.68
94.85
94.84
94.86
94.87
92.68
87.27
82.01
76.67
71.28
65.8
61.04
59.85
59.81
59.81
59.81
59.8
59.8
59.8
59.81
59.81
59.81
59.82
59.82
59.82
59.82
59.83
59.83
59.84
59.84
59.84
59.85
59.85
59.85
59.86
59.86
59.87
59.87
59.87
59.87
59.88
59.88
59.9
64.6
70.2
75.92
81.51
87.12
92.66
94.88
94.84
94.83
94.86
94.87
94.28
89.06
83.76
78.45
73.04
67.5
62.1
59.98
59.84
59.82
59.81
59.8
59.8
59.8
59.8
59.81
59.81
59.81
59.82
59.82
59.82
59.83
59.83
59.83
59.84
59.84
59.85
59.85
59.85
59.86
59.86
59.86
59.87
59.87
59.87
59.88
59.88
59.88
62.98
68.6
74.34
79.91
85.49
91.06
95.04
94.75
94.83
94.85
94.87
94.85
90.6
85.21
79.79
74.36
68.91
63.42
60.22
59.85
59.82
59.8
59.8
59.8
59.8
59.8
59.8
59.81
59.81
59.81
59.82
59.82
59.82
59.83
59.83
59.83
59.84
59.84
59.85
59.85
59.85
59.86
59.86
59.86
59.87
59.87
59.87
59.88
59.88
60.68
66.48
72.04
77.62
83.19
88.77
94.17
94.68
94.85
94.84
94.85
94.87
92.8
87.35
81.98
76.41
70.91
65.45
60.87
59.84
59.81
59.8
59.8
59.8
59.8
59.8
59.8
59.8
59.81
59.81
59.81
59.82
59.82
59.82
59.83
59.83
59.84
59.84
59.84
59.85
59.85
59.86
59.86
59.86
59.87
59.87
59.87
59.88
59.88
60.03
65.36
70.88
76.59
82.15
87.8
93.34
94.77
94.85
94.83
94.85
94.87
93.73
88.34
83.06
77.64
72.16
66.73
61.5
59.9
59.82
59.81
59.81
59.8
59.8
59.8
59.8
59.8
59.81
59.81
59.81
59.82
59.82
59.82
59.83
59.83
59.84
59.84
59.84
59.85
59.85
59.85
59.86
59.86
59.87
59.87
59.87
59.88
59.88
59.88
63.67
69.17
74.91
80.5
86.18
91.82
95.01
94.8
94.82
94.85
94.86
94.7
89.86
84.52
79.19
73.81
68.41
62.95
60.13
59.85
59.82
59.81
59.8
59.8
59.8
59.8
59.8
59.81
59.81
59.81
59.82
59.82
59.82
59.83
59.83
59.84
59.84
59.84
59.85
59.85
59.86
59.86
59.86
59.87
59.87
59.87
59.88
59.88
59.88
61.64
67.54
73.17
78.78
84.38
90.01
94.88
94.69
94.83
94.85
94.86
94.87
91.8
86.35
81.04
75.65
70.23
64.66
60.56
59.84
59.81
59.8
59.8
59.8
59.8
59.8
59.8
59.81
59.81
59.81
59.82
59.82
59.82
59.83
59.83
59.83
59.84
59.84
59.85
59.85
59.85
59.86
59.86
59.86
59.87
59.87
59.87
59.88
59.88
60.17
65.78
71.36
77.06
82.75
88.4
93.92
94.7
94.86
94.84
94.86
94.87
93.29
87.86
82.58
77.22
71.81
66.37
61.33
59.88
59.82
59.81
59.81
59.8
59.8
59.8
59.8
59.81
59.81
59.81
59.82
59.82
59.82
59.83
59.83
59.83
59.84
59.84
59.85
59.85
59.85
59.86
59.86
59.86
59.87
59.87
59.87
59.88
59.88
59.89
63.99
69.57
75.23
80.92
86.51
92.2
94.95
94.81
94.82
94.86
94.87
94.48
89.4
84.13
78.83
73.33
67.83
62.4
60.03
59.85
59.82
59.81
59.8
59.8
59.8
59.8
59.8
59.81
59.81
59.81
59.82
59.82
59.83
59.83
59.83
59.84
59.84
59.84
59.85
59.85
59.86
59.86
59.86
59.87
59.87
59.87
59.88
59.88
59.88
62.35
68.15
73.83
79.39
84.97
90.69
95.03
94.72
94.83
94.85
94.86
94.86
90.89
85.54
80.24
74.82
69.34
63.88
60.32
59.85
59.81
59.8
59.8
59.8
59.8
59.8
59.8
59.81
59.81
59.81
59.82
59.82
59.82
59.83
59.83
59.84
59.84
59.84
59.85
59.85
59.85
59.86
59.86
59.86
59.87
59.87
59.88
59.88
59.88
60.75
66.66
72.23
77.9
83.56
89.21
94.54
94.67
94.85
94.84
94.86
94.87
92.45
87.01
81.73
76.39
71.01
65.6
60.93
59.85
59.81
59.81
59.81
59.8
59.8
59.8
59.8
59.81
59.81
59.81
59.82
59.82
59.82
59.83
59.83
59.83
59.84
59.84
59.85
59.85
59.85
59.86
59.86
59.86
59.87
59.87
59.87
59.88
59.88
59.93
64.86
70.37
76.02
81.69
87.41
93.08
94.81
94.85
94.83
94.86
94.87
93.93
88.53
83.26
77.93
72.54
67.11
61.87
59.94
59.83
59.82
59.81
59.8
59.8
59.8
59.8
59.81
59.81
59.81
59.82
59.82
59.82
59.83
59.83
59.83
59.84
59.84
59.85
59.85
59.85
59.86
59.86
59.86
59.87
59.87
59.87
59.88
59.88
59.88
63.21
68.9
74.59
80.29
85.92
91.61
95.03
94.78
94.82
94.86
94.87
94.79
90.21
84.83
79.52
74.13
68.72
63.26
60.17
59.85
59.82
59.81
59.8
59.8
59.8
59.8
59.81
59.81
59.81
59.81
59.82
59.82
59.83
59.83
59.83
59.84
59.84
59.84
59.85
59.85
59.86
59.86
59.86
59.87
59.87
59.87
59.88
59.88
59.88
61.34
67.3
72.94
78.66
84.18
89.8
94.83
94.68
94.84
94.85
94.86
94.87
91.79
86.38
81.1
75.74
70.26
64.82
60.61
59.84
59.81
59.81
59.8
59.8
59.8
59.8
59.8
59.81
59.81
59.81
59.82
59.82
59.82
59.83
59.83
59.84
59.84
59.84
59.85
59.85
59.85
59.86
59.86
59.87
59.87
59.87
59.87
59.88
59.88
60.19
65.83
71.35
77.02
82.62
88.24
93.84
94.72
94.86
94.84
94.86
94.87
93.21
87.8
82.53
77.17
71.75
66.27
61.31
59.87
59.82
59.81
59.81
59.8
59.8
59.8
59.8
59.81
59.81
59.81
59.82
59.82
59.82
59.83
59.83
59.83
59.84
59.84
59.85
59.85
59.85
59.86
59.86
59.86
59.87
59.87
59.87
59.88
59.88
59.89
64.18
69.82
75.56
81.2
86.82
92.51
94.9
94.83
94.82
94.86
94.87
94.3
89.07
83.69
78.28
72.81
67.26
61.92
59.95
59.83
59.82
59.8
59.8
59.8
59.8
59.8
59.8
59.8
59.81
59.81
59.82
59.82
59.82
59.83
59.83
59.83
59.84
59.84
59.85
59.85
59.85
59.86
59.86
59.86
59.87
59.87
59.87
59.88
59.88
