0 , 26.27 , 0
1 , 26.78 , 0
2 , 26.78 , 0
3 , 26.78 , 0
4 , 26.53 , 0
5 , 26.78 , 0
6 , 26.78 , 0
7 , 26.78 , 0
8 , 26.78 , 0
9 , 26.53 , 0
10 , 26.27 , 60
11 , 26.27 , 60
12 , 31.63 , 60
13 , 33.93 , 60
14 , 35.46 , 60
15 , 36.73 , 60
16 , 37.76 , 60
17 , 38.52 , 60
18 , 39.80 , 60
19 , 40.05 , 60
20 , 41.33 , 60
21 , 41.58 , 60
22 , 43.11 , 60
23 , 43.37 , 60
24 , 44.39 , 60
25 , 45.15 , 60
26 , 44.90 , 60
27 , 46.17 , 60
28 , 46.69 , 60
29 , 46.69 , 60
30 , 47.71 , 60
31 , 48.47 , 60
32 , 48.22 , 60
33 , 48.47 , 60
34 , 49.24 , 60
35 , 50.00 , 60
36 , 50.00 , 60
37 , 50.77 , 60
38 , 51.53 , 60
39 , 51.02 , 60
40 , 51.53 , 60
41 , 52.04 , 60
42 , 52.81 , 60
43 , 52.04 , 60
44 , 52.81 , 60
45 , 53.32 , 60
46 , 53.57 , 60
47 , 53.57 , 60
48 , 54.34 , 60
49 , 54.34 , 60
50 , 54.85 , 60
51 , 54.59 , 60
52 , 55.36 , 60
53 , 55.11 , 60
54 , 55.36 , 60
55 , 56.13 , 60
56 , 56.38 , 60
57 , 56.64 , 60
58 , 56.64 , 60
59 , 56.38 , 60
60 , 56.89 , 60
61 , 56.89 , 60
62 , 57.40 , 60
63 , 57.15 , 60
64 , 57.15 , 60
65 , 57.91 , 60
66 , 57.91 , 60
67 , 58.17 , 60
68 , 58.42 , 60
69 , 58.17 , 60
70 , 58.68 , 60
71 , 58.17 , 60
72 , 58.68 , 60
73 , 58.93 , 60
74 , 58.93 , 60
75 , 59.19 , 60
76 , 59.70 , 60
77 , 59.70 , 60
78 , 59.70 , 60
79 , 59.95 , 60
80 , 59.70 , 60
81 , 59.95 , 60
82 , 59.70 , 60
83 , 59.95 , 60
84 , 60.46 , 60
85 , 59.95 , 60
86 , 60.46 , 60
87 , 60.21 , 60
88 , 60.97 , 60
89 , 61.23 , 60
90 , 61.23 , 60
91 , 61.48 , 60
92 , 61.74 , 60
93 , 61.74 , 60
94 , 61.23 , 60
95 , 61.48 , 60
96 , 61.99 , 60
97 , 61.99 , 60
98 , 62.25 , 60
99 , 61.99 , 60
100 , 62.25 , 60
101 , 62.50 , 60
102 , 62.25 , 60
103 , 63.01 , 60
104 , 62.50 , 60
105 , 62.25 , 60
106 , 62.50 , 60
107 , 62.76 , 60
108 , 62.76 , 60
109 , 63.27 , 60
110 , 63.78 , 60
111 , 63.27 , 60
112 , 63.53 , 60
113 , 63.53 , 60
114 , 63.78 , 60
115 , 63.53 , 60
116 , 63.53 , 60
117 , 63.78 , 60
118 , 64.29 , 60
119 , 64.04 , 60
120 , 63.78 , 60
121 , 63.78 , 60
122 , 64.29 , 60
123 , 63.78 , 60
124 , 64.55 , 60
125 , 64.29 , 60
126 , 64.80 , 60
127 , 64.29 , 60
128 , 65.06 , 60
129 , 64.55 , 60
130 , 65.06 , 0
131 , 60.21 , 0
132 , 58.68 , 0
133 , 56.89 , 0
134 , 55.87 , 0
135 , 54.85 , 0
136 , 54.08 , 0
137 , 52.30 , 0
138 , 52.04 , 0
139 , 50.51 , 0
140 , 50.51 , 0
141 , 49.49 , 0
142 , 48.73 , 0
143 , 48.22 , 0
144 , 48.22 , 0
145 , 47.20 , 0
146 , 46.43 , 0
147 , 46.43 , 0
148 , 45.66 , 0
149 , 45.41 , 0
150 , 45.15 , 0
151 , 44.39 , 0
152 , 44.13 , 0
153 , 44.13 , 0
154 , 43.88 , 0
155 , 43.37 , 0
156 , 42.86 , 0
157 , 42.86 , 0
158 , 42.35 , 0
159 , 41.58 , 0
160 , 41.33 , 0
161 , 40.82 , 0
162 , 40.56 , 0
163 , 40.82 , 0
164 , 40.56 , 0
165 , 40.56 , 0
166 , 40.31 , 0
167 , 39.54 , 0
168 , 39.54 , 0
169 , 39.29 , 0
170 , 38.78 , 0
171 , 38.52 , 0
172 , 38.78 , 0
173 , 38.78 , 0
174 , 38.01 , 0
175 , 38.27 , 0
176 , 37.50 , 0
177 , 37.50 , 0
178 , 37.76 , 0
179 , 37.50 , 0
180 , 37.24 , 0
181 , 37.24 , 0
182 , 36.99 , 0
183 , 36.48 , 0
184 , 36.22 , 0
185 , 36.73 , 0
186 , 36.22 , 0
187 , 35.97 , 0
188 , 35.71 , 0
189 , 36.22 , 0
190 , 35.71 , 0
191 , 35.46 , 0
192 , 35.20 , 0
193 , 35.46 , 0
194 , 35.20 , 0
195 , 34.95 , 0
196 , 34.69 , 0
197 , 34.95 , 0
198 , 34.44 , 0
199 , 34.69 , 0
200 , 34.18 , 0
201 , 34.69 , 0
202 , 33.93 , 0
203 , 34.18 , 0
204 , 34.18 , 0
205 , 33.93 , 0
206 , 33.93 , 0
207 , 33.93 , 0
208 , 33.42 , 0
209 , 33.93 , 0
210 , 33.42 , 0
211 , 33.42 , 0
212 , 33.42 , 0
213 , 33.42 , 0
214 , 33.16 , 0
215 , 33.16 , 0
216 , 32.91 , 0
217 , 32.91 , 0
218 , 32.91 , 0
219 , 32.91 , 0
220 , 32.40 , 0
221 , 32.14 , 0
222 , 32.40 , 0
223 , 32.40 , 0
224 , 32.40 , 0
225 , 32.40 , 0
226 , 32.14 , 0
227 , 32.14 , 0
228 , 31.63 , 0
229 , 32.14 , 0
230 , 31.63 , 0
231 , 31.89 , 0
232 , 31.89 , 0
233 , 31.63 , 0
234 , 31.63 , 0
235 , 31.63 , 0
236 , 31.12 , 0
237 , 31.38 , 0
238 , 31.12 , 0
239 , 31.38 , 0
240 , 30.87 , 0
241 , 31.12 , 0
242 , 31.12 , 0
243 , 30.87 , 0
244 , 31.12 , 0
245 , 30.87 , 0
246 , 30.87 , 0
247 , 30.87 , 0
248 , 30.87 , 0
249 , 30.61 , 0
250 , 30.61 , 0
