Please wait for the temperature to reach 95
0 , 28.31 , 0
1 , 27.55 , 0
2 , 27.04 , 0
3 , 27.29 , 0
4 , 27.29 , 0
5 , 26.78 , 0
6 , 28.06 , 0
7 , 33.16 , 0
8 , 35.46 , 0
9 , 37.76 , 0
10 , 41.58 , 0
11 , 44.90 , 0
12 , 47.20 , 0
13 , 49.49 , 0
14 , 51.28 , 0
15 , 53.32 , 0
16 , 55.11 , 0
17 , 57.91 , 0
18 , 59.19 , 0
19 , 60.97 , 0
20 , 62.50 , 0
21 , 64.04 , 0
22 , 65.82 , 0
23 , 67.10 , 0
24 , 68.63 , 0
25 , 70.41 , 0
26 , 71.69 , 0
27 , 73.48 , 0
28 , 74.50 , 0
29 , 75.52 , 0
30 , 77.05 , 0
31 , 78.58 , 0
32 , 79.60 , 0
33 , 81.13 , 0
34 , 81.39 , 0
35 , 82.92 , 0
36 , 84.19 , 0
37 , 85.21 , 0
38 , 85.98 , 0
39 , 87.00 , 0
40 , 88.02 , 0
41 , 89.04 , 0
42 , 90.06 , 0
43 , 91.08 , 0
44 , 92.36 , 0
45 , 93.12 , 0
46 , 93.12 , 0
47 , 93.89 , 0
48 , 93.63 , 0
49 , 94.91 , 0
Temperature has reached 95, please wait 60s for the initial denaturing to complete
50 , 95.16 , 0
51 , 94.14 , 0
52 , 94.14 , 0
53 , 93.89 , 0
54 , 93.89 , 0
55 , 94.14 , 0
56 , 93.63 , 0
57 , 93.38 , 0
58 , 93.12 , 0
59 , 93.89 , 0
60 , 94.14 , 0
61 , 94.40 , 0
62 , 93.63 , 0
63 , 93.12 , 0
64 , 93.38 , 0
65 , 93.89 , 0
66 , 94.40 , 0
67 , 94.40 , 0
68 , 94.14 , 0
69 , 93.38 , 0
70 , 93.38 , 0
71 , 92.87 , 0
72 , 93.89 , 0
73 , 93.89 , 0
74 , 93.89 , 0
75 , 94.91 , 0
76 , 94.65 , 0
77 , 94.14 , 0
78 , 93.89 , 0
79 , 93.38 , 0
80 , 93.63 , 0
81 , 94.14 , 0
82 , 94.14 , 0
83 , 93.63 , 0
84 , 93.38 , 0
85 , 93.89 , 0
86 , 94.14 , 0
87 , 94.40 , 0
88 , 93.89 , 0
89 , 93.89 , 0
90 , 93.89 , 0
91 , 94.91 , 0
92 , 95.16 , 0
93 , 94.65 , 0
94 , 94.40 , 0
95 , 93.89 , 0
96 , 93.89 , 0
97 , 94.65 , 0
98 , 94.91 , 0
99 , 94.14 , 0
100 , 94.14 , 0
101 , 93.89 , 0
102 , 93.89 , 0
103 , 94.40 , 0
104 , 94.40 , 0
105 , 93.63 , 0
106 , 93.12 , 0
107 , 94.40 , 0
108 , 94.40 , 0
109 , 93.38 , 0
110 , 93.89 , 0
111 , 94.14 , 0
Initial Denaturing has completed, Amplification Loop will start now
Going to Denaturing Temperature
Denaturing DNA Now
112 , 94.65 , 1
113 , 93.89 , 1
114 , 93.89 , 1
115 , 93.38 , 1
116 , 93.63 , 1
117 , 93.89 , 1
118 , 92.87 , 1
119 , 92.87 , 1
120 , 93.12 , 1
121 , 92.87 , 1
Going to Extension Temperature
122 , 92.36 , 1
123 , 89.30 , 1
124 , 85.21 , 1
125 , 79.85 , 1
126 , 75.01 , 1
127 , 70.41 , 1
128 , 66.59 , 1
129 , 63.01 , 1
130 , 60.21 , 1
131 , 57.15 , 1
Extending DNA Now
132 , 54.85 , 1
133 , 53.06 , 1
134 , 53.57 , 1
135 , 53.83 , 1
136 , 55.36 , 1
137 , 55.87 , 1
138 , 57.40 , 1
139 , 58.17 , 1
140 , 58.68 , 1
141 , 59.19 , 1
142 , 59.44 , 1
143 , 59.70 , 1
144 , 60.21 , 1
145 , 60.46 , 1
146 , 60.72 , 1
147 , 60.97 , 1
148 , 60.97 , 1
149 , 60.97 , 1
150 , 61.23 , 1
151 , 61.48 , 1
152 , 61.48 , 1
Going to Denaturing Temperature
153 , 61.23 , 2
154 , 65.31 , 2
155 , 66.84 , 2
156 , 67.86 , 2
157 , 69.90 , 2
158 , 71.18 , 2
159 , 73.22 , 2
160 , 73.99 , 2
161 , 75.77 , 2
162 , 77.05 , 2
163 , 79.09 , 2
164 , 80.37 , 2
165 , 81.90 , 2
166 , 82.41 , 2
167 , 83.94 , 2
168 , 84.96 , 2
169 , 85.98 , 2
170 , 87.25 , 2
171 , 87.51 , 2
172 , 88.79 , 2
173 , 90.06 , 2
174 , 90.83 , 2
175 , 91.34 , 2
176 , 92.36 , 2
177 , 92.87 , 2
178 , 93.38 , 2
179 , 93.89 , 2
180 , 94.91 , 2
Denaturing DNA Now
181 , 95.42 , 2
182 , 94.40 , 2
183 , 93.89 , 2
184 , 94.14 , 2
185 , 93.12 , 2
186 , 93.12 , 2
187 , 93.12 , 2
188 , 92.61 , 2
189 , 92.61 , 2
190 , 91.85 , 2
Going to Extension Temperature
191 , 91.85 , 2
192 , 88.53 , 2
193 , 84.45 , 2
194 , 79.34 , 2
195 , 73.99 , 2
196 , 69.65 , 2
197 , 65.82 , 2
198 , 62.25 , 2
199 , 59.19 , 2
Extending DNA Now
200 , 56.38 , 2
201 , 55.11 , 2
202 , 54.85 , 2
203 , 55.36 , 2
204 , 56.38 , 2
205 , 57.40 , 2
206 , 58.42 , 2
207 , 59.19 , 2
208 , 59.95 , 2
209 , 60.21 , 2
210 , 60.46 , 2
211 , 60.97 , 2
212 , 60.72 , 2
213 , 61.23 , 2
214 , 60.72 , 2
215 , 61.48 , 2
216 , 61.48 , 2
217 , 61.74 , 2
218 , 61.74 , 2
219 , 61.74 , 2
220 , 61.99 , 2
Going to Denaturing Temperature
221 , 62.25 , 3
222 , 65.31 , 3
223 , 67.10 , 3
224 , 68.63 , 3
225 , 70.16 , 3
226 , 71.43 , 3
227 , 72.71 , 3
228 , 73.99 , 3
229 , 76.28 , 3
230 , 77.05 , 3
231 , 78.32 , 3
232 , 79.60 , 3
233 , 80.62 , 3
234 , 82.41 , 3
235 , 82.92 , 3
236 , 83.43 , 3
237 , 85.21 , 3
238 , 85.98 , 3
239 , 87.25 , 3
240 , 88.02 , 3
241 , 89.30 , 3
242 , 89.81 , 3
243 , 90.83 , 3
244 , 91.85 , 3
245 , 92.10 , 3
246 , 93.12 , 3
247 , 93.89 , 3
248 , 94.40 , 3
Denaturing DNA Now
249 , 95.16 , 3
250 , 94.40 , 3
251 , 94.14 , 3
252 , 94.14 , 3
253 , 93.63 , 3
254 , 93.12 , 3
255 , 92.61 , 3
256 , 92.36 , 3
257 , 92.36 , 3
258 , 92.10 , 3
Going to Extension Temperature
259 , 91.59 , 3
260 , 88.53 , 3
261 , 84.19 , 3
262 , 79.09 , 3
263 , 73.99 , 3
264 , 69.39 , 3
265 , 65.31 , 3
266 , 61.99 , 3
267 , 58.68 , 3
Extending DNA Now
268 , 55.87 , 3
269 , 54.34 , 3
270 , 54.85 , 3
271 , 54.85 , 3
272 , 56.64 , 3
273 , 57.66 , 3
274 , 58.93 , 3
275 , 59.70 , 3
276 , 60.21 , 3
277 , 60.46 , 3
278 , 60.46 , 3
279 , 60.97 , 3
280 , 61.23 , 3
281 , 61.48 , 3
282 , 61.48 , 3
283 , 61.99 , 3
284 , 61.99 , 3
285 , 61.23 , 3
286 , 61.99 , 3
287 , 61.99 , 3
288 , 61.99 , 3
Going to Denaturing Temperature
289 , 61.74 , 4
290 , 65.82 , 4
291 , 67.35 , 4
292 , 68.37 , 4
293 , 70.16 , 4
294 , 71.69 , 4
295 , 72.71 , 4
296 , 74.50 , 4
297 , 75.77 , 4
298 , 77.30 , 4
299 , 78.58 , 4
300 , 79.85 , 4
301 , 81.39 , 4
302 , 82.41 , 4
303 , 83.43 , 4
304 , 84.45 , 4
305 , 85.98 , 4
306 , 86.23 , 4
307 , 87.25 , 4
308 , 88.02 , 4
309 , 89.04 , 4
310 , 89.04 , 4
311 , 90.57 , 4
312 , 90.83 , 4
313 , 91.08 , 4
314 , 92.10 , 4
315 , 93.12 , 4
316 , 93.38 , 4
317 , 93.89 , 4
318 , 94.91 , 4
Denaturing DNA Now
319 , 95.67 , 4
320 , 94.40 , 4
321 , 94.14 , 4
322 , 93.89 , 4
323 , 93.38 , 4
324 , 93.12 , 4
325 , 93.12 , 4
326 , 92.10 , 4
327 , 92.10 , 4
328 , 92.10 , 4
Going to Extension Temperature
329 , 91.85 , 4
330 , 88.53 , 4
331 , 84.45 , 4
332 , 79.09 , 4
333 , 74.24 , 4
334 , 69.39 , 4
335 , 65.82 , 4
336 , 62.76 , 4
337 , 59.19 , 4
Extending DNA Now
338 , 56.64 , 4
339 , 54.85 , 4
340 , 54.34 , 4
341 , 55.36 , 4
342 , 56.89 , 4
343 , 57.15 , 4
344 , 58.68 , 4
345 , 59.44 , 4
346 , 59.70 , 4
347 , 59.70 , 4
348 , 60.72 , 4
349 , 60.97 , 4
350 , 61.23 , 4
351 , 61.48 , 4
352 , 61.74 , 4
353 , 61.48 , 4
354 , 61.23 , 4
355 , 60.97 , 4
356 , 61.48 , 4
357 , 61.74 , 4
358 , 61.74 , 4
Going to Denaturing Temperature
359 , 61.48 , 5
360 , 64.80 , 5
361 , 66.59 , 5
362 , 68.12 , 5
363 , 69.39 , 5
364 , 70.67 , 5
365 , 71.95 , 5
366 , 73.22 , 5
367 , 74.75 , 5
368 , 76.03 , 5
369 , 77.56 , 5
370 , 78.83 , 5
371 , 79.09 , 5
372 , 80.37 , 5
373 , 82.15 , 5
374 , 82.92 , 5
375 , 84.45 , 5
376 , 85.21 , 5
377 , 85.98 , 5
378 , 86.74 , 5
379 , 87.51 , 5
380 , 88.02 , 5
381 , 89.30 , 5
382 , 90.32 , 5
383 , 90.32 , 5
384 , 91.34 , 5
385 , 92.10 , 5
386 , 92.36 , 5
387 , 92.87 , 5
388 , 93.63 , 5
389 , 94.14 , 5
Denaturing DNA Now
390 , 94.40 , 5
391 , 93.12 , 5
392 , 92.61 , 5
393 , 92.61 , 5
394 , 92.36 , 5
395 , 92.36 , 5
396 , 91.85 , 5
397 , 91.59 , 5
398 , 90.83 , 5
399 , 91.08 , 5
Going to Extension Temperature
400 , 90.32 , 5
401 , 86.74 , 5
402 , 82.92 , 5
403 , 77.81 , 5
404 , 73.22 , 5
405 , 68.63 , 5
406 , 64.55 , 5
407 , 61.74 , 5
408 , 58.42 , 5
Extending DNA Now
409 , 55.62 , 5
410 , 53.83 , 5
411 , 54.08 , 5
412 , 54.59 , 5
413 , 55.62 , 5
414 , 56.89 , 5
415 , 58.17 , 5
416 , 58.42 , 5
417 , 59.19 , 5
418 , 59.44 , 5
419 , 59.44 , 5
420 , 60.46 , 5
421 , 60.72 , 5
422 , 60.72 , 5
423 , 60.21 , 5
424 , 60.72 , 5
425 , 60.97 , 5
426 , 60.46 , 5
427 , 60.72 , 5
428 , 61.48 , 5
429 , 61.48 , 5
Going to Denaturing Temperature
430 , 61.23 , 6
431 , 64.04 , 6
432 , 66.33 , 6
433 , 67.86 , 6
434 , 68.63 , 6
435 , 70.16 , 6
436 , 71.43 , 6
437 , 72.46 , 6
438 , 73.99 , 6
439 , 75.26 , 6
440 , 76.54 , 6
441 , 77.81 , 6
442 , 78.32 , 6
443 , 80.11 , 6
444 , 81.39 , 6
445 , 82.15 , 6
446 , 82.92 , 6
447 , 83.94 , 6
448 , 85.21 , 6
449 , 86.74 , 6
450 , 86.74 , 6
451 , 87.76 , 6
452 , 88.53 , 6
453 , 89.30 , 6
454 , 90.06 , 6
455 , 90.32 , 6
456 , 91.34 , 6
457 , 91.59 , 6
458 , 92.87 , 6
459 , 93.38 , 6
460 , 93.63 , 6
461 , 94.40 , 6
Denaturing DNA Now
462 , 95.16 , 6
463 , 93.89 , 6
464 , 93.63 , 6
465 , 93.38 , 6
466 , 92.87 , 6
467 , 92.36 , 6
468 , 92.36 , 6
469 , 91.85 , 6
470 , 91.08 , 6
471 , 91.34 , 6
Going to Extension Temperature
472 , 91.08 , 6
473 , 88.27 , 6
474 , 83.68 , 6
475 , 78.58 , 6
476 , 73.48 , 6
477 , 69.14 , 6
478 , 65.31 , 6
479 , 61.48 , 6
480 , 58.93 , 6
Extending DNA Now
481 , 56.64 , 6
482 , 53.83 , 6
483 , 54.59 , 6
484 , 55.11 , 6
485 , 56.13 , 6
486 , 57.15 , 6
487 , 58.17 , 6
488 , 58.17 , 6
489 , 59.44 , 6
490 , 59.70 , 6
491 , 60.21 , 6
492 , 59.95 , 6
493 , 60.97 , 6
494 , 60.46 , 6
495 , 60.97 , 6
496 , 60.97 , 6
497 , 61.23 , 6
498 , 60.46 , 6
499 , 60.46 , 6
500 , 60.72 , 6
501 , 60.97 , 6
Going to Denaturing Temperature
502 , 61.48 , 7
503 , 64.55 , 7
504 , 66.08 , 7
505 , 67.10 , 7
506 , 68.63 , 7
507 , 70.16 , 7
508 , 71.43 , 7
509 , 72.20 , 7
510 , 73.99 , 7
511 , 75.01 , 7
512 , 76.54 , 7
513 , 78.07 , 7
514 , 79.34 , 7
515 , 80.11 , 7
516 , 81.39 , 7
517 , 82.66 , 7
518 , 83.68 , 7
519 , 84.19 , 7
520 , 84.70 , 7
521 , 85.47 , 7
522 , 86.23 , 7
523 , 86.74 , 7
524 , 87.76 , 7
525 , 87.51 , 7
526 , 88.79 , 7
527 , 89.30 , 7
528 , 90.06 , 7
529 , 90.83 , 7
530 , 91.34 , 7
531 , 92.10 , 7
532 , 91.85 , 7
533 , 93.12 , 7
534 , 93.89 , 7
535 , 94.40 , 7
Denaturing DNA Now
536 , 94.91 , 7
537 , 93.63 , 7
538 , 93.63 , 7
539 , 93.12 , 7
540 , 92.87 , 7
541 , 93.12 , 7
542 , 92.10 , 7
543 , 92.36 , 7
544 , 91.85 , 7
545 , 91.08 , 7
Going to Extension Temperature
546 , 91.34 , 7
547 , 87.51 , 7
548 , 82.66 , 7
549 , 77.81 , 7
550 , 72.71 , 7
551 , 68.63 , 7
552 , 63.78 , 7
553 , 61.48 , 7
554 , 58.42 , 7
Extending DNA Now
555 , 55.62 , 7
556 , 53.32 , 7
557 , 54.08 , 7
558 , 54.59 , 7
559 , 55.62 , 7
560 , 56.89 , 7
561 , 57.91 , 7
562 , 58.68 , 7
563 , 58.93 , 7
564 , 59.70 , 7
565 , 60.21 , 7
566 , 60.46 , 7
567 , 59.95 , 7
568 , 60.72 , 7
569 , 60.72 , 7
570 , 60.72 , 7
571 , 60.46 , 7
572 , 60.72 , 7
573 , 60.72 , 7
574 , 60.46 , 7
575 , 60.72 , 7
Going to Denaturing Temperature
576 , 60.97 , 8
577 , 64.29 , 8
578 , 65.82 , 8
579 , 66.84 , 8
580 , 68.37 , 8
581 , 69.39 , 8
582 , 71.18 , 8
583 , 71.95 , 8
584 , 73.99 , 8
585 , 74.24 , 8
586 , 76.28 , 8
587 , 76.79 , 8
588 , 78.32 , 8
589 , 78.58 , 8
590 , 80.62 , 8
591 , 81.39 , 8
592 , 81.90 , 8
593 , 83.17 , 8
594 , 84.45 , 8
595 , 85.21 , 8
596 , 85.98 , 8
597 , 86.49 , 8
598 , 87.00 , 8
599 , 88.27 , 8
600 , 88.79 , 8
601 , 89.30 , 8
602 , 90.06 , 8
603 , 90.57 , 8
604 , 91.08 , 8
605 , 91.85 , 8
606 , 92.10 , 8
607 , 92.61 , 8
608 , 93.12 , 8
609 , 93.89 , 8
610 , 94.14 , 8
Denaturing DNA Now
611 , 94.65 , 8
612 , 93.63 , 8
613 , 93.12 , 8
614 , 92.61 , 8
615 , 92.36 , 8
616 , 91.85 , 8
617 , 91.34 , 8
618 , 90.83 , 8
619 , 90.57 , 8
620 , 90.06 , 8
Going to Extension Temperature
621 , 89.55 , 8
622 , 86.74 , 8
623 , 82.15 , 8
624 , 77.81 , 8
625 , 72.46 , 8
626 , 68.12 , 8
627 , 64.80 , 8
628 , 60.72 , 8
629 , 57.91 , 8
Extending DNA Now
630 , 55.36 , 8
631 , 53.57 , 8
632 , 54.08 , 8
633 , 54.08 , 8
634 , 55.36 , 8
635 , 56.64 , 8
636 , 57.15 , 8
637 , 57.40 , 8
638 , 58.68 , 8
639 , 58.42 , 8
640 , 59.44 , 8
641 , 59.19 , 8
642 , 59.70 , 8
643 , 59.70 , 8
644 , 59.19 , 8
645 , 59.44 , 8
646 , 59.19 , 8
647 , 59.95 , 8
648 , 59.19 , 8
649 , 59.70 , 8
650 , 59.70 , 8
Going to Denaturing Temperature
651 , 59.95 , 9
652 , 63.53 , 9
653 , 64.55 , 9
654 , 66.08 , 9
655 , 67.35 , 9
656 , 68.63 , 9
657 , 69.90 , 9
658 , 70.92 , 9
659 , 72.20 , 9
660 , 73.48 , 9
661 , 74.24 , 9
662 , 76.03 , 9
663 , 76.79 , 9
664 , 78.58 , 9
665 , 78.83 , 9
666 , 79.85 , 9
667 , 81.13 , 9
668 , 81.90 , 9
669 , 82.41 , 9
670 , 83.68 , 9
671 , 85.21 , 9
672 , 85.72 , 9
673 , 86.49 , 9
674 , 87.00 , 9
675 , 87.51 , 9
676 , 88.53 , 9
677 , 89.04 , 9
678 , 89.81 , 9
679 , 90.32 , 9
680 , 90.83 , 9
681 , 91.08 , 9
682 , 91.59 , 9
683 , 92.10 , 9
684 , 92.61 , 9
685 , 93.12 , 9
686 , 92.87 , 9
687 , 93.89 , 9
688 , 94.65 , 9
Denaturing DNA Now
689 , 94.91 , 9
690 , 93.89 , 9
691 , 93.38 , 9
692 , 92.87 , 9
693 , 92.61 , 9
694 , 92.10 , 9
695 , 92.10 , 9
696 , 91.34 , 9
697 , 90.83 , 9
698 , 90.57 , 9
Going to Extension Temperature
699 , 90.06 , 9
700 , 87.00 , 9
701 , 82.15 , 9
702 , 76.79 , 9
703 , 73.22 , 9
704 , 68.12 , 9
705 , 64.04 , 9
706 , 61.23 , 9
707 , 58.17 , 9
Extending DNA Now
708 , 55.87 , 9
709 , 53.57 , 9
710 , 53.57 , 9
711 , 54.59 , 9
712 , 55.87 , 9
713 , 56.64 , 9
714 , 57.40 , 9
715 , 57.91 , 9
716 , 58.68 , 9
717 , 58.42 , 9
718 , 59.19 , 9
719 , 59.44 , 9
720 , 59.95 , 9
721 , 60.21 , 9
722 , 60.21 , 9
723 , 59.70 , 9
724 , 59.95 , 9
725 , 60.21 , 9
726 , 59.70 , 9
727 , 60.21 , 9
728 , 59.95 , 9
729 , 60.21 , 9
Going to Denaturing Temperature
730 , 60.46 , 10
731 , 63.78 , 10
732 , 65.31 , 10
734 , 66.08 , 10
735 , 68.12 , 10
736 , 69.39 , 10
737 , 70.67 , 10
738 , 71.69 , 10
739 , 72.71 , 10
740 , 73.99 , 10
741 , 75.52 , 10
742 , 76.54 , 10
743 , 76.79 , 10
744 , 78.32 , 10
745 , 79.34 , 10
746 , 80.37 , 10
747 , 81.39 , 10
748 , 81.90 , 10
749 , 82.92 , 10
750 , 83.43 , 10
751 , 83.94 , 10
752 , 84.96 , 10
753 , 85.72 , 10
754 , 86.74 , 10
755 , 87.00 , 10
756 , 88.02 , 10
757 , 88.27 , 10
758 , 89.55 , 10
759 , 90.06 , 10
760 , 90.32 , 10
761 , 91.34 , 10
762 , 92.10 , 10
763 , 92.61 , 10
764 , 93.12 , 10
765 , 93.38 , 10
766 , 93.12 , 10
767 , 94.14 , 10
Denaturing DNA Now
768 , 93.89 , 10
769 , 93.38 , 10
770 , 92.87 , 10
771 , 92.10 , 10
772 , 91.59 , 10
773 , 91.59 , 10
774 , 90.57 , 10
775 , 90.06 , 10
776 , 90.57 , 10
777 , 89.81 , 10
Going to Extension Temperature
778 , 89.55 , 10
779 , 85.98 , 10
780 , 81.90 , 10
781 , 77.30 , 10
782 , 72.20 , 10
783 , 67.86 , 10
784 , 63.53 , 10
785 , 60.72 , 10
786 , 57.91 , 10
Extending DNA Now
787 , 55.36 , 10
788 , 53.32 , 10
789 , 53.57 , 10
790 , 53.83 , 10
791 , 55.87 , 10
792 , 55.87 , 10
793 , 57.40 , 10
794 , 57.66 , 10
795 , 58.42 , 10
796 , 58.68 , 10
797 , 58.93 , 10
798 , 59.19 , 10
799 , 59.44 , 10
800 , 59.70 , 10
801 , 59.95 , 10
802 , 60.21 , 10
803 , 59.95 , 10
804 , 60.21 , 10
805 , 60.21 , 10
806 , 60.21 , 10
807 , 60.21 , 10
Going to Denaturing Temperature
808 , 60.21 , 11
809 , 63.78 , 11
810 , 65.06 , 11
811 , 66.08 , 11
812 , 67.61 , 11
813 , 69.14 , 11
814 , 70.67 , 11
815 , 71.95 , 11
816 , 73.48 , 11
817 , 74.50 , 11
818 , 75.52 , 11
819 , 76.28 , 11
820 , 78.07 , 11
821 , 78.83 , 11
822 , 79.85 , 11
823 , 81.13 , 11
824 , 81.90 , 11
825 , 83.17 , 11
826 , 83.68 , 11
827 , 84.45 , 11
828 , 85.47 , 11
829 , 85.98 , 11
830 , 87.00 , 11
831 , 87.25 , 11
832 , 88.53 , 11
833 , 89.04 , 11
834 , 89.81 , 11
835 , 90.32 , 11
836 , 90.83 , 11
837 , 91.08 , 11
838 , 91.59 , 11
839 , 92.61 , 11
840 , 92.87 , 11
841 , 92.87 , 11
842 , 93.63 , 11
843 , 94.40 , 11
Denaturing DNA Now
844 , 95.16 , 11
845 , 94.14 , 11
846 , 93.63 , 11
847 , 93.38 , 11
848 , 92.87 , 11
849 , 92.10 , 11
850 , 92.10 , 11
851 , 90.83 , 11
852 , 91.08 , 11
853 , 90.57 , 11
Going to Extension Temperature
854 , 90.57 , 11
855 , 87.00 , 11
856 , 82.66 , 11
857 , 77.56 , 11
858 , 72.97 , 11
859 , 68.63 , 11
860 , 64.80 , 11
861 , 61.23 , 11
862 , 57.66 , 11
Extending DNA Now
863 , 55.36 , 11
864 , 53.32 , 11
865 , 54.08 , 11
866 , 54.34 , 11
867 , 55.36 , 11
868 , 56.13 , 11
869 , 57.66 , 11
870 , 57.91 , 11
871 , 58.68 , 11
872 , 58.93 , 11
873 , 59.70 , 11
874 , 59.44 , 11
875 , 59.70 , 11
876 , 59.44 , 11
877 , 59.44 , 11
878 , 59.44 , 11
879 , 59.95 , 11
880 , 59.44 , 11
881 , 59.95 , 11
882 , 60.21 , 11
883 , 59.70 , 11
Going to Denaturing Temperature
884 , 59.95 , 12
885 , 62.76 , 12
886 , 64.80 , 12
887 , 65.82 , 12
888 , 66.59 , 12
889 , 68.12 , 12
890 , 69.90 , 12
891 , 70.67 , 12
892 , 71.95 , 12
893 , 73.22 , 12
894 , 74.50 , 12
895 , 75.52 , 12
896 , 76.54 , 12
897 , 77.81 , 12
898 , 78.83 , 12
899 , 79.60 , 12
900 , 80.11 , 12
901 , 81.13 , 12
902 , 82.15 , 12
903 , 83.17 , 12
904 , 83.68 , 12
905 , 84.19 , 12
906 , 84.96 , 12
907 , 85.72 , 12
908 , 86.49 , 12
909 , 87.25 , 12
910 , 87.25 , 12
911 , 88.27 , 12
912 , 88.27 , 12
913 , 89.30 , 12
914 , 89.55 , 12
915 , 90.57 , 12
916 , 91.34 , 12
917 , 91.59 , 12
918 , 92.10 , 12
919 , 92.61 , 12
920 , 93.12 , 12
921 , 93.38 , 12
922 , 93.89 , 12
923 , 94.65 , 12
Denaturing DNA Now
924 , 94.91 , 12
925 , 93.89 , 12
926 , 93.12 , 12
927 , 92.61 , 12
928 , 91.85 , 12
929 , 92.10 , 12
930 , 91.08 , 12
931 , 90.32 , 12
932 , 90.32 , 12
933 , 90.32 , 12
Going to Extension Temperature
934 , 89.55 , 12
935 , 86.23 , 12
936 , 81.90 , 12
937 , 77.30 , 12
938 , 72.46 , 12
939 , 67.61 , 12
940 , 64.04 , 12
941 , 60.72 , 12
942 , 57.66 , 12
Extending DNA Now
943 , 55.11 , 12
944 , 53.32 , 12
945 , 53.32 , 12
946 , 53.83 , 12
947 , 54.59 , 12
948 , 55.36 , 12
949 , 56.89 , 12
950 , 57.15 , 12
951 , 57.40 , 12
952 , 57.40 , 12
953 , 58.17 , 12
954 , 58.42 , 12
955 , 58.42 , 12
956 , 58.68 , 12
957 , 58.42 , 12
958 , 58.93 , 12
959 , 58.93 , 12
960 , 58.93 , 12
961 , 58.93 , 12
962 , 58.68 , 12
963 , 58.93 , 12
Going to Denaturing Temperature
964 , 58.93 , 13
965 , 61.48 , 13
966 , 63.53 , 13
967 , 64.80 , 13
968 , 65.82 , 13
969 , 67.35 , 13
970 , 68.12 , 13
971 , 69.90 , 13
972 , 70.92 , 13
973 , 72.20 , 13
974 , 73.48 , 13
975 , 74.24 , 13
976 , 75.52 , 13
977 , 76.54 , 13
978 , 77.05 , 13
979 , 78.58 , 13
980 , 79.34 , 13
981 , 80.11 , 13
982 , 80.62 , 13
983 , 81.13 , 13
984 , 82.15 , 13
985 , 82.66 , 13
986 , 83.43 , 13
987 , 84.19 , 13
988 , 84.45 , 13
989 , 85.21 , 13
990 , 86.23 , 13
991 , 86.49 , 13
992 , 87.00 , 13
993 , 87.76 , 13
994 , 88.02 , 13
995 , 88.53 , 13
996 , 88.79 , 13
997 , 89.55 , 13
998 , 89.30 , 13
999 , 89.81 , 13
1000 , 90.32 , 13
1001 , 91.59 , 13
1002 , 91.85 , 13
1003 , 91.34 , 13
1004 , 92.10 , 13
1005 , 92.61 , 13
1006 , 92.61 , 13
1007 , 92.87 , 13
1008 , 92.87 , 13
1009 , 93.12 , 13
1010 , 93.63 , 13
1011 , 93.63 , 13
1012 , 93.89 , 13
1013 , 94.14 , 13
Denaturing DNA Now
1014 , 94.14 , 13
1015 , 93.12 , 13
1016 , 92.87 , 13
1017 , 92.36 , 13
1018 , 91.34 , 13
1019 , 91.08 , 13
1020 , 91.08 , 13
1021 , 90.83 , 13
1022 , 89.81 , 13
1023 , 89.04 , 13
Going to Extension Temperature
1024 , 89.30 , 13
1025 , 85.72 , 13
1026 , 81.64 , 13
1027 , 76.79 , 13
1028 , 71.69 , 13
1029 , 67.61 , 13
1030 , 63.53 , 13
1031 , 60.46 , 13
1032 , 57.66 , 13
Extending DNA Now
1033 , 54.85 , 13
1034 , 52.81 , 13
1035 , 53.32 , 13
1036 , 53.83 , 13
1037 , 54.85 , 13
1038 , 55.87 , 13
1039 , 56.89 , 13
1040 , 57.40 , 13
1041 , 57.40 , 13
1042 , 58.17 , 13
1043 , 58.42 , 13
1044 , 58.68 , 13
1045 , 58.68 , 13
1046 , 58.42 , 13
1047 , 59.19 , 13
1048 , 59.70 , 13
1049 , 59.44 , 13
1050 , 59.19 , 13
1051 , 59.19 , 13
1052 , 59.19 , 13
1053 , 59.44 , 13
Going to Denaturing Temperature
1054 , 59.44 , 14
1055 , 63.01 , 14
1056 , 64.29 , 14
1057 , 65.82 , 14
1058 , 67.35 , 14
1059 , 67.61 , 14
1060 , 69.14 , 14
1061 , 69.90 , 14
1062 , 71.18 , 14
1063 , 73.22 , 14
1064 , 73.73 , 14
1065 , 75.26 , 14
1066 , 76.03 , 14
1067 , 77.05 , 14
1068 , 77.81 , 14
1069 , 79.09 , 14
1070 , 79.85 , 14
1071 , 81.13 , 14
1072 , 82.15 , 14
1073 , 82.66 , 14
1074 , 83.43 , 14
1075 , 84.19 , 14
1076 , 84.96 , 14
1077 , 85.21 , 14
1078 , 86.23 , 14
1079 , 86.49 , 14
1080 , 87.00 , 14
1081 , 87.25 , 14
1082 , 88.02 , 14
1083 , 89.04 , 14
1084 , 89.55 , 14
1085 , 89.55 , 14
1086 , 89.81 , 14
1087 , 90.32 , 14
1088 , 90.57 , 14
1089 , 91.34 , 14
1090 , 91.85 , 14
1091 , 92.10 , 14
1092 , 92.10 , 14
1093 , 93.12 , 14
1094 , 92.87 , 14
1095 , 93.38 , 14
1096 , 93.63 , 14
1097 , 93.89 , 14
1098 , 94.14 , 14
Denaturing DNA Now
1099 , 94.65 , 14
1100 , 93.12 , 14
1101 , 92.61 , 14
1102 , 92.61 , 14
1103 , 92.10 , 14
1104 , 91.85 , 14
1105 , 91.59 , 14
1106 , 90.57 , 14
1107 , 90.32 , 14
1108 , 89.30 , 14
Going to Extension Temperature
1109 , 89.30 , 14
1110 , 85.72 , 14
1111 , 81.90 , 14
1112 , 77.05 , 14
1113 , 71.69 , 14
1114 , 67.61 , 14
1115 , 63.27 , 14
1116 , 59.95 , 14
Extending DNA Now
1117 , 57.40 , 14
1118 , 55.62 , 14
1119 , 55.36 , 14
1120 , 56.13 , 14
1121 , 56.89 , 14
1122 , 57.66 , 14
1123 , 58.68 , 14
1124 , 58.93 , 14
1125 , 59.44 , 14
1126 , 59.95 , 14
1127 , 59.44 , 14
1128 , 59.95 , 14
1129 , 60.46 , 14
1130 , 60.46 , 14
1131 , 60.46 , 14
1132 , 60.72 , 14
1133 , 60.46 , 14
1134 , 60.46 , 14
1135 , 60.46 , 14
1136 , 60.72 , 14
1137 , 60.46 , 14
Going to Denaturing Temperature
1138 , 60.21 , 15
1139 , 63.01 , 15
1140 , 65.31 , 15
1141 , 66.33 , 15
1142 , 67.61 , 15
1143 , 68.88 , 15
1144 , 69.90 , 15
1145 , 71.43 , 15
1146 , 72.71 , 15
1147 , 73.48 , 15
1148 , 74.50 , 15
1149 , 75.77 , 15
1150 , 76.03 , 15
1151 , 77.30 , 15
1152 , 77.81 , 15
1153 , 79.09 , 15
1154 , 79.85 , 15
1155 , 80.88 , 15
1156 , 81.64 , 15
1157 , 82.66 , 15
1158 , 83.43 , 15
1159 , 84.45 , 15
1160 , 84.19 , 15
1161 , 85.72 , 15
1162 , 86.49 , 15
1163 , 87.25 , 15
1164 , 87.76 , 15
1165 , 88.27 , 15
1166 , 88.53 , 15
1167 , 88.53 , 15
1168 , 89.30 , 15
1169 , 89.30 , 15
1170 , 90.06 , 15
1171 , 90.06 , 15
1172 , 91.08 , 15
1173 , 91.59 , 15
1174 , 91.85 , 15
1175 , 91.59 , 15
1176 , 92.36 , 15
1177 , 92.10 , 15
1178 , 92.61 , 15
1179 , 93.12 , 15
1180 , 92.61 , 15
1181 , 93.12 , 15
1182 , 93.38 , 15
1183 , 94.14 , 15
Denaturing DNA Now
1184 , 94.40 , 15
1185 , 93.12 , 15
1186 , 92.87 , 15
1187 , 92.10 , 15
1188 , 91.08 , 15
1189 , 91.08 , 15
1190 , 90.57 , 15
1191 , 90.57 , 15
1192 , 89.81 , 15
1193 , 89.55 , 15
Going to Extension Temperature
1194 , 88.79 , 15
1195 , 85.21 , 15
1196 , 81.13 , 15
1197 , 75.77 , 15
1198 , 71.69 , 15
1199 , 67.10 , 15
1200 , 63.01 , 15
1201 , 60.21 , 15
1202 , 57.15 , 15
Extending DNA Now
1203 , 54.85 , 15
1204 , 52.55 , 15
1205 , 53.06 , 15
1206 , 53.06 , 15
1207 , 54.85 , 15
1208 , 55.87 , 15
1209 , 56.64 , 15
1210 , 56.38 , 15
1211 , 57.91 , 15
1212 , 57.91 , 15
1213 , 58.42 , 15
1214 , 58.68 , 15
1215 , 58.93 , 15
1216 , 58.93 , 15
1217 , 58.93 , 15
1218 , 58.93 , 15
1219 , 58.93 , 15
1220 , 59.44 , 15
1221 , 58.68 , 15
1222 , 58.68 , 15
1223 , 59.19 , 15
Going to Denaturing Temperature
1224 , 59.19 , 16
1225 , 62.25 , 16
1226 , 64.04 , 16
1227 , 65.57 , 16
1228 , 66.84 , 16
1229 , 68.37 , 16
1230 , 69.65 , 16
1231 , 70.67 , 16
1232 , 71.43 , 16
1233 , 73.22 , 16
1234 , 73.99 , 16
1235 , 75.52 , 16
1236 , 76.54 , 16
1237 , 77.30 , 16
1238 , 78.07 , 16
1239 , 78.58 , 16
1240 , 79.60 , 16
1241 , 80.11 , 16
1242 , 81.13 , 16
1243 , 82.15 , 16
1244 , 82.15 , 16
1245 , 83.43 , 16
1246 , 84.19 , 16
1247 , 84.70 , 16
1248 , 84.70 , 16
1249 , 85.98 , 16
1250 , 87.00 , 16
1251 , 86.74 , 16
1252 , 87.51 , 16
1253 , 87.76 , 16
1254 , 88.27 , 16
1255 , 89.04 , 16
1256 , 89.04 , 16
1257 , 89.04 , 16
1258 , 90.06 , 16
1259 , 90.57 , 16
1260 , 91.34 , 16
1261 , 90.83 , 16
1262 , 91.59 , 16
1263 , 92.36 , 16
1264 , 92.61 , 16
1265 , 92.36 , 16
1266 , 92.87 , 16
1267 , 93.38 , 16
1268 , 93.63 , 16
1269 , 93.12 , 16
1270 , 93.89 , 16
1271 , 94.14 , 16
Denaturing DNA Now
1272 , 93.63 , 16
1273 , 92.36 , 16
1274 , 92.10 , 16
1275 , 91.34 , 16
1276 , 91.08 , 16
1277 , 90.57 , 16
1278 , 89.81 , 16
1279 , 89.81 , 16
1280 , 89.30 , 16
1281 , 88.79 , 16
Going to Extension Temperature
1282 , 88.53 , 16
1283 , 84.70 , 16
1284 , 81.13 , 16
1285 , 76.03 , 16
1286 , 71.18 , 16
1287 , 67.10 , 16
1288 , 62.76 , 16
1289 , 59.44 , 16
Extending DNA Now
1290 , 57.40 , 16
1291 , 55.11 , 16
1292 , 55.11 , 16
1293 , 55.36 , 16
1294 , 55.87 , 16
1295 , 57.40 , 16
1296 , 57.40 , 16
1297 , 58.42 , 16
1298 , 59.44 , 16
1299 , 58.68 , 16
1300 , 59.70 , 16
1301 , 59.19 , 16
1302 , 59.70 , 16
1303 , 59.95 , 16
1304 , 59.95 , 16
1305 , 59.95 , 16
1306 , 59.95 , 16
1307 , 60.21 , 16
1308 , 59.44 , 16
1309 , 60.21 , 16
1310 , 59.95 , 16
1311 , 60.21 , 16
Going to Denaturing Temperature
1312 , 60.46 , 17
1313 , 63.53 , 17
1314 , 65.57 , 17
1315 , 66.84 , 17
1316 , 67.86 , 17
1317 , 69.14 , 17
1318 , 69.39 , 17
1319 , 70.41 , 17
1320 , 71.69 , 17
1321 , 72.97 , 17
1322 , 73.99 , 17
1323 , 75.01 , 17
1324 , 75.77 , 17
1325 , 76.79 , 17
1326 , 78.07 , 17
1327 , 78.32 , 17
1328 , 79.34 , 17
1329 , 80.11 , 17
1330 , 80.88 , 17
1331 , 81.13 , 17
1332 , 82.15 , 17
1333 , 82.15 , 17
1334 , 83.43 , 17
1335 , 84.19 , 17
1336 , 84.70 , 17
1337 , 84.45 , 17
1338 , 86.23 , 17
1339 , 87.00 , 17
1340 , 87.00 , 17
1341 , 87.25 , 17
1342 , 88.02 , 17
1343 , 88.53 , 17
1344 , 89.30 , 17
1345 , 89.55 , 17
1346 , 89.81 , 17
1347 , 89.81 , 17
1348 , 90.57 , 17
1349 , 91.34 , 17
1350 , 91.34 , 17
1351 , 91.59 , 17
1352 , 92.10 , 17
1353 , 91.85 , 17
1354 , 92.87 , 17
1355 , 92.87 , 17
1356 , 93.38 , 17
1357 , 93.89 , 17
1358 , 93.63 , 17
1359 , 94.40 , 17
Denaturing DNA Now
1360 , 94.14 , 17
1361 , 93.12 , 17
1362 , 92.36 , 17
1363 , 91.59 , 17
1364 , 90.83 , 17
1365 , 90.83 , 17
1366 , 90.06 , 17
1367 , 89.81 , 17
1368 , 90.06 , 17
1369 , 88.79 , 17
Going to Extension Temperature
1370 , 89.04 , 17
1371 , 85.98 , 17
1372 , 81.64 , 17
1373 , 76.54 , 17
1374 , 72.20 , 17
1375 , 67.10 , 17
1376 , 63.78 , 17
1377 , 60.72 , 17
1378 , 57.91 , 17
Extending DNA Now
1379 , 54.85 , 17
1380 , 53.06 , 17
1381 , 53.57 , 17
1382 , 53.83 , 17
1383 , 54.85 , 17
1384 , 56.13 , 17
1385 , 56.64 , 17
1386 , 57.40 , 17
1387 , 57.40 , 17
1388 , 58.68 , 17
1389 , 58.68 , 17
1390 , 58.68 , 17
1391 , 58.68 , 17
1392 , 59.19 , 17
1393 , 58.93 , 17
1394 , 59.19 , 17
1395 , 58.93 , 17
1396 , 59.19 , 17
1397 , 58.93 , 17
1398 , 58.68 , 17
1399 , 58.68 , 17
Going to Denaturing Temperature
1400 , 58.68 , 18
1401 , 61.74 , 18
1402 , 63.78 , 18
1403 , 64.80 , 18
1404 , 66.08 , 18
1405 , 67.10 , 18
1406 , 67.86 , 18
1407 , 69.65 , 18
1408 , 70.67 , 18
1409 , 71.43 , 18
1410 , 72.71 , 18
1411 , 73.48 , 18
1412 , 74.24 , 18
1413 , 75.01 , 18
1414 , 76.03 , 18
1415 , 76.79 , 18
1416 , 77.56 , 18
1417 , 78.83 , 18
1418 , 79.34 , 18
1419 , 79.85 , 18
1420 , 80.37 , 18
1421 , 81.39 , 18
1422 , 81.13 , 18
1423 , 82.41 , 18
1424 , 82.66 , 18
1425 , 83.94 , 18
1426 , 84.70 , 18
1427 , 84.45 , 18
1428 , 85.47 , 18
1429 , 86.23 , 18
1430 , 87.00 , 18
1431 , 87.25 , 18
1432 , 87.76 , 18
1433 , 87.76 , 18
1434 , 88.79 , 18
1435 , 88.53 , 18
1436 , 89.04 , 18
1437 , 89.55 , 18
1438 , 90.06 , 18
1439 , 90.57 , 18
1440 , 90.57 , 18
1441 , 90.83 , 18
1442 , 91.59 , 18
1443 , 91.85 , 18
1444 , 92.36 , 18
1445 , 92.61 , 18
1446 , 93.12 , 18
1447 , 93.12 , 18
1448 , 93.38 , 18
1449 , 93.63 , 18
1450 , 93.63 , 18
1451 , 93.89 , 18
1452 , 94.14 , 18
Denaturing DNA Now
1453 , 94.14 , 18
1454 , 93.12 , 18
1455 , 91.85 , 18
1456 , 92.10 , 18
1457 , 90.83 , 18
1458 , 91.08 , 18
1459 , 90.57 , 18
1460 , 89.81 , 18
1461 , 89.55 , 18
1462 , 89.30 , 18
Going to Extension Temperature
1463 , 88.79 , 18
1464 , 85.72 , 18
1465 , 81.39 , 18
1466 , 76.28 , 18
1467 , 71.43 , 18
1468 , 66.59 , 18
1469 , 63.53 , 18
1470 , 60.46 , 18
1471 , 57.40 , 18
Extending DNA Now
1472 , 55.11 , 18
1473 , 52.55 , 18
1474 , 53.06 , 18
1475 , 53.83 , 18
1476 , 54.85 , 18
1477 , 55.36 , 18
1478 , 56.13 , 18
1479 , 56.89 , 18
1480 , 57.40 , 18
1481 , 57.15 , 18
1482 , 57.40 , 18
1483 , 57.66 , 18
1484 , 57.91 , 18
1485 , 58.17 , 18
1486 , 58.68 , 18
1487 , 58.42 , 18
1488 , 58.42 , 18
1489 , 58.68 , 18
1490 , 58.17 , 18
1491 , 58.42 , 18
1492 , 58.42 , 18
Going to Denaturing Temperature
1493 , 58.68 , 19
1494 , 62.25 , 19
1495 , 63.27 , 19
1496 , 65.57 , 19
1497 , 66.33 , 19
1498 , 67.86 , 19
1499 , 69.14 , 19
1500 , 70.41 , 19
1501 , 71.69 , 19
1502 , 72.71 , 19
1503 , 73.73 , 19
1504 , 75.01 , 19
1505 , 75.26 , 19
1506 , 76.54 , 19
1507 , 78.07 , 19
1508 , 79.09 , 19
1509 , 79.85 , 19
1511 , 80.62 , 19
1512 , 82.15 , 19
1513 , 82.15 , 19
1514 , 83.17 , 19
1515 , 83.68 , 19
1516 , 84.70 , 19
1517 , 85.72 , 19
1518 , 86.23 , 19
1519 , 87.00 , 19
1520 , 87.51 , 19
1521 , 88.27 , 19
1522 , 88.79 , 19
1523 , 88.79 , 19
1524 , 89.55 , 19
1525 , 89.81 , 19
1526 , 90.32 , 19
1527 , 90.57 , 19
1528 , 91.08 , 19
1529 , 91.59 , 19
1530 , 91.85 , 19
1531 , 92.61 , 19
1532 , 92.87 , 19
1533 , 93.12 , 19
1534 , 93.63 , 19
1535 , 93.38 , 19
1536 , 94.65 , 19
Denaturing DNA Now
1537 , 94.40 , 19
1538 , 93.38 , 19
1539 , 92.61 , 19
1540 , 92.36 , 19
1541 , 91.85 , 19
1542 , 91.34 , 19
1543 , 90.83 , 19
1544 , 90.32 , 19
1545 , 89.81 , 19
1546 , 89.55 , 19
Going to Extension Temperature
1547 , 89.04 , 19
1548 , 85.47 , 19
1549 , 81.39 , 19
1550 , 76.28 , 19
1551 , 71.69 , 19
1552 , 67.10 , 19
1553 , 63.27 , 19
1554 , 60.21 , 19
1555 , 57.15 , 19
Extending DNA Now
1556 , 54.59 , 19
1557 , 52.30 , 19
1558 , 53.32 , 19
1559 , 53.83 , 19
1560 , 54.59 , 19
1561 , 54.59 , 19
1562 , 56.13 , 19
1563 , 56.64 , 19
1564 , 57.15 , 19
1565 , 57.66 , 19
1566 , 58.17 , 19
1567 , 58.68 , 19
1568 , 58.68 , 19
1569 , 58.93 , 19
1570 , 59.44 , 19
1571 , 58.93 , 19
1572 , 59.70 , 19
1573 , 59.44 , 19
1574 , 59.70 , 19
1575 , 59.44 , 19
1576 , 59.19 , 19
Going to Denaturing Temperature
1577 , 59.19 , 20
1578 , 62.76 , 20
1579 , 63.78 , 20
1580 , 65.57 , 20
1581 , 66.84 , 20
1582 , 68.37 , 20
1583 , 69.39 , 20
1584 , 71.43 , 20
1585 , 71.95 , 20
1586 , 72.97 , 20
1587 , 73.73 , 20
1588 , 75.52 , 20
1589 , 75.77 , 20
1590 , 77.56 , 20
1591 , 78.07 , 20
1592 , 79.34 , 20
1593 , 80.11 , 20
1594 , 80.88 , 20
1595 , 81.39 , 20
1596 , 82.41 , 20
1597 , 82.92 , 20
1598 , 83.43 , 20
1599 , 84.45 , 20
1600 , 85.21 , 20
1601 , 85.72 , 20
1602 , 85.98 , 20
1603 , 86.49 , 20
1604 , 87.51 , 20
1605 , 88.27 , 20
1606 , 88.53 , 20
1607 , 88.79 , 20
1608 , 89.30 , 20
1609 , 90.06 , 20
1610 , 90.57 , 20
1611 , 91.08 , 20
1612 , 91.34 , 20
1613 , 92.10 , 20
1614 , 92.36 , 20
1615 , 92.10 , 20
1616 , 92.61 , 20
1617 , 93.63 , 20
1618 , 93.63 , 20
1619 , 94.40 , 20
Denaturing DNA Now
1620 , 94.14 , 20
1621 , 93.12 , 20
1622 , 92.87 , 20
1623 , 92.10 , 20
1624 , 91.85 , 20
1625 , 91.34 , 20
1626 , 90.57 , 20
1627 , 90.06 , 20
1628 , 90.32 , 20
1629 , 89.81 , 20
Going to Extension Temperature
1630 , 89.30 , 20
1631 , 85.72 , 20
1632 , 81.90 , 20
1633 , 76.28 , 20
1634 , 71.69 , 20
1635 , 67.35 , 20
1636 , 63.27 , 20
1637 , 60.21 , 20
1638 , 57.66 , 20
Extending DNA Now
1639 , 55.11 , 20
1640 , 52.55 , 20
1641 , 52.81 , 20
1642 , 53.32 , 20
1643 , 54.59 , 20
1644 , 55.36 , 20
1645 , 55.87 , 20
1646 , 56.89 , 20
1647 , 57.40 , 20
1648 , 57.40 , 20
1649 , 57.91 , 20
1650 , 57.91 , 20
1651 , 58.42 , 20
1652 , 58.42 , 20
1653 , 58.68 , 20
1654 , 58.93 , 20
1655 , 58.93 , 20
1656 , 58.42 , 20
1657 , 58.93 , 20
1658 , 59.19 , 20
1659 , 58.93 , 20
Going to Denaturing Temperature
1660 , 58.68 , 21
1661 , 62.25 , 21
1662 , 63.78 , 21
1663 , 65.82 , 21
1664 , 66.59 , 21
1665 , 67.61 , 21
1666 , 68.88 , 21
1667 , 69.90 , 21
1668 , 71.43 , 21
1669 , 72.20 , 21
1670 , 73.22 , 21
1671 , 74.50 , 21
1672 , 75.52 , 21
1673 , 75.52 , 21
1674 , 77.05 , 21
1675 , 78.07 , 21
1676 , 78.32 , 21
1677 , 79.60 , 21
1678 , 79.60 , 21
1679 , 80.37 , 21
1680 , 81.64 , 21
1681 , 82.41 , 21
1682 , 82.66 , 21
1683 , 83.43 , 21
1684 , 84.45 , 21
1685 , 84.96 , 21
1686 , 84.96 , 21
1687 , 85.21 , 21
1688 , 86.49 , 21
1689 , 87.25 , 21
1690 , 87.25 , 21
1691 , 88.27 , 21
1692 , 88.79 , 21
1693 , 89.30 , 21
1694 , 89.30 , 21
1695 , 88.79 , 21
1696 , 89.81 , 21
1697 , 90.32 , 21
1698 , 90.32 , 21
1699 , 91.08 , 21
1700 , 91.34 , 21
1701 , 91.59 , 21
1702 , 91.85 , 21
1703 , 92.36 , 21
1704 , 92.61 , 21
1705 , 92.87 , 21
1706 , 92.87 , 21
1707 , 93.38 , 21
1708 , 93.63 , 21
1709 , 93.63 , 21
1710 , 94.40 , 21
Denaturing DNA Now
1711 , 94.65 , 21
1712 , 93.63 , 21
1713 , 92.87 , 21
1714 , 92.36 , 21
1715 , 91.85 , 21
1716 , 91.34 , 21
1717 , 90.83 , 21
1718 , 90.57 , 21
1719 , 89.81 , 21
1720 , 89.81 , 21
Going to Extension Temperature
1721 , 89.04 , 21
1722 , 85.72 , 21
1723 , 81.39 , 21
1724 , 76.54 , 21
1725 , 71.69 , 21
1726 , 67.35 , 21
1727 , 63.53 , 21
1728 , 60.21 , 21
1729 , 57.66 , 21
Extending DNA Now
1730 , 54.85 , 21
1731 , 53.32 , 21
1732 , 53.32 , 21
1733 , 53.57 , 21
1734 , 54.59 , 21
1735 , 55.62 , 21
1736 , 56.13 , 21
1737 , 56.89 , 21
1738 , 57.40 , 21
1739 , 57.66 , 21
1740 , 57.91 , 21
1741 , 58.42 , 21
1742 , 58.17 , 21
1743 , 58.68 , 21
1744 , 58.42 , 21
1745 , 58.68 , 21
1746 , 58.68 , 21
1747 , 58.68 , 21
1748 , 58.17 , 21
1749 , 58.68 , 21
1750 , 58.17 , 21
Going to Denaturing Temperature
1751 , 58.68 , 22
1752 , 61.99 , 22
1753 , 63.53 , 22
1754 , 65.06 , 22
1755 , 66.08 , 22
1756 , 67.61 , 22
1757 , 68.88 , 22
1758 , 70.16 , 22
1759 , 71.18 , 22
1760 , 71.69 , 22
1761 , 72.97 , 22
1762 , 73.22 , 22
1763 , 75.01 , 22
1764 , 76.03 , 22
1765 , 76.54 , 22
1766 , 77.56 , 22
1767 , 78.32 , 22
1768 , 79.09 , 22
1769 , 79.60 , 22
1770 , 80.37 , 22
1771 , 81.13 , 22
1772 , 81.64 , 22
1773 , 82.41 , 22
1774 , 82.92 , 22
1775 , 83.68 , 22
1776 , 84.45 , 22
1777 , 84.70 , 22
1778 , 85.21 , 22
1779 , 85.98 , 22
1780 , 86.23 , 22
1781 , 87.00 , 22
1782 , 87.00 , 22
1783 , 87.25 , 22
1784 , 87.76 , 22
1785 , 88.02 , 22
1786 , 88.53 , 22
1787 , 88.79 , 22
1788 , 88.53 , 22
1789 , 89.30 , 22
1790 , 89.55 , 22
1791 , 89.81 , 22
1792 , 90.32 , 22
1793 , 90.32 , 22
1794 , 90.57 , 22
1795 , 90.83 , 22
1796 , 91.34 , 22
1797 , 91.59 , 22
1798 , 91.85 , 22
1799 , 92.10 , 22
1800 , 92.10 , 22
1801 , 92.10 , 22
1802 , 92.36 , 22
1803 , 92.36 , 22
1804 , 92.87 , 22
1805 , 92.61 , 22
1806 , 92.87 , 22
1807 , 93.12 , 22
1808 , 93.38 , 22
1809 , 93.63 , 22
1810 , 93.89 , 22
1811 , 94.65 , 22
Denaturing DNA Now
1812 , 94.65 , 22
1813 , 92.87 , 22
1814 , 92.36 , 22
1815 , 92.36 , 22
1816 , 91.85 , 22
1817 , 91.08 , 22
1818 , 90.83 , 22
1819 , 90.32 , 22
1820 , 90.32 , 22
1821 , 89.55 , 22
Going to Extension Temperature
1822 , 89.04 , 22
1823 , 85.21 , 22
1824 , 81.39 , 22
1825 , 76.54 , 22
1826 , 71.69 , 22
1827 , 66.59 , 22
1828 , 63.53 , 22
1829 , 59.70 , 22
Extending DNA Now
1830 , 57.15 , 22
1831 , 55.36 , 22
1832 , 55.11 , 22
1833 , 55.36 , 22
1834 , 56.38 , 22
1835 , 56.89 , 22
1836 , 57.91 , 22
1837 , 58.42 , 22
1838 , 59.19 , 22
1839 , 58.93 , 22
1840 , 59.44 , 22
1841 , 59.95 , 22
1842 , 59.95 , 22
1843 , 59.95 , 22
1844 , 59.95 , 22
1845 , 60.72 , 22
1846 , 60.46 , 22
1847 , 59.95 , 22
1848 , 60.72 , 22
1849 , 60.46 , 22
1850 , 59.95 , 22
Going to Denaturing Temperature
1851 , 60.21 , 23
1852 , 63.78 , 23
1853 , 65.57 , 23
1854 , 66.84 , 23
1855 , 68.12 , 23
1856 , 68.63 , 23
1857 , 70.41 , 23
1858 , 71.43 , 23
1859 , 72.46 , 23
1860 , 73.73 , 23
1861 , 75.01 , 23
1862 , 75.77 , 23
1863 , 76.54 , 23
1864 , 77.81 , 23
1865 , 78.83 , 23
1866 , 79.85 , 23
1867 , 80.88 , 23
1868 , 81.64 , 23
1869 , 82.15 , 23
1870 , 82.92 , 23
1871 , 83.94 , 23
1872 , 84.96 , 23
1873 , 84.96 , 23
1874 , 85.98 , 23
1875 , 87.00 , 23
1876 , 87.51 , 23
1877 , 88.02 , 23
1878 , 88.27 , 23
1879 , 89.04 , 23
1880 , 89.81 , 23
1881 , 89.81 , 23
1882 , 90.57 , 23
1883 , 91.08 , 23
1884 , 91.85 , 23
1885 , 91.59 , 23
1886 , 92.36 , 23
1887 , 92.10 , 23
1888 , 92.61 , 23
1889 , 92.87 , 23
1890 , 93.12 , 23
1891 , 93.38 , 23
1892 , 93.89 , 23
1893 , 94.40 , 23
Denaturing DNA Now
1894 , 94.40 , 23
1895 , 93.38 , 23
1896 , 92.61 , 23
1897 , 91.85 , 23
1898 , 92.10 , 23
1899 , 91.59 , 23
1900 , 90.57 , 23
1901 , 90.83 , 23
1902 , 90.32 , 23
1903 , 89.81 , 23
Going to Extension Temperature
1904 , 89.55 , 23
1905 , 85.47 , 23
1906 , 81.90 , 23
1907 , 77.05 , 23
1908 , 71.95 , 23
1909 , 67.10 , 23
1910 , 63.78 , 23
1911 , 60.46 , 23
1912 , 57.15 , 23
Extending DNA Now
1913 , 54.85 , 23
1914 , 53.06 , 23
1915 , 53.06 , 23
1916 , 53.32 , 23
1917 , 54.59 , 23
1918 , 55.62 , 23
1919 , 55.62 , 23
1920 , 56.38 , 23
1921 , 57.66 , 23
1922 , 57.91 , 23
1923 , 58.17 , 23
1924 , 58.42 , 23
1925 , 58.68 , 23
1926 , 58.93 , 23
1927 , 58.93 , 23
1928 , 59.19 , 23
1929 , 59.19 , 23
1930 , 59.19 , 23
1931 , 59.19 , 23
1932 , 58.68 , 23
1933 , 59.19 , 23
Going to Denaturing Temperature
1934 , 58.68 , 24
1935 , 63.01 , 24
1936 , 64.80 , 24
1937 , 65.82 , 24
1938 , 67.10 , 24
1939 , 68.12 , 24
1940 , 69.90 , 24
1941 , 70.67 , 24
1942 , 71.69 , 24
1943 , 73.22 , 24
1944 , 73.99 , 24
1945 , 75.01 , 24
1946 , 76.03 , 24
1947 , 76.54 , 24
1948 , 78.07 , 24
1949 , 78.83 , 24
1950 , 80.37 , 24
1951 , 80.62 , 24
1952 , 81.64 , 24
1953 , 82.15 , 24
1954 , 82.92 , 24
1955 , 83.17 , 24
1956 , 84.45 , 24
1957 , 84.19 , 24
1958 , 85.72 , 24
1959 , 86.23 , 24
1960 , 85.98 , 24
1961 , 86.74 , 24
1962 , 87.00 , 24
1963 , 87.51 , 24
1964 , 88.27 , 24
1965 , 88.27 , 24
1966 , 89.04 , 24
1967 , 89.55 , 24
1968 , 90.06 , 24
1969 , 90.32 , 24
1970 , 91.08 , 24
1971 , 91.08 , 24
1972 , 91.85 , 24
1973 , 92.10 , 24
1974 , 92.10 , 24
1975 , 92.61 , 24
1976 , 92.61 , 24
1977 , 93.12 , 24
1978 , 93.38 , 24
1979 , 93.38 , 24
1980 , 93.38 , 24
1981 , 93.89 , 24
1982 , 94.65 , 24
Denaturing DNA Now
1983 , 94.65 , 24
1984 , 93.12 , 24
1985 , 92.61 , 24
1986 , 92.61 , 24
1987 , 91.59 , 24
1988 , 90.83 , 24
1989 , 90.32 , 24
1990 , 89.81 , 24
1991 , 89.55 , 24
1992 , 88.53 , 24
Going to Extension Temperature
1993 , 88.79 , 24
1994 , 84.96 , 24
1995 , 81.13 , 24
1996 , 75.77 , 24
1997 , 70.92 , 24
1998 , 66.08 , 24
1999 , 63.01 , 24
2000 , 59.95 , 24
Extending DNA Now
2001 , 56.38 , 24
2002 , 54.59 , 24
2003 , 55.11 , 24
2004 , 55.11 , 24
2005 , 56.13 , 24
2006 , 57.15 , 24
2007 , 57.40 , 24
2008 , 58.17 , 24
2009 , 58.42 , 24
2010 , 58.17 , 24
2011 , 59.19 , 24
2012 , 59.19 , 24
2013 , 59.44 , 24
2014 , 59.95 , 24
2015 , 59.95 , 24
2016 , 59.70 , 24
2017 , 59.70 , 24
2018 , 59.44 , 24
2019 , 59.44 , 24
2020 , 59.95 , 24
2021 , 59.44 , 24
Going to Denaturing Temperature
2022 , 59.19 , 25
2023 , 63.01 , 25
2024 , 65.06 , 25
2025 , 65.82 , 25
2026 , 67.61 , 25
2027 , 68.63 , 25
2028 , 69.39 , 25
2029 , 70.92 , 25
2030 , 72.20 , 25
2031 , 72.97 , 25
2032 , 73.99 , 25
2033 , 75.01 , 25
2034 , 76.03 , 25
2035 , 77.05 , 25
2036 , 77.56 , 25
2037 , 78.58 , 25
2038 , 79.85 , 25
2039 , 79.85 , 25
2040 , 81.13 , 25
2041 , 81.39 , 25
2042 , 82.15 , 25
2043 , 82.66 , 25
2044 , 83.94 , 25
2045 , 83.94 , 25
2046 , 84.70 , 25
2047 , 84.96 , 25
2048 , 85.21 , 25
2049 , 86.23 , 25
2050 , 86.49 , 25
2051 , 87.00 , 25
2052 , 87.25 , 25
2053 , 87.25 , 25
2054 , 88.02 , 25
2055 , 88.27 , 25
2056 , 88.79 , 25
2057 , 89.30 , 25
2058 , 89.81 , 25
2059 , 90.06 , 25
2060 , 89.81 , 25
2061 , 90.06 , 25
2062 , 90.57 , 25
2063 , 90.83 , 25
2064 , 91.34 , 25
2065 , 91.85 , 25
2066 , 91.34 , 25
2067 , 92.36 , 25
2068 , 92.87 , 25
2069 , 93.12 , 25
2070 , 92.61 , 25
2071 , 93.63 , 25
2072 , 93.89 , 25
2073 , 93.38 , 25
2074 , 94.40 , 25
Denaturing DNA Now
2075 , 94.14 , 25
2076 , 92.87 , 25
2077 , 92.36 , 25
2078 , 91.34 , 25
2079 , 91.08 , 25
2080 , 90.32 , 25
2081 , 90.32 , 25
2082 , 90.06 , 25
2083 , 89.81 , 25
2084 , 89.30 , 25
Going to Extension Temperature
2085 , 89.04 , 25
2086 , 84.96 , 25
2087 , 80.11 , 25
2088 , 76.28 , 25
2089 , 71.43 , 25
2090 , 66.84 , 25
2091 , 63.27 , 25
2092 , 59.95 , 25
Extending DNA Now
2093 , 57.15 , 25
2094 , 54.85 , 25
2095 , 54.85 , 25
2096 , 55.62 , 25
2097 , 55.87 , 25
2098 , 57.40 , 25
2099 , 58.17 , 25
2100 , 58.68 , 25
2101 , 58.93 , 25
2102 , 59.44 , 25
2103 , 59.19 , 25
2104 , 59.44 , 25
2105 , 59.19 , 25
2106 , 59.70 , 25
2107 , 59.70 , 25
2108 , 59.70 , 25
2109 , 59.70 , 25
2110 , 59.70 , 25
2111 , 59.70 , 25
2112 , 59.70 , 25
2113 , 59.44 , 25
Going to Denaturing Temperature
2114 , 59.44 , 26
2115 , 62.50 , 26
2116 , 64.55 , 26
2117 , 65.31 , 26
2118 , 66.33 , 26
2119 , 67.35 , 26
2120 , 68.88 , 26
2121 , 69.90 , 26
2122 , 71.43 , 26
2123 , 72.46 , 26
2124 , 73.22 , 26
2125 , 73.99 , 26
2126 , 75.01 , 26
2127 , 76.03 , 26
2128 , 76.79 , 26
2129 , 77.56 , 26
2130 , 77.81 , 26
2131 , 78.58 , 26
2132 , 79.34 , 26
2133 , 79.85 , 26
2134 , 80.88 , 26
2135 , 81.39 , 26
2136 , 81.64 , 26
2137 , 82.66 , 26
2138 , 83.17 , 26
2139 , 83.43 , 26
2140 , 83.68 , 26
2141 , 84.45 , 26
2142 , 84.70 , 26
2143 , 84.96 , 26
2144 , 85.21 , 26
2145 , 85.98 , 26
2146 , 86.74 , 26
2147 , 86.74 , 26
2148 , 86.74 , 26
2149 , 86.74 , 26
2150 , 87.51 , 26
2151 , 87.76 , 26
2152 , 88.02 , 26
2153 , 88.53 , 26
2154 , 88.27 , 26
2155 , 88.79 , 26
2156 , 89.55 , 26
2157 , 89.30 , 26
2158 , 90.06 , 26
2159 , 90.32 , 26
2160 , 90.83 , 26
2161 , 90.83 , 26
2162 , 91.34 , 26
2163 , 91.08 , 26
2164 , 91.85 , 26
2165 , 92.36 , 26
2166 , 91.85 , 26
2167 , 91.85 , 26
2168 , 92.10 , 26
2169 , 91.85 , 26
2170 , 92.87 , 26
2171 , 92.87 , 26
2172 , 93.12 , 26
2173 , 92.87 , 26
2174 , 93.38 , 26
2175 , 93.12 , 26
2176 , 93.63 , 26
2177 , 93.38 , 26
2178 , 93.63 , 26
2179 , 94.40 , 26
Denaturing DNA Now
2180 , 94.40 , 26
2181 , 92.87 , 26
2182 , 92.36 , 26
2183 , 92.10 , 26
2184 , 91.59 , 26
2185 , 91.08 , 26
2186 , 90.57 , 26
2187 , 90.57 , 26
2188 , 89.30 , 26
2189 , 89.04 , 26
Going to Extension Temperature
2190 , 88.53 , 26
2191 , 84.96 , 26
2192 , 80.88 , 26
2193 , 75.77 , 26
2194 , 71.18 , 26
2195 , 66.84 , 26
2196 , 63.01 , 26
2197 , 59.70 , 26
Extending DNA Now
2198 , 56.89 , 26
2199 , 55.11 , 26
2200 , 54.59 , 26
2201 , 55.36 , 26
2202 , 55.87 , 26
2203 , 56.38 , 26
2204 , 57.40 , 26
2205 , 57.91 , 26
2206 , 57.91 , 26
2207 , 58.68 , 26
2208 , 58.93 , 26
2209 , 59.19 , 26
2210 , 59.44 , 26
2211 , 59.44 , 26
2212 , 59.44 , 26
2213 , 59.44 , 26
2214 , 59.44 , 26
2215 , 59.70 , 26
2216 , 59.70 , 26
2217 , 59.95 , 26
2218 , 59.44 , 26
Going to Denaturing Temperature
2219 , 59.44 , 27
2220 , 63.01 , 27
2221 , 64.55 , 27
2222 , 65.82 , 27
2223 , 66.59 , 27
2224 , 67.61 , 27
2225 , 68.63 , 27
2226 , 70.16 , 27
2227 , 71.18 , 27
2228 , 71.95 , 27
2229 , 72.71 , 27
2230 , 73.73 , 27
2231 , 74.75 , 27
2232 , 75.26 , 27
2233 , 76.28 , 27
2234 , 76.79 , 27
2235 , 77.56 , 27
2236 , 78.07 , 27
2237 , 78.83 , 27
2238 , 79.34 , 27
2239 , 80.11 , 27
2240 , 80.62 , 27
2241 , 81.13 , 27
2242 , 82.15 , 27
2243 , 82.41 , 27
2244 , 82.92 , 27
2245 , 83.43 , 27
2246 , 84.19 , 27
2247 , 84.19 , 27
2248 , 84.70 , 27
2249 , 85.72 , 27
2250 , 85.98 , 27
2251 , 86.49 , 27
2252 , 86.23 , 27
2253 , 87.25 , 27
2254 , 87.25 , 27
2255 , 87.51 , 27
2256 , 88.02 , 27
2257 , 88.79 , 27
2258 , 89.04 , 27
2259 , 89.55 , 27
2260 , 89.55 , 27
2261 , 89.81 , 27
2262 , 90.32 , 27
2263 , 90.57 , 27
2264 , 90.32 , 27
2265 , 90.83 , 27
2266 , 90.83 , 27
2267 , 91.34 , 27
2268 , 91.85 , 27
2269 , 91.85 , 27
2270 , 92.36 , 27
2271 , 92.87 , 27
2272 , 92.87 , 27
2273 , 93.12 , 27
2274 , 93.38 , 27
2275 , 92.87 , 27
2276 , 93.63 , 27
2277 , 93.12 , 27
2279 , 93.38 , 27
2280 , 93.12 , 27
2281 , 93.63 , 27
2282 , 93.89 , 27
2283 , 94.40 , 27
Denaturing DNA Now
2284 , 94.14 , 27
2285 , 91.85 , 27
2286 , 91.85 , 27
2287 , 91.34 , 27
2288 , 90.57 , 27
2289 , 90.83 , 27
2290 , 90.32 , 27
2291 , 89.55 , 27
2292 , 89.30 , 27
2293 , 88.27 , 27
Going to Extension Temperature
2294 , 88.02 , 27
2295 , 84.19 , 27
2296 , 80.37 , 27
2297 , 75.52 , 27
2298 , 71.43 , 27
2299 , 66.59 , 27
2300 , 63.01 , 27
2301 , 59.70 , 27
Extending DNA Now
2302 , 56.64 , 27
2303 , 54.34 , 27
2304 , 54.59 , 27
2305 , 54.85 , 27
2306 , 55.62 , 27
2307 , 56.89 , 27
2308 , 57.40 , 27
2309 , 57.91 , 27
2310 , 58.17 , 27
2311 , 59.19 , 27
2312 , 59.19 , 27
2313 , 59.44 , 27
2314 , 58.42 , 27
2315 , 59.70 , 27
2316 , 59.44 , 27
2317 , 59.95 , 27
2318 , 59.70 , 27
2319 , 59.70 , 27
2320 , 59.19 , 27
2321 , 59.19 , 27
2322 , 59.44 , 27
Going to Denaturing Temperature
2323 , 58.93 , 28
2324 , 62.76 , 28
2325 , 64.29 , 28
2326 , 65.57 , 28
2327 , 66.08 , 28
2328 , 67.61 , 28
2329 , 68.88 , 28
2330 , 69.65 , 28
2331 , 70.92 , 28
2332 , 71.69 , 28
2333 , 71.95 , 28
2334 , 73.48 , 28
2335 , 73.99 , 28
2336 , 75.52 , 28
2337 , 75.77 , 28
2338 , 76.79 , 28
2339 , 77.56 , 28
2340 , 77.81 , 28
2341 , 79.09 , 28
2342 , 79.34 , 28
2343 , 79.60 , 28
2344 , 79.85 , 28
2345 , 80.11 , 28
2346 , 81.13 , 28
2347 , 81.90 , 28
2348 , 82.66 , 28
2349 , 83.68 , 28
2350 , 84.45 , 28
2351 , 84.70 , 28
2352 , 85.21 , 28
2353 , 85.72 , 28
2354 , 85.98 , 28
2355 , 86.74 , 28
2356 , 87.25 , 28
2357 , 87.51 , 28
2358 , 88.27 , 28
2359 , 88.53 , 28
2360 , 89.30 , 28
2361 , 89.81 , 28
2362 , 89.81 , 28
2363 , 90.83 , 28
2364 , 91.34 , 28
2365 , 91.59 , 28
2366 , 91.85 , 28
2367 , 92.61 , 28
2368 , 92.87 , 28
2369 , 93.12 , 28
2370 , 93.63 , 28
2371 , 93.89 , 28
2372 , 93.89 , 28
2373 , 94.14 , 28
Denaturing DNA Now
2374 , 94.40 , 28
2375 , 92.61 , 28
2376 , 92.36 , 28
2377 , 91.85 , 28
2378 , 91.34 , 28
2379 , 91.59 , 28
2380 , 90.83 , 28
2381 , 90.83 , 28
2382 , 90.57 , 28
2383 , 89.81 , 28
Going to Extension Temperature
2384 , 89.81 , 28
2385 , 86.23 , 28
2386 , 81.90 , 28
2387 , 77.56 , 28
2388 , 72.20 , 28
2389 , 67.86 , 28
2390 , 64.29 , 28
2391 , 60.72 , 28
2392 , 57.91 , 28
Extending DNA Now
2393 , 54.59 , 28
2394 , 53.32 , 28
2395 , 53.32 , 28
2396 , 53.57 , 28
2397 , 54.59 , 28
2398 , 56.13 , 28
2399 , 55.87 , 28
2400 , 57.40 , 28
2401 , 57.91 , 28
2402 , 58.42 , 28
2403 , 58.68 , 28
2404 , 58.68 , 28
2405 , 58.93 , 28
2406 , 59.19 , 28
2407 , 59.44 , 28
2408 , 59.95 , 28
2409 , 59.44 , 28
2410 , 59.70 , 28
2411 , 59.95 , 28
2412 , 59.70 , 28
2413 , 59.44 , 28
Going to Denaturing Temperature
2414 , 58.93 , 29
2415 , 62.76 , 29
2416 , 64.29 , 29
2417 , 65.82 , 29
2418 , 66.33 , 29
2419 , 68.12 , 29
2420 , 68.88 , 29
2421 , 69.90 , 29
2422 , 71.18 , 29
2423 , 71.43 , 29
2424 , 73.48 , 29
2425 , 73.99 , 29
2426 , 74.75 , 29
2427 , 76.03 , 29
2428 , 77.05 , 29
2429 , 77.81 , 29
2430 , 78.58 , 29
2431 , 79.09 , 29
2432 , 80.11 , 29
2433 , 81.13 , 29
2434 , 81.64 , 29
2435 , 82.66 , 29
2436 , 83.43 , 29
2437 , 83.68 , 29
2438 , 84.70 , 29
2439 , 85.21 , 29
2440 , 85.98 , 29
2441 , 86.23 , 29
2442 , 87.25 , 29
2443 , 87.25 , 29
2444 , 87.51 , 29
2445 , 87.76 , 29
2446 , 88.27 , 29
2447 , 88.79 , 29
2448 , 89.04 , 29
2449 , 89.30 , 29
2450 , 90.32 , 29
2451 , 90.32 , 29
2452 , 90.83 , 29
2453 , 91.08 , 29
2454 , 91.34 , 29
2455 , 91.85 , 29
2456 , 91.59 , 29
2457 , 92.61 , 29
2458 , 92.87 , 29
2459 , 93.38 , 29
2460 , 93.89 , 29
2461 , 93.89 , 29
2462 , 94.14 , 29
Denaturing DNA Now
2463 , 94.65 , 29
2464 , 93.63 , 29
2465 , 93.12 , 29
2466 , 92.36 , 29
2467 , 91.85 , 29
2468 , 91.59 , 29
2469 , 91.08 , 29
2470 , 90.06 , 29
2471 , 90.06 , 29
2472 , 90.06 , 29
Going to Extension Temperature
2473 , 89.30 , 29
2474 , 85.98 , 29
2475 , 81.64 , 29
2476 , 76.54 , 29
2477 , 71.69 , 29
2478 , 67.61 , 29
2479 , 64.04 , 29
2480 , 60.46 , 29
2481 , 57.66 , 29
Extending DNA Now
2482 , 55.11 , 29
2483 , 53.32 , 29
2484 , 52.81 , 29
2485 , 53.83 , 29
2486 , 54.34 , 29
2487 , 55.36 , 29
2488 , 55.36 , 29
2489 , 56.38 , 29
2490 , 56.89 , 29
2491 , 57.15 , 29
2492 , 57.15 , 29
2493 , 57.91 , 29
2494 , 58.17 , 29
2495 , 57.91 , 29
2496 , 58.42 , 29
2497 , 58.17 , 29
2498 , 58.93 , 29
2499 , 58.93 , 29
2500 , 58.68 , 29
2501 , 58.93 , 29
2502 , 58.68 , 29
Going to Denaturing Temperature
2503 , 58.68 , 30
2504 , 61.99 , 30
2505 , 63.01 , 30
2506 , 64.55 , 30
2507 , 66.08 , 30
2508 , 67.35 , 30
2509 , 68.12 , 30
2510 , 69.14 , 30
2511 , 70.41 , 30
2512 , 71.18 , 30
2513 , 71.95 , 30
2514 , 72.97 , 30
2515 , 73.99 , 30
2516 , 75.01 , 30
2517 , 75.52 , 30
2518 , 76.54 , 30
2519 , 77.56 , 30
2520 , 77.81 , 30
2521 , 78.58 , 30
2522 , 79.60 , 30
2523 , 79.85 , 30
2524 , 80.88 , 30
2525 , 81.39 , 30
2526 , 81.90 , 30
2527 , 82.15 , 30
2528 , 82.92 , 30
2529 , 83.68 , 30
2530 , 84.45 , 30
2531 , 84.45 , 30
2532 , 85.21 , 30
2533 , 85.72 , 30
2534 , 85.98 , 30
2535 , 86.74 , 30
2536 , 87.00 , 30
2537 , 87.25 , 30
2538 , 87.51 , 30
2539 , 88.02 , 30
2540 , 88.27 , 30
2541 , 89.30 , 30
2542 , 89.81 , 30
2543 , 89.30 , 30
2544 , 89.55 , 30
2545 , 90.57 , 30
2546 , 90.32 , 30
2547 , 90.32 , 30
2548 , 91.08 , 30
2549 , 91.85 , 30
2550 , 92.36 , 30
2551 , 92.61 , 30
2552 , 92.87 , 30
2553 , 93.12 , 30
2554 , 93.12 , 30
2555 , 93.63 , 30
2556 , 93.89 , 30
2557 , 94.14 , 30
Denaturing DNA Now
2558 , 94.65 , 30
2559 , 93.12 , 30
2560 , 92.36 , 30
2561 , 92.10 , 30
2562 , 91.34 , 30
2563 , 91.08 , 30
2564 , 90.57 , 30
2565 , 90.83 , 30
2566 , 90.06 , 30
2567 , 89.55 , 30
Going to Extension Temperature
2568 , 89.04 , 30
2569 , 85.98 , 30
2570 , 81.64 , 30
2571 , 76.54 , 30
2572 , 71.95 , 30
2573 , 67.35 , 30
2574 , 63.78 , 30
2575 , 60.21 , 30
2576 , 57.15 , 30
Extending DNA Now
2577 , 55.11 , 30
2578 , 52.55 , 30
2579 , 53.32 , 30
2580 , 53.32 , 30
2581 , 54.08 , 30
2582 , 55.36 , 30
2583 , 55.62 , 30
2584 , 56.38 , 30
2585 , 57.40 , 30
2586 , 57.91 , 30
2587 , 58.17 , 30
2588 , 58.42 , 30
2589 , 58.42 , 30
2590 , 58.42 , 30
2591 , 58.68 , 30
2592 , 58.68 , 30
2593 , 58.68 , 30
2594 , 58.93 , 30
2595 , 58.68 , 30
2596 , 58.68 , 30
2597 , 58.42 , 30
Process Ended, GoodBye