0 , 24.23 , 0
1 , 24.23 , 0
2 , 24.23 , 0
3 , 24.23 , 0
4 , 24.23 , 0
5 , 23.98 , 0
6 , 23.98 , 0
7 , 23.72 , 0
8 , 23.98 , 0
9 , 23.72 , 0
10 , 23.98 , 80
11 , 23.72 , 80
12 , 31.38 , 80
13 , 33.93 , 80
14 , 36.22 , 80
15 , 39.03 , 80
16 , 42.60 , 80
17 , 46.94 , 80
18 , 49.75 , 80
19 , 54.34 , 80
20 , 58.17 , 80
21 , 61.99 , 80
22 , 65.31 , 80
23 , 68.12 , 80
24 , 71.69 , 80
25 , 74.24 , 80
26 , 77.05 , 80
27 , 80.37 , 80
28 , 82.15 , 80
29 , 84.19 , 80
30 , 89.04 , 80
31 , 90.57 , 80
32 , 91.59 , 80
33 , 91.59 , 80
34 , 95.42 , 80
35 , 97.72 , 80
36 , 100.01 , 80
37 , 101.29 , 80
38 , 101.80 , 80
39 , 102.31 , 80
40 , 102.56 , 80
41 , 102.82 , 80
42 , 101.80 , 80
43 , 103.07 , 80
44 , 101.29 , 80
45 , 103.33 , 80
46 , 102.56 , 80
47 , 101.80 , 80
48 , 102.31 , 80
49 , 102.82 , 80
50 , 101.80 , 80
51 , 102.56 , 80
52 , 102.31 , 80
53 , 101.29 , 80
54 , 101.29 , 80
55 , 102.56 , 80
56 , 102.05 , 80
57 , 102.82 , 80
58 , 102.82 , 80
59 , 102.31 , 80
60 , 102.82 , 80
61 , 103.07 , 80
62 , 101.80 , 80
63 , 102.05 , 80
64 , 101.80 , 80
65 , 101.80 , 80
66 , 103.07 , 80
67 , 103.84 , 80
68 , 102.31 , 80
69 , 103.58 , 80
70 , 103.07 , 80
71 , 103.33 , 80
72 , 102.56 , 80
73 , 103.07 , 80
74 , 102.56 , 80
75 , 102.56 , 80
76 , 102.56 , 80
77 , 103.33 , 80
78 , 102.56 , 80
79 , 102.31 , 80
80 , 102.05 , 80
81 , 100.78 , 80
82 , 103.07 , 80
83 , 102.05 , 80
84 , 102.82 , 80
85 , 102.31 , 80
86 , 103.07 , 80
87 , 102.05 , 80
88 , 103.33 , 80
89 , 103.07 , 80
90 , 103.07 , 80
91 , 102.05 , 80
92 , 103.33 , 80
93 , 103.84 , 80
94 , 102.05 , 80
95 , 102.31 , 80
96 , 101.03 , 80
97 , 102.82 , 80
98 , 103.84 , 80
99 , 104.86 , 80
100 , 103.84 , 80
101 , 103.07 , 80
102 , 102.31 , 80
103 , 102.56 , 80
104 , 102.56 , 80
105 , 102.56 , 80
106 , 102.56 , 80
107 , 102.31 , 80
108 , 101.80 , 80
109 , 102.82 , 80
110 , 102.82 , 80
111 , 103.33 , 80
112 , 102.31 , 80
113 , 104.35 , 80
114 , 104.35 , 80
115 , 102.56 , 80
116 , 102.82 , 80
117 , 103.84 , 80
118 , 101.54 , 80
119 , 104.09 , 80
120 , 102.82 , 80
121 , 103.84 , 80
122 , 102.05 , 80
123 , 103.07 , 80
124 , 101.03 , 80
125 , 102.31 , 80
126 , 103.58 , 80
127 , 102.82 , 80
128 , 104.35 , 80
129 , 103.07 , 80
130 , 101.80 , 0
131 , 99.76 , 0
132 , 96.44 , 0
133 , 94.65 , 0
134 , 91.59 , 0
135 , 89.55 , 0
136 , 87.25 , 0
137 , 85.21 , 0
138 , 83.43 , 0
139 , 81.64 , 0
140 , 80.37 , 0
141 , 79.09 , 0
142 , 77.56 , 0
143 , 75.77 , 0
144 , 74.50 , 0
145 , 73.22 , 0
146 , 72.20 , 0
147 , 70.67 , 0
148 , 69.39 , 0
149 , 68.37 , 0
150 , 66.59 , 0
151 , 65.57 , 0
152 , 64.55 , 0
153 , 63.27 , 0
154 , 62.50 , 0
155 , 61.48 , 0
156 , 60.72 , 0
157 , 59.44 , 0
158 , 58.68 , 0
159 , 57.40 , 0
160 , 56.64 , 0
161 , 55.87 , 0
162 , 55.11 , 0
163 , 54.08 , 0
164 , 53.57 , 0
165 , 52.81 , 0
166 , 52.04 , 0
167 , 51.02 , 0
168 , 50.51 , 0
169 , 50.26 , 0
170 , 49.49 , 0
171 , 48.73 , 0
172 , 48.22 , 0
173 , 47.45 , 0
174 , 46.69 , 0
175 , 46.43 , 0
176 , 44.90 , 0
177 , 44.39 , 0
178 , 44.64 , 0
179 , 44.13 , 0
180 , 43.37 , 0
181 , 43.11 , 0
182 , 42.60 , 0
183 , 42.35 , 0
184 , 41.58 , 0
185 , 41.33 , 0
186 , 40.82 , 0
187 , 40.31 , 0
188 , 39.80 , 0
189 , 39.29 , 0
190 , 39.54 , 0
191 , 39.03 , 0
192 , 38.78 , 0
193 , 38.27 , 0
194 , 38.01 , 0
195 , 37.50 , 0
196 , 36.48 , 0
197 , 36.99 , 0
198 , 36.73 , 0
199 , 36.48 , 0
200 , 35.46 , 0
201 , 35.71 , 0
202 , 35.46 , 0
203 , 35.20 , 0
204 , 34.95 , 0
205 , 34.69 , 0
206 , 34.18 , 0
207 , 33.93 , 0
208 , 33.67 , 0
209 , 33.16 , 0
210 , 33.16 , 0
211 , 33.16 , 0
212 , 32.91 , 0
213 , 32.40 , 0
214 , 32.40 , 0
215 , 32.14 , 0
216 , 31.38 , 0
217 , 31.63 , 0
218 , 31.38 , 0
219 , 31.12 , 0
220 , 31.12 , 0
221 , 30.87 , 0
222 , 30.36 , 0
223 , 30.36 , 0
224 , 29.85 , 0
225 , 30.10 , 0
226 , 29.34 , 0
227 , 29.34 , 0
228 , 29.59 , 0
229 , 29.34 , 0
230 , 29.34 , 0
231 , 28.82 , 0
232 , 28.82 , 0
233 , 28.31 , 0
234 , 28.06 , 0
235 , 28.31 , 0
236 , 28.06 , 0
237 , 28.06 , 0
238 , 27.80 , 0
239 , 27.80 , 0
240 , 27.29 , 0
241 , 27.55 , 0
242 , 27.04 , 0
243 , 27.29 , 0
244 , 26.02 , 0
245 , 27.04 , 0
246 , 26.53 , 0
247 , 26.78 , 0
248 , 26.78 , 0
249 , 26.78 , 0
250 , 26.02 , 0
