0 , 25.25 , 0
1 , 25.25 , 0
2 , 25.00 , 0
3 , 24.74 , 0
4 , 25.25 , 0
5 , 25.00 , 0
6 , 25.25 , 0
7 , 24.49 , 0
8 , 25.00 , 0
9 , 25.00 , 0
10 , 25.00 , 40
11 , 25.25 , 40
12 , 29.08 , 40
13 , 30.61 , 40
14 , 32.65 , 40
15 , 34.44 , 40
16 , 36.22 , 40
17 , 37.50 , 40
18 , 38.78 , 40
19 , 40.31 , 40
20 , 41.07 , 40
21 , 43.11 , 40
22 , 44.39 , 40
23 , 45.15 , 40
24 , 45.92 , 40
25 , 47.20 , 40
26 , 48.47 , 40
27 , 49.49 , 40
28 , 50.26 , 40
29 , 51.28 , 40
30 , 52.04 , 40
31 , 52.55 , 40
32 , 53.83 , 40
33 , 54.08 , 40
34 , 54.85 , 40
35 , 55.36 , 40
36 , 56.64 , 40
37 , 57.15 , 40
38 , 57.91 , 40
39 , 58.42 , 40
40 , 58.93 , 40
41 , 59.70 , 40
42 , 60.46 , 40
43 , 60.97 , 40
44 , 60.97 , 40
45 , 61.48 , 40
46 , 62.25 , 40
47 , 62.50 , 40
48 , 63.27 , 40
49 , 64.04 , 40
50 , 64.29 , 40
51 , 64.80 , 40
52 , 64.80 , 40
53 , 65.57 , 40
54 , 65.57 , 40
55 , 66.59 , 40
56 , 66.84 , 40
57 , 66.59 , 40
58 , 67.10 , 40
59 , 67.61 , 40
60 , 68.12 , 40
61 , 68.12 , 40
62 , 68.63 , 40
63 , 69.14 , 40
64 , 69.39 , 40
65 , 69.39 , 40
66 , 69.90 , 40
67 , 69.90 , 40
68 , 70.41 , 40
69 , 70.16 , 40
70 , 70.16 , 40
71 , 71.18 , 40
72 , 70.92 , 40
73 , 71.43 , 40
74 , 71.18 , 40
75 , 71.69 , 40
76 , 71.69 , 40
77 , 71.69 , 40
78 , 72.20 , 40
79 , 72.71 , 40
80 , 72.71 , 40
81 , 72.71 , 40
82 , 73.22 , 40
83 , 72.97 , 40
84 , 72.97 , 40
85 , 72.71 , 40
86 , 73.73 , 40
87 , 73.99 , 40
88 , 73.73 , 40
89 , 74.24 , 40
90 , 74.24 , 40
91 , 74.24 , 40
92 , 74.24 , 40
93 , 74.24 , 40
94 , 74.24 , 40
95 , 74.50 , 40
96 , 74.75 , 40
97 , 75.52 , 40
98 , 75.52 , 40
99 , 75.26 , 40
100 , 75.26 , 40
101 , 75.52 , 40
102 , 75.26 , 40
103 , 75.77 , 40
104 , 75.52 , 40
105 , 75.77 , 40
106 , 76.03 , 40
107 , 75.77 , 40
108 , 76.28 , 40
109 , 76.03 , 40
110 , 76.28 , 40
111 , 76.03 , 40
112 , 76.79 , 40
113 , 76.54 , 40
114 , 76.03 , 40
115 , 76.79 , 40
116 , 76.28 , 40
117 , 76.79 , 40
118 , 77.30 , 40
119 , 76.79 , 40
120 , 76.79 , 40
121 , 77.30 , 40
122 , 77.30 , 40
123 , 77.05 , 40
124 , 77.30 , 40
125 , 77.56 , 40
126 , 78.07 , 40
127 , 78.32 , 40
128 , 78.07 , 40
129 , 78.07 , 40
130 , 78.32 , 0
131 , 75.01 , 0
132 , 72.97 , 0
133 , 71.69 , 0
134 , 70.16 , 0
135 , 68.88 , 0
136 , 67.10 , 0
137 , 65.57 , 0
138 , 64.29 , 0
139 , 63.01 , 0
140 , 62.25 , 0
141 , 60.72 , 0
142 , 59.70 , 0
143 , 58.68 , 0
144 , 57.40 , 0
145 , 56.64 , 0
146 , 55.62 , 0
147 , 54.59 , 0
148 , 53.57 , 0
149 , 52.81 , 0
150 , 52.04 , 0
151 , 50.77 , 0
152 , 50.51 , 0
153 , 49.49 , 0
154 , 48.98 , 0
155 , 47.71 , 0
156 , 47.45 , 0
157 , 46.43 , 0
158 , 46.17 , 0
159 , 45.66 , 0
160 , 44.90 , 0
161 , 44.39 , 0
162 , 43.88 , 0
163 , 43.62 , 0
164 , 42.35 , 0
165 , 42.09 , 0
166 , 41.84 , 0
167 , 41.33 , 0
168 , 41.07 , 0
169 , 40.31 , 0
170 , 39.80 , 0
171 , 39.54 , 0
172 , 39.03 , 0
173 , 38.52 , 0
174 , 38.27 , 0
175 , 37.76 , 0
176 , 37.50 , 0
177 , 36.99 , 0
178 , 36.73 , 0
179 , 35.97 , 0
180 , 35.97 , 0
181 , 35.20 , 0
182 , 35.97 , 0
183 , 35.46 , 0
184 , 34.95 , 0
185 , 34.69 , 0
186 , 34.44 , 0
187 , 33.93 , 0
188 , 34.18 , 0
189 , 33.16 , 0
190 , 33.16 , 0
191 , 33.42 , 0
192 , 32.91 , 0
193 , 32.40 , 0
194 , 32.40 , 0
195 , 32.14 , 0
196 , 31.89 , 0
197 , 31.89 , 0
198 , 31.38 , 0
199 , 31.12 , 0
200 , 31.12 , 0
201 , 30.87 , 0
202 , 30.36 , 0
203 , 30.36 , 0
204 , 30.36 , 0
205 , 29.85 , 0
206 , 30.10 , 0
207 , 29.85 , 0
208 , 29.34 , 0
209 , 29.59 , 0
210 , 29.59 , 0
211 , 29.08 , 0
212 , 29.08 , 0
213 , 28.82 , 0
214 , 28.57 , 0
215 , 28.31 , 0
216 , 28.57 , 0
217 , 28.31 , 0
218 , 28.31 , 0
219 , 28.06 , 0
220 , 28.06 , 0
221 , 28.06 , 0
222 , 27.80 , 0
223 , 27.55 , 0
224 , 27.55 , 0
225 , 27.55 , 0
226 , 27.04 , 0
227 , 27.04 , 0
228 , 27.04 , 0
229 , 27.04 , 0
230 , 27.04 , 0
231 , 26.78 , 0
232 , 26.78 , 0
233 , 26.53 , 0
234 , 26.78 , 0
235 , 26.27 , 0
236 , 26.27 , 0
237 , 25.76 , 0
238 , 26.02 , 0
239 , 26.02 , 0
240 , 26.27 , 0
241 , 26.02 , 0
242 , 26.53 , 0
243 , 26.27 , 0
244 , 26.27 , 0
245 , 25.76 , 0
246 , 25.76 , 0
247 , 25.51 , 0
248 , 25.76 , 0
249 , 25.76 , 0
250 , 25.25 , 0

