Please wait for the temperature to reach 95
0 , 25.76 , 0
1 , 34.18 , 0
2 , 43.37 , 0
3 , 38.78 , 0
4 , 35.97 , 0
5 , 36.48 , 0
6 , 38.01 , 0
7 , 39.80 , 0
8 , 41.58 , 0
9 , 44.39 , 0
10 , 46.43 , 0
11 , 50.77 , 0
12 , 52.55 , 0
13 , 53.83 , 0
14 , 55.62 , 0
15 , 57.91 , 0
16 , 59.44 , 0
17 , 60.97 , 0
18 , 62.50 , 0
19 , 64.04 , 0
20 , 65.57 , 0
21 , 67.35 , 0
22 , 68.88 , 0
23 , 70.41 , 0
24 , 71.18 , 0
25 , 72.71 , 0
26 , 73.99 , 0
27 , 75.01 , 0
28 , 76.28 , 0
29 , 77.56 , 0
30 , 77.81 , 0
31 , 78.83 , 0
32 , 79.85 , 0
33 , 81.39 , 0
34 , 82.41 , 0
35 , 83.43 , 0
36 , 84.19 , 0
37 , 84.96 , 0
38 , 85.47 , 0
39 , 86.49 , 0
40 , 87.51 , 0
41 , 87.76 , 0
42 , 88.27 , 0
43 , 89.81 , 0
44 , 89.81 , 0
45 , 90.06 , 0
46 , 91.59 , 0
47 , 91.34 , 0
48 , 92.10 , 0
49 , 92.10 , 0
50 , 93.12 , 0
Temperature has reached 95, please wait 30s for the initial denaturing to complete
51 , 93.63 , 0
52 , 93.89 , 0
53 , 94.40 , 0
54 , 94.14 , 0
55 , 94.65 , 0
56 , 95.16 , 0
57 , 95.42 , 0
58 , 94.91 , 0
59 , 94.91 , 0
60 , 94.91 , 0
61 , 94.40 , 0
62 , 94.65 , 0
63 , 94.40 , 0
64 , 94.40 , 0
65 , 95.16 , 0
66 , 94.91 , 0
67 , 94.65 , 0
68 , 94.40 , 0
69 , 94.91 , 0
70 , 94.65 , 0
71 , 94.91 , 0
Initial Denaturing has completed, Amplification Loop will start now
Going to Denaturing Temperature
Denaturing DNA Now
72 , 94.65 , 1
73 , 95.16 , 1
74 , 94.40 , 1
75 , 94.65 , 1
76 , 94.65 , 1
Going to Extention Temperature
77 , 94.91 , 1
78 , 91.85 , 1
79 , 89.81 , 1
80 , 88.53 , 1
81 , 87.25 , 1
82 , 85.47 , 1
83 , 84.19 , 1
84 , 82.66 , 1
85 , 81.39 , 1
86 , 80.11 , 1
87 , 79.09 , 1
88 , 77.56 , 1
89 , 76.54 , 1
90 , 75.26 , 1
91 , 73.99 , 1
92 , 72.46 , 1
93 , 71.95 , 1
94 , 70.16 , 1
95 , 69.90 , 1
96 , 68.37 , 1
97 , 67.10 , 1
98 , 66.59 , 1
99 , 65.57 , 1
100 , 64.80 , 1
101 , 63.53 , 1
102 , 62.76 , 1
103 , 62.25 , 1
104 , 60.97 , 1
105 , 60.46 , 1
106 , 59.70 , 1
Extending DNA Now
107 , 58.17 , 1
108 , 57.40 , 1
109 , 59.19 , 1
110 , 59.70 , 1
111 , 59.95 , 1
112 , 59.44 , 1
113 , 60.21 , 1
114 , 60.21 , 1
115 , 60.46 , 1
116 , 61.23 , 1
117 , 61.23 , 1
Going to Denaturing Temperature
118 , 61.23 , 2
119 , 64.29 , 2
120 , 65.31 , 2
121 , 66.59 , 2
122 , 68.37 , 2
123 , 69.14 , 2
124 , 71.18 , 2
125 , 73.22 , 2
126 , 73.99 , 2
127 , 76.03 , 2
128 , 77.05 , 2
129 , 78.58 , 2
130 , 80.11 , 2
131 , 81.13 , 2
132 , 82.41 , 2
133 , 83.43 , 2
134 , 83.94 , 2
135 , 85.47 , 2
136 , 86.74 , 2
137 , 88.02 , 2
138 , 88.79 , 2
139 , 89.81 , 2
140 , 90.32 , 2
141 , 91.08 , 2
142 , 91.59 , 2
143 , 92.10 , 2
144 , 92.87 , 2
145 , 93.63 , 2
Denaturing DNA Now
146 , 94.14 , 2
147 , 94.91 , 2
148 , 95.16 , 2
149 , 95.42 , 2
150 , 94.65 , 2
Going to Extention Temperature
151 , 95.42 , 2
152 , 92.36 , 2
153 , 90.06 , 2
154 , 88.53 , 2
155 , 87.00 , 2
156 , 84.96 , 2
157 , 83.68 , 2
158 , 81.64 , 2
159 , 80.11 , 2
160 , 78.32 , 2
161 , 77.05 , 2
162 , 76.28 , 2
163 , 74.50 , 2
164 , 73.48 , 2
165 , 72.46 , 2
166 , 71.18 , 2
167 , 69.39 , 2
168 , 68.63 , 2
169 , 67.10 , 2
170 , 66.84 , 2
171 , 65.82 , 2
172 , 64.80 , 2
173 , 63.78 , 2
174 , 63.27 , 2
175 , 61.74 , 2
176 , 61.48 , 2
177 , 60.72 , 2
178 , 59.95 , 2
Extending DNA Now
179 , 58.93 , 2
180 , 58.17 , 2
181 , 59.95 , 2
182 , 60.21 , 2
183 , 60.46 , 2
184 , 59.95 , 2
185 , 60.46 , 2
186 , 60.97 , 2
187 , 61.23 , 2
188 , 61.48 , 2
189 , 61.74 , 2
Going to Denaturing Temperature
190 , 61.48 , 3
191 , 64.80 , 3
192 , 66.08 , 3
193 , 67.35 , 3
194 , 68.88 , 3
195 , 70.92 , 3
196 , 72.46 , 3
197 , 73.73 , 3
198 , 75.77 , 3
199 , 77.05 , 3
200 , 78.58 , 3
201 , 79.85 , 3
202 , 80.88 , 3
203 , 82.66 , 3
204 , 83.68 , 3
205 , 84.96 , 3
206 , 86.23 , 3
207 , 87.51 , 3
208 , 88.79 , 3
209 , 89.30 , 3
210 , 90.32 , 3
211 , 91.59 , 3
212 , 92.61 , 3
213 , 93.63 , 3
Denaturing DNA Now
214 , 94.65 , 3
215 , 95.16 , 3
216 , 96.18 , 3
217 , 95.93 , 3
218 , 96.18 , 3
219 , 96.44 , 3
Going to Extention Temperature
220 , 97.20 , 3
221 , 93.63 , 3
222 , 92.10 , 3
223 , 90.57 , 3
224 , 89.04 , 3
225 , 87.00 , 3
226 , 85.21 , 3
227 , 83.68 , 3
228 , 82.15 , 3
229 , 81.13 , 3
230 , 79.60 , 3
231 , 78.32 , 3
232 , 76.79 , 3
233 , 75.52 , 3
234 , 74.50 , 3
235 , 73.73 , 3
236 , 72.20 , 3
237 , 70.67 , 3
238 , 70.16 , 3
239 , 68.63 , 3
240 , 67.86 , 3
241 , 66.84 , 3
242 , 65.82 , 3
243 , 64.80 , 3
244 , 63.53 , 3
245 , 63.53 , 3
246 , 62.25 , 3
247 , 61.48 , 3
248 , 60.21 , 3
249 , 59.95 , 3
Extending DNA Now
250 , 59.19 , 3
251 , 58.42 , 3
252 , 59.95 , 3
253 , 60.97 , 3
254 , 61.23 , 3
255 , 60.72 , 3
256 , 60.72 , 3
257 , 60.72 , 3
258 , 60.97 , 3
259 , 60.72 , 3
260 , 61.48 , 3
Going to Denaturing Temperature
261 , 61.48 , 4
262 , 64.55 , 4
263 , 66.08 , 4
264 , 67.35 , 4
265 , 68.88 , 4
266 , 71.43 , 4
267 , 72.46 , 4
268 , 73.48 , 4
269 , 76.28 , 4
270 , 77.56 , 4
271 , 79.34 , 4
272 , 79.85 , 4
273 , 80.88 , 4
274 , 82.92 , 4
275 , 83.68 , 4
276 , 85.21 , 4
277 , 86.49 , 4
278 , 87.25 , 4
279 , 88.53 , 4
280 , 90.06 , 4
281 , 91.34 , 4
282 , 91.59 , 4
283 , 93.38 , 4
Denaturing DNA Now
284 , 95.16 , 4
285 , 96.69 , 4
286 , 96.18 , 4
287 , 96.95 , 4
288 , 96.95 , 4
Going to Extention Temperature
289 , 96.69 , 4
290 , 91.08 , 4
291 , 88.53 , 4
292 , 87.00 , 4
293 , 85.72 , 4
294 , 84.45 , 4
295 , 82.92 , 4
296 , 81.13 , 4
297 , 79.85 , 4
298 , 78.32 , 4
299 , 77.05 , 4
300 , 75.26 , 4
301 , 73.99 , 4
302 , 72.97 , 4
303 , 71.43 , 4
304 , 70.16 , 4
305 , 68.37 , 4
306 , 68.12 , 4
307 , 67.10 , 4
308 , 66.08 , 4
309 , 65.06 , 4
310 , 64.04 , 4
311 , 63.27 , 4
312 , 61.74 , 4
313 , 61.23 , 4
314 , 60.46 , 4
315 , 59.44 , 4
Extending DNA Now
316 , 58.93 , 4
317 , 58.17 , 4
318 , 59.70 , 4
319 , 59.70 , 4
320 , 60.21 , 4
321 , 59.44 , 4
322 , 59.44 , 4
323 , 59.95 , 4
324 , 60.72 , 4
325 , 60.72 , 4
326 , 60.97 , 4
Going to Denaturing Temperature
327 , 61.48 , 5
328 , 63.53 , 5
329 , 64.29 , 5
330 , 66.33 , 5
331 , 67.86 , 5
332 , 69.90 , 5
333 , 71.43 , 5
334 , 72.97 , 5
335 , 74.50 , 5
336 , 75.77 , 5
337 , 77.81 , 5
338 , 79.09 , 5
339 , 80.62 , 5
340 , 81.90 , 5
341 , 83.17 , 5
342 , 84.70 , 5
343 , 85.72 , 5
344 , 86.49 , 5
345 , 88.53 , 5
346 , 89.30 , 5
347 , 89.55 , 5
348 , 90.57 , 5
349 , 92.36 , 5
350 , 92.61 , 5
351 , 93.63 , 5
Denaturing DNA Now
352 , 94.65 , 5
353 , 95.67 , 5
354 , 95.93 , 5
355 , 95.42 , 5
356 , 96.18 , 5
357 , 96.18 , 5
Going to Extention Temperature
358 , 95.67 , 5
359 , 92.87 , 5
360 , 90.83 , 5
361 , 89.04 , 5
362 , 88.02 , 5
363 , 85.98 , 5
364 , 84.19 , 5
365 , 82.66 , 5
366 , 81.64 , 5
367 , 79.60 , 5
368 , 78.07 , 5
369 , 77.05 , 5
370 , 75.77 , 5
371 , 74.24 , 5
372 , 72.46 , 5
373 , 71.69 , 5
374 , 70.67 , 5
375 , 68.88 , 5
376 , 68.12 , 5
377 , 67.35 , 5
378 , 65.31 , 5
379 , 65.31 , 5
380 , 64.04 , 5
381 , 63.53 , 5
382 , 62.76 , 5
383 , 61.48 , 5
384 , 60.46 , 5
385 , 59.95 , 5
Extending DNA Now
386 , 59.19 , 5
387 , 58.42 , 5
388 , 60.21 , 5
389 , 60.46 , 5
390 , 60.21 , 5
391 , 59.95 , 5
392 , 59.95 , 5
393 , 60.46 , 5
394 , 59.95 , 5
395 , 61.23 , 5
396 , 61.48 , 5
397 , 60.72 , 5
Going to Denaturing Temperature
398 , 61.48 , 6
399 , 63.78 , 6
400 , 65.06 , 6
401 , 66.59 , 6
402 , 68.37 , 6
403 , 70.16 , 6
404 , 71.69 , 6
405 , 73.22 , 6
406 , 74.50 , 6
407 , 75.77 , 6
408 , 77.56 , 6
409 , 78.83 , 6
410 , 80.11 , 6
411 , 81.13 , 6
412 , 82.41 , 6
413 , 83.17 , 6
414 , 84.45 , 6
415 , 85.47 , 6
416 , 85.98 , 6
417 , 87.00 , 6
418 , 87.51 , 6
419 , 88.79 , 6
420 , 89.30 , 6
421 , 89.81 , 6
422 , 90.83 , 6
423 , 91.85 , 6
424 , 92.61 , 6
425 , 93.12 , 6
Denaturing DNA Now
426 , 93.89 , 6
427 , 94.65 , 6
428 , 95.16 , 6
429 , 95.42 , 6
430 , 95.42 , 6
Going to Extention Temperature
431 , 95.42 , 6
432 , 92.10 , 6
433 , 90.57 , 6
434 , 88.79 , 6
435 , 87.00 , 6
436 , 86.23 , 6
437 , 84.45 , 6
438 , 82.66 , 6
439 , 80.88 , 6
440 , 80.11 , 6
441 , 78.32 , 6
442 , 76.79 , 6
443 , 75.52 , 6
444 , 74.24 , 6
445 , 72.71 , 6
446 , 71.69 , 6
447 , 69.90 , 6
448 , 69.14 , 6
449 , 67.61 , 6
450 , 67.10 , 6
451 , 65.82 , 6
452 , 64.80 , 6
453 , 64.04 , 6
454 , 63.01 , 6
455 , 61.48 , 6
456 , 61.23 , 6
457 , 59.95 , 6
Extending DNA Now
458 , 59.44 , 6
459 , 58.68 , 6
460 , 60.72 , 6
461 , 60.46 , 6
462 , 60.46 , 6
463 , 60.46 , 6
464 , 60.21 , 6
465 , 60.72 , 6
466 , 60.72 , 6
467 , 61.48 , 6
468 , 61.99 , 6
Going to Denaturing Temperature
469 , 62.50 , 7
470 , 64.04 , 7
471 , 65.82 , 7
472 , 66.59 , 7
473 , 68.88 , 7
474 , 70.41 , 7
475 , 71.69 , 7
476 , 73.73 , 7
477 , 75.01 , 7
478 , 76.79 , 7
479 , 77.81 , 7
480 , 79.34 , 7
481 , 80.88 , 7
482 , 81.39 , 7
483 , 82.66 , 7
484 , 84.19 , 7
485 , 85.47 , 7
486 , 86.23 , 7
487 , 87.25 , 7
488 , 88.02 , 7
489 , 89.04 , 7
490 , 89.81 , 7
491 , 90.57 , 7
492 , 91.34 , 7
493 , 92.10 , 7
494 , 92.36 , 7
495 , 92.87 , 7
496 , 93.12 , 7
Denaturing DNA Now
497 , 93.63 , 7
498 , 94.14 , 7
499 , 94.65 , 7
500 , 95.16 , 7
501 , 95.42 , 7
502 , 94.91 , 7
Going to Extention Temperature
503 , 94.65 , 7
504 , 92.10 , 7
505 , 89.81 , 7
506 , 88.27 , 7
507 , 86.74 , 7
508 , 85.47 , 7
509 , 82.92 , 7
510 , 81.90 , 7
511 , 80.11 , 7
512 , 78.07 , 7
513 , 76.79 , 7
514 , 75.01 , 7
515 , 73.73 , 7
516 , 72.71 , 7
517 , 71.43 , 7
518 , 70.41 , 7
519 , 68.88 , 7
520 , 67.86 , 7
521 , 66.59 , 7
522 , 65.82 , 7
523 , 64.55 , 7
524 , 63.78 , 7
525 , 62.76 , 7
526 , 62.25 , 7
527 , 60.72 , 7
528 , 59.95 , 7
Extending DNA Now
529 , 59.44 , 7
530 , 58.17 , 7
531 , 60.46 , 7
532 , 60.21 , 7
533 , 59.70 , 7
534 , 60.46 , 7
535 , 60.21 , 7
536 , 60.21 , 7
537 , 60.72 , 7
538 , 61.23 , 7
539 , 61.48 , 7
Going to Denaturing Temperature
540 , 61.23 , 8
541 , 63.53 , 8
542 , 65.06 , 8
543 , 65.82 , 8
544 , 67.86 , 8
545 , 69.39 , 8
546 , 70.92 , 8
547 , 72.71 , 8
548 , 73.73 , 8
549 , 75.01 , 8
550 , 76.54 , 8
551 , 78.07 , 8
552 , 79.09 , 8
553 , 80.11 , 8
554 , 80.62 , 8
555 , 81.90 , 8
556 , 82.92 , 8
557 , 83.94 , 8
558 , 85.47 , 8
559 , 85.98 , 8
560 , 87.00 , 8
561 , 87.51 , 8
562 , 88.53 , 8
563 , 89.04 , 8
564 , 89.55 , 8
565 , 90.32 , 8
566 , 90.83 , 8
567 , 91.59 , 8
568 , 91.59 , 8
569 , 92.36 , 8
570 , 92.36 , 8
571 , 92.87 , 8
572 , 93.12 , 8
Denaturing DNA Now
573 , 93.63 , 8
574 , 93.63 , 8
575 , 94.14 , 8
576 , 94.65 , 8
577 , 95.16 , 8
Going to Extention Temperature
578 , 95.42 , 8
579 , 92.10 , 8
580 , 90.32 , 8
581 , 88.53 , 8
582 , 86.74 , 8
583 , 85.47 , 8
584 , 83.68 , 8
585 , 82.15 , 8
586 , 80.62 , 8
587 , 79.09 , 8
588 , 77.56 , 8
589 , 75.77 , 8
590 , 74.50 , 8
591 , 73.73 , 8
592 , 71.69 , 8
593 , 71.18 , 8
594 , 69.90 , 8
595 , 68.88 , 8
596 , 67.35 , 8
597 , 66.59 , 8
598 , 65.82 , 8
599 , 64.55 , 8
600 , 64.04 , 8
601 , 62.50 , 8
602 , 61.74 , 8
603 , 60.72 , 8
604 , 59.70 , 8
Extending DNA Now
605 , 59.19 , 8
606 , 58.42 , 8
607 , 59.70 , 8
608 , 60.21 , 8
609 , 59.70 , 8
610 , 59.95 , 8
611 , 60.46 , 8
612 , 60.97 , 8
613 , 60.46 , 8
614 , 60.97 , 8
615 , 60.97 , 8
Going to Denaturing Temperature
616 , 61.74 , 9
617 , 64.04 , 9
618 , 65.57 , 9
619 , 66.84 , 9
620 , 68.37 , 9
621 , 70.16 , 9
622 , 71.69 , 9
623 , 72.97 , 9
624 , 74.75 , 9
625 , 76.54 , 9
626 , 77.30 , 9
627 , 79.60 , 9
628 , 80.37 , 9
629 , 81.90 , 9
630 , 83.43 , 9
631 , 84.45 , 9
632 , 85.72 , 9
633 , 86.74 , 9
634 , 87.51 , 9
635 , 88.53 , 9
636 , 89.30 , 9
637 , 90.57 , 9
638 , 91.59 , 9
639 , 92.61 , 9
640 , 93.63 , 9
Denaturing DNA Now
641 , 94.65 , 9
642 , 95.42 , 9
643 , 95.93 , 9
644 , 96.18 , 9
645 , 95.93 , 9
646 , 96.44 , 9
Going to Extention Temperature
647 , 96.69 , 9
648 , 93.63 , 9
649 , 92.10 , 9
650 , 90.57 , 9
651 , 89.04 , 9
652 , 87.00 , 9
653 , 85.47 , 9
654 , 84.45 , 9
655 , 82.92 , 9
656 , 81.39 , 9
657 , 80.11 , 9
658 , 78.58 , 9
659 , 77.05 , 9
660 , 75.52 , 9
661 , 74.75 , 9
662 , 73.48 , 9
663 , 72.46 , 9
664 , 71.43 , 9
665 , 69.65 , 9
666 , 68.88 , 9
667 , 67.86 , 9
668 , 66.84 , 9
669 , 65.82 , 9
670 , 64.80 , 9
671 , 63.78 , 9
672 , 62.76 , 9
673 , 61.48 , 9
674 , 61.23 , 9
675 , 59.95 , 9
Extending DNA Now
676 , 59.70 , 9
677 , 58.93 , 9
678 , 59.44 , 9
679 , 59.95 , 9
680 , 60.72 , 9
681 , 60.21 , 9
682 , 60.46 , 9
683 , 60.72 , 9
684 , 61.48 , 9
685 , 61.99 , 9
686 , 61.48 , 9
Going to Denaturing Temperature
687 , 61.74 , 10
688 , 64.29 , 10
689 , 65.57 , 10
690 , 66.84 , 10
691 , 67.86 , 10
692 , 70.16 , 10
693 , 71.69 , 10
694 , 73.22 , 10
695 , 75.01 , 10
696 , 76.54 , 10
697 , 77.81 , 10
698 , 78.83 , 10
699 , 80.37 , 10
700 , 82.15 , 10
701 , 82.92 , 10
702 , 84.45 , 10
703 , 85.47 , 10
704 , 86.23 , 10
705 , 4.33 , 10
706 , 88.79 , 10
707 , 89.04 , 10
708 , 90.32 , 10
709 , 91.08 , 10
710 , 91.59 , 10
711 , 92.87 , 10
712 , 93.38 , 10
Denaturing DNA Now
713 , 94.40 , 10
714 , 94.91 , 10
715 , 95.42 , 10
716 , 96.18 , 10
717 , 95.93 , 10
Going to Extention Temperature
718 , 96.18 , 10
719 , 93.63 , 10
720 , 91.59 , 10
721 , 90.06 , 10
722 , 88.53 , 10
723 , 87.00 , 10
724 , 85.72 , 10
725 , 84.19 , 10
726 , 81.90 , 10
727 , 80.62 , 10
728 , 79.85 , 10
729 , 78.32 , 10
730 , 76.54 , 10
731 , 75.26 , 10
732 , 73.99 , 10
733 , 72.46 , 10
734 , 71.43 , 10
735 , 70.67 , 10
737 , 69.14 , 10
738 , 68.12 , 10
739 , 67.61 , 10
740 , 66.08 , 10
741 , 65.06 , 10
742 , 64.55 , 10
743 , 63.53 , 10
744 , 62.76 , 10
745 , 61.99 , 10
746 , 60.72 , 10
747 , 59.95 , 10
Extending DNA Now
748 , 59.19 , 10
749 , 58.42 , 10
750 , 60.46 , 10
751 , 59.95 , 10
752 , 60.21 , 10
753 , 59.70 , 10
754 , 59.95 , 10
755 , 60.21 , 10
756 , 60.97 , 10
757 , 61.23 , 10
758 , 61.74 , 10
Going to Denaturing Temperature
759 , 61.23 , 11
760 , 63.78 , 11
761 , 65.06 , 11
762 , 66.84 , 11
763 , 68.63 , 11
764 , 70.16 , 11
765 , 71.43 , 11
766 , 73.48 , 11
767 , 75.01 , 11
768 , 76.54 , 11
769 , 78.32 , 11
770 , 79.85 , 11
771 , 80.88 , 11
772 , 82.41 , 11
773 , 83.43 , 11
774 , 84.70 , 11
775 , 86.23 , 11
776 , 87.00 , 11
777 , 88.53 , 11
778 , 88.53 , 11
779 , 90.06 , 11
780 , 91.08 , 11
781 , 91.59 , 11
782 , 92.61 , 11
783 , 93.38 , 11
Denaturing DNA Now
784 , 94.65 , 11
785 , 94.65 , 11
786 , 96.18 , 11
787 , 96.44 , 11
788 , 96.44 , 11
Going to Extention Temperature
789 , 96.95 , 11
790 , 94.14 , 11
791 , 92.87 , 11
792 , 91.34 , 11
793 , 89.30 , 11
794 , 88.02 , 11
795 , 85.98 , 11
796 , 84.96 , 11
797 , 83.43 , 11
798 , 81.90 , 11
799 , 80.62 , 11
800 , 78.83 , 11
801 , 77.05 , 11
802 , 76.28 , 11
803 , 74.50 , 11
804 , 73.48 , 11
805 , 72.46 , 11
806 , 71.18 , 11
807 , 69.65 , 11
808 , 69.14 , 11
809 , 67.86 , 11
810 , 66.84 , 11
811 , 65.82 , 11
812 , 64.80 , 11
813 , 63.53 , 11
814 , 62.76 , 11
815 , 62.25 , 11
816 , 61.48 , 11
817 , 60.46 , 11
818 , 59.70 , 11
Extending DNA Now
819 , 58.42 , 11
820 , 57.66 , 11
821 , 59.70 , 11
822 , 59.70 , 11
823 , 59.70 , 11
824 , 59.95 , 11
825 , 59.70 , 11
826 , 60.21 , 11
827 , 60.72 , 11
828 , 60.72 , 11
829 , 61.23 , 11
Going to Denaturing Temperature
830 , 60.72 , 12
831 , 63.78 , 12
832 , 64.55 , 12
833 , 65.82 , 12
834 , 68.12 , 12
835 , 69.65 , 12
836 , 71.18 , 12
837 , 72.97 , 12
838 , 74.50 , 12
839 , 75.52 , 12
840 , 77.56 , 12
841 , 79.09 , 12
842 , 80.37 , 12
843 , 81.39 , 12
844 , 82.15 , 12
845 , 83.43 , 12
846 , 84.96 , 12
847 , 86.49 , 12
848 , 87.25 , 12
849 , 88.53 , 12
850 , 89.55 , 12
851 , 90.57 , 12
852 , 90.57 , 12
853 , 92.10 , 12
854 , 92.87 , 12
855 , 93.12 , 12
Denaturing DNA Now
856 , 94.65 , 12
857 , 95.42 , 12
858 , 96.18 , 12
859 , 96.18 , 12
860 , 96.18 , 12
861 , 95.93 , 12
Going to Extention Temperature
862 , 96.18 , 12
863 , 92.87 , 12
864 , 90.83 , 12
865 , 89.55 , 12
866 , 87.76 , 12
867 , 86.74 , 12
868 , 84.70 , 12
869 , 83.68 , 12
870 , 81.64 , 12
871 , 80.88 , 12
872 , 78.83 , 12
873 , 77.30 , 12
874 , 76.28 , 12
875 , 75.01 , 12
876 , 73.73 , 12
877 , 72.46 , 12
878 , 70.92 , 12
879 , 70.16 , 12
880 , 69.14 , 12
881 , 68.12 , 12
882 , 66.33 , 12
883 , 66.08 , 12
884 , 65.06 , 12
885 , 64.29 , 12
886 , 62.76 , 12
887 , 62.25 , 12
888 , 61.48 , 12
889 , 60.46 , 12
890 , 59.44 , 12
Extending DNA Now
891 , 58.68 , 12
892 , 58.42 , 12
893 , 59.95 , 12
894 , 59.95 , 12
895 , 59.70 , 12
896 , 60.21 , 12
897 , 60.46 , 12
898 , 59.95 , 12
899 , 61.23 , 12
900 , 60.97 , 12
901 , 61.48 , 12
Going to Denaturing Temperature
902 , 60.97 , 13
903 , 63.78 , 13
904 , 64.04 , 13
905 , 65.82 , 13
906 , 67.86 , 13
907 , 69.90 , 13
908 , 71.69 , 13
909 , 73.48 , 13
910 , 75.26 , 13
911 , 77.05 , 13
912 , 78.58 , 13
913 , 79.85 , 13
914 , 80.37 , 13
915 , 82.41 , 13
916 , 83.94 , 13
917 , 85.21 , 13
918 , 86.23 , 13
919 , 87.25 , 13
920 , 88.27 , 13
921 , 89.04 , 13
922 , 89.81 , 13
923 , 91.08 , 13
924 , 92.10 , 13
925 , 92.61 , 13
926 , 93.38 , 13
Denaturing DNA Now
927 , 94.14 , 13
928 , 94.91 , 13
929 , 95.67 , 13
930 , 96.44 , 13
931 , 96.69 , 13
Going to Extention Temperature
932 , 96.69 , 13
933 , 94.14 , 13
934 , 92.10 , 13
935 , 90.32 , 13
936 , 89.04 , 13
937 , 87.25 , 13
938 , 85.72 , 13
939 , 83.94 , 13
940 , 82.66 , 13
941 , 80.88 , 13
942 , 79.34 , 13
943 , 77.56 , 13
944 , 77.05 , 13
945 , 75.77 , 13
946 , 73.99 , 13
947 , 72.71 , 13
948 , 71.95 , 13
949 , 70.67 , 13
950 , 69.14 , 13
951 , 68.12 , 13
952 , 67.35 , 13
953 , 66.33 , 13
954 , 65.31 , 13
955 , 64.29 , 13
956 , 63.01 , 13
957 , 62.76 , 13
958 , 61.48 , 13
959 , 60.46 , 13
960 , 59.95 , 13
Extending DNA Now
961 , 58.68 , 13
962 , 58.42 , 13
963 , 59.70 , 13
964 , 59.95 , 13
965 , 60.21 , 13
966 , 59.70 , 13
967 , 60.21 , 13
968 , 60.46 , 13
969 , 60.72 , 13
970 , 61.23 , 13
971 , 60.97 , 13
Going to Denaturing Temperature
972 , 60.46 , 14
973 , 63.27 , 14
974 , 64.80 , 14
975 , 66.33 , 14
976 , 67.35 , 14
977 , 69.14 , 14
978 , 71.69 , 14
979 , 73.48 , 14
980 , 74.50 , 14
981 , 76.54 , 14
982 , 78.07 , 14
983 , 79.60 , 14
984 , 80.11 , 14
985 , 82.15 , 14
986 , 83.43 , 14
987 , 84.70 , 14
988 , 85.47 , 14
989 , 87.51 , 14
990 , 88.53 , 14
991 , 89.55 , 14
992 , 90.57 , 14
993 , 91.08 , 14
994 , 92.36 , 14
995 , 93.89 , 14
Denaturing DNA Now
996 , 94.14 , 14
997 , 94.65 , 14
998 , 96.18 , 14
999 , 96.44 , 14
1000 , 96.18 , 14
Going to Extention Temperature
1001 , 96.44 , 14
1002 , 93.89 , 14
1003 , 92.10 , 14
1004 , 89.81 , 14
1005 , 88.79 , 14
1006 , 87.25 , 14
1007 , 85.72 , 14
1008 , 84.19 , 14
1009 , 82.66 , 14
1010 , 81.39 , 14
1011 , 79.85 , 14
1012 , 78.32 , 14
1013 , 76.79 , 14
1014 , 75.26 , 14
1015 , 73.99 , 14
1016 , 72.71 , 14
1017 , 71.69 , 14
1018 , 70.67 , 14
1019 , 68.88 , 14
1020 , 68.37 , 14
1021 , 67.61 , 14
1022 , 66.33 , 14
1023 , 65.06 , 14
1024 , 64.55 , 14
1025 , 63.53 , 14
1026 , 62.25 , 14
1027 , 61.74 , 14
1028 , 60.21 , 14
1029 , 59.95 , 14
Extending DNA Now
1030 , 58.93 , 14
1031 , 58.42 , 14
1032 , 60.21 , 14
1033 , 59.70 , 14
1034 , 60.21 , 14
1035 , 59.95 , 14
1036 , 60.72 , 14
1037 , 60.72 , 14
1038 , 60.97 , 14
1039 , 60.97 , 14
1040 , 61.23 , 14
Going to Denaturing Temperature
1041 , 61.48 , 15
1042 , 63.78 , 15
1043 , 64.80 , 15
1044 , 66.59 , 15
1045 , 67.86 , 15
1046 , 69.90 , 15
1047 , 71.18 , 15
1048 , 73.48 , 15
1049 , 75.01 , 15
1050 , 76.54 , 15
1051 , 77.30 , 15
1052 , 79.34 , 15
1053 , 80.88 , 15
1054 , 82.15 , 15
1055 , 83.68 , 15
1056 , 84.70 , 15
1057 , 86.23 , 15
1058 , 87.00 , 15
1059 , 88.02 , 15
1060 , 89.04 , 15
1061 , 90.32 , 15
1062 , 91.08 , 15
1063 , 92.10 , 15
1064 , 92.87 , 15
1065 , 93.63 , 15
Denaturing DNA Now
1066 , 94.40 , 15
1067 , 94.65 , 15
1068 , 95.93 , 15
1069 , 96.69 , 15
1070 , 95.93 , 15
Going to Extention Temperature
1071 , 96.95 , 15
1072 , 94.14 , 15
1073 , 91.85 , 15
1074 , 90.06 , 15
1075 , 88.53 , 15
1076 , 86.74 , 15
1077 , 85.72 , 15
1078 , 84.19 , 15
1079 , 82.66 , 15
1080 , 81.13 , 15
1081 , 79.60 , 15
1082 , 78.32 , 15
1083 , 76.79 , 15
1084 , 75.26 , 15
1085 , 73.73 , 15
1086 , 72.97 , 15
1087 , 71.69 , 15
1088 , 70.67 , 15
1089 , 69.39 , 15
1090 , 68.12 , 15
1091 , 66.84 , 15
1092 , 66.33 , 15
1093 , 65.31 , 15
1094 , 64.29 , 15
1095 , 63.53 , 15
1096 , 62.50 , 15
1097 , 61.23 , 15
1098 , 60.46 , 15
1099 , 59.95 , 15
Extending DNA Now
1100 , 58.93 , 15
1101 , 58.42 , 15
1102 , 59.95 , 15
1103 , 59.70 , 15
1104 , 59.95 , 15
1105 , 59.70 , 15
1106 , 60.46 , 15
1107 , 60.21 , 15
1108 , 60.21 , 15
1109 , 60.72 , 15
1110 , 61.48 , 15
Going to Denaturing Temperature
1111 , 60.97 , 16
1112 , 63.53 , 16
1113 , 65.06 , 16
1114 , 66.08 , 16
1115 , 67.61 , 16
1116 , 69.65 , 16
1117 , 71.43 , 16
1118 , 72.71 , 16
1119 , 73.99 , 16
1120 , 76.03 , 16
1121 , 77.05 , 16
1122 , 78.58 , 16
1123 , 80.37 , 16
1124 , 81.64 , 16
1125 , 82.41 , 16
1126 , 84.70 , 16
1127 , 85.47 , 16
1128 , 85.98 , 16
1129 , 88.02 , 16
1130 , 89.04 , 16
1131 , 90.32 , 16
1132 , 91.34 , 16
1133 , 92.10 , 16
1134 , 93.12 , 16
Denaturing DNA Now
1135 , 93.89 , 16
1136 , 94.91 , 16
1137 , 96.44 , 16
1138 , 96.69 , 16
1139 , 96.69 , 16
Going to Extention Temperature
1140 , 96.69 , 16
1141 , 94.14 , 16
1142 , 92.61 , 16
1143 , 91.34 , 16
1144 , 89.55 , 16
1145 , 88.27 , 16
1146 , 86.23 , 16
1147 , 85.21 , 16
1148 , 83.68 , 16
1149 , 82.41 , 16
1150 , 80.62 , 16
1151 , 79.34 , 16
1152 , 77.81 , 16
1153 , 76.54 , 16
1154 , 75.26 , 16
1155 , 73.99 , 16
1156 , 72.71 , 16
1157 , 71.18 , 16
1158 , 70.41 , 16
1159 , 68.63 , 16
1160 , 67.86 , 16
1161 , 66.33 , 16
1162 , 65.31 , 16
1163 , 63.78 , 16
1164 , 63.27 , 16
1165 , 63.01 , 16
1166 , 61.48 , 16
1167 , 60.97 , 16
1168 , 60.46 , 16
1169 , 59.19 , 16
Extending DNA Now
1170 , 58.42 , 16
1171 , 57.91 , 16
1172 , 59.19 , 16
1173 , 59.44 , 16
1174 , 59.19 , 16
1175 , 59.44 , 16
1176 , 59.44 , 16
1177 , 59.70 , 16
1178 , 59.95 , 16
1179 , 59.44 , 16
1180 , 60.46 , 16
Going to Denaturing Temperature
1181 , 59.95 , 17
1182 , 62.50 , 17
1183 , 63.78 , 17
1184 , 65.06 , 17
1185 , 66.08 , 17
1186 , 67.86 , 17
1187 , 69.39 , 17
1188 , 71.18 , 17
1189 , 72.97 , 17
1190 , 74.75 , 17
1191 , 75.77 , 17
1192 , 77.56 , 17
1193 , 79.09 , 17
1194 , 79.85 , 17
1195 , 81.13 , 17
1196 , 82.92 , 17
1197 , 83.94 , 17
1198 , 84.45 , 17
1199 , 86.23 , 17
1200 , 87.51 , 17
1201 , 88.27 , 17
1202 , 88.79 , 17
1203 , 90.32 , 17
1204 , 91.59 , 17
1205 , 91.85 , 17
1206 , 93.12 , 17
Denaturing DNA Now
1207 , 93.63 , 17
1208 , 94.91 , 17
1209 , 95.42 , 17
1210 , 95.42 , 17
1211 , 95.67 , 17
Going to Extention Temperature
1212 , 95.93 , 17
1213 , 93.38 , 17
1214 , 91.34 , 17
1215 , 90.32 , 17
1216 , 88.27 , 17
1217 , 87.51 , 17
1218 , 85.98 , 17
1219 , 83.68 , 17
1220 , 82.66 , 17
1221 , 81.13 , 17
1222 , 79.60 , 17
1223 , 78.07 , 17
1224 , 76.54 , 17
1225 , 75.01 , 17
1226 , 74.24 , 17
1227 , 72.71 , 17
1228 , 71.43 , 17
1229 , 70.16 , 17
1230 , 69.39 , 17
1231 , 68.12 , 17
1232 , 67.10 , 17
1233 , 65.57 , 17
1234 , 64.55 , 17
1235 , 64.04 , 17
1236 , 63.01 , 17
1237 , 62.25 , 17
1238 , 61.48 , 17
1239 , 59.95 , 17
Extending DNA Now
1240 , 59.70 , 17
1241 , 58.68 , 17
1242 , 60.46 , 17
1243 , 60.72 , 17
1244 , 59.95 , 17
1245 , 60.46 , 17
1246 , 60.21 , 17
1247 , 60.21 , 17
1248 , 60.46 , 17
1249 , 60.97 , 17
1250 , 61.23 , 17
Going to Denaturing Temperature
1251 , 61.48 , 18
1252 , 64.04 , 18
1253 , 65.06 , 18
1254 , 66.33 , 18
1255 , 67.61 , 18
1256 , 69.14 , 18
1257 , 70.92 , 18
1258 , 72.71 , 18
1259 , 74.50 , 18
1260 , 76.03 , 18
1261 , 77.56 , 18
1262 , 78.83 , 18
1263 , 79.85 , 18
1264 , 80.88 , 18
1265 , 82.92 , 18
1266 , 83.68 , 18
1267 , 85.21 , 18
1268 , 86.74 , 18
1269 , 87.25 , 18
1270 , 88.53 , 18
1271 , 89.04 , 18
1272 , 90.32 , 18
1273 , 91.85 , 18
1274 , 92.87 , 18
1275 , 93.12 , 18
Denaturing DNA Now
1276 , 94.14 , 18
1277 , 95.42 , 18
1278 , 96.18 , 18
1279 , 95.42 , 18
1280 , 95.93 , 18
1281 , 96.44 , 18
Going to Extention Temperature
1282 , 96.44 , 18
1283 , 93.63 , 18
1284 , 91.59 , 18
1285 , 90.06 , 18
1286 , 88.53 , 18
1287 , 86.74 , 18
1288 , 85.47 , 18
1289 , 83.94 , 18
1290 , 81.90 , 18
1291 , 80.37 , 18
1292 , 79.34 , 18
1293 , 77.81 , 18
1294 , 76.79 , 18
1295 , 75.52 , 18
1296 , 73.48 , 18
1297 , 72.71 , 18
1298 , 71.43 , 18
1299 , 70.16 , 18
1300 , 69.14 , 18
1301 , 68.12 , 18
1302 , 66.84 , 18
1303 , 65.82 , 18
1304 , 65.06 , 18
1305 , 64.04 , 18
1306 , 63.27 , 18
1307 , 61.74 , 18
1308 , 61.48 , 18
1309 , 60.72 , 18
1310 , 59.70 , 18
Extending DNA Now
1311 , 58.93 , 18
1312 , 58.42 , 18
1313 , 59.70 , 18
1314 , 59.95 , 18
1315 , 60.21 , 18
1316 , 59.95 , 18
1317 , 60.21 , 18
1318 , 60.46 , 18
1319 , 60.46 , 18
1320 , 60.97 , 18
1321 , 61.23 , 18
Going to Denaturing Temperature
1322 , 61.74 , 19
1323 , 63.78 , 19
1324 , 64.80 , 19
1325 , 66.08 , 19
1326 , 68.12 , 19
1327 , 69.65 , 19
1328 , 71.69 , 19
1329 , 73.22 , 19
1330 , 74.75 , 19
1331 , 75.77 , 19
1332 , 77.56 , 19
1333 , 79.09 , 19
1334 , 80.88 , 19
1335 , 81.39 , 19
1336 , 83.43 , 19
1337 , 84.19 , 19
1338 , 85.72 , 19
1339 , 86.49 , 19
1340 , 87.00 , 19
1341 , 89.04 , 19
1342 , 89.55 , 19
1343 , 90.32 , 19
1344 , 91.34 , 19
1345 , 92.36 , 19
1346 , 93.38 , 19
Denaturing DNA Now
1347 , 93.63 , 19
1348 , 95.16 , 19
1349 , 95.67 , 19
1350 , 95.16 , 19
1351 , 95.42 , 19
1352 , 96.18 , 19
Going to Extention Temperature
1353 , 96.18 , 19
1354 , 93.38 , 19
1355 , 91.85 , 19
1356 , 89.81 , 19
1357 , 88.53 , 19
1358 , 87.00 , 19
1359 , 85.21 , 19
1360 , 83.94 , 19
1361 , 82.41 , 19
1362 , 80.88 , 19
1363 , 79.34 , 19
1364 , 78.07 , 19
1365 , 76.54 , 19
1366 , 75.01 , 19
1367 , 73.73 , 19
1368 , 72.71 , 19
1369 , 70.92 , 19
1370 , 70.16 , 19
1371 , 69.14 , 19
1372 , 68.37 , 19
1373 , 67.10 , 19
1374 , 65.82 , 19
1375 , 65.06 , 19
1376 , 64.04 , 19
1377 , 63.27 , 19
1378 , 62.50 , 19
1379 , 60.97 , 19
1380 , 60.72 , 19
1381 , 59.95 , 19
Extending DNA Now
1382 , 59.19 , 19
1383 , 58.42 , 19
1384 , 59.70 , 19
1385 , 59.95 , 19
1386 , 59.44 , 19
1387 , 59.95 , 19
1388 , 59.95 , 19
1389 , 60.21 , 19
1390 , 60.46 , 19
1391 , 60.72 , 19
1392 , 60.46 , 19
Going to Denaturing Temperature
1393 , 60.72 , 20
1394 , 63.78 , 20
1395 , 64.29 , 20
1396 , 65.31 , 20
1397 , 67.86 , 20
1398 , 69.39 , 20
1399 , 71.18 , 20
1400 , 72.97 , 20
1401 , 74.24 , 20
1402 , 76.03 , 20
1403 , 77.30 , 20
1404 , 78.83 , 20
1405 , 80.37 , 20
1406 , 81.39 , 20
1407 , 83.17 , 20
1408 , 83.94 , 20
1409 , 85.47 , 20
1410 , 87.00 , 20
1411 , 88.27 , 20
1412 , 89.55 , 20
1413 , 89.55 , 20
1414 , 91.08 , 20
1415 , 92.10 , 20
1416 , 93.38 , 20
Denaturing DNA Now
1417 , 94.14 , 20
1418 , 94.40 , 20
1419 , 94.65 , 20
1420 , 96.18 , 20
1421 , 97.46 , 20
1422 , 96.95 , 20
Going to Extention Temperature
1423 , 97.20 , 20
1424 , 94.40 , 20
1425 , 92.61 , 20
1426 , 91.08 , 20
1427 , 89.55 , 20
1428 , 88.53 , 20
1429 , 86.49 , 20
1430 , 84.45 , 20
1431 , 83.43 , 20
1432 , 81.13 , 20
1433 , 80.11 , 20
1434 , 78.58 , 20
1435 , 76.79 , 20
1436 , 75.26 , 20
1437 , 74.50 , 20
1438 , 72.97 , 20
1439 , 71.69 , 20
1440 , 70.41 , 20
1441 , 69.39 , 20
1442 , 68.37 , 20
1443 , 66.84 , 20
1444 , 66.08 , 20
1445 , 65.06 , 20
1446 , 64.04 , 20
1447 , 63.27 , 20
1448 , 62.25 , 20
1449 , 60.97 , 20
1450 , 60.72 , 20
1451 , 59.95 , 20
Extending DNA Now
1452 , 58.93 , 20
1453 , 58.17 , 20
1454 , 59.70 , 20
1455 , 59.44 , 20
1456 , 59.44 , 20
1457 , 59.70 , 20
1458 , 59.19 , 20
1459 , 60.46 , 20
1460 , 60.46 , 20
1461 , 59.95 , 20
1462 , 60.46 , 20
Going to Denaturing Temperature
1463 , 61.48 , 21
1464 , 63.78 , 21
1465 , 64.80 , 21
1466 , 65.57 , 21
1467 , 67.10 , 21
1468 , 69.39 , 21
1469 , 70.16 , 21
1470 , 72.71 , 21
1471 , 74.50 , 21
1472 , 75.26 , 21
1473 , 77.30 , 21
1474 , 78.83 , 21
1475 , 79.85 , 21
1476 , 81.64 , 21
1477 , 83.17 , 21
1478 , 84.19 , 21
1479 , 85.47 , 21
1480 , 86.23 , 21
1481 , 88.02 , 21
1482 , 89.04 , 21
1483 , 89.81 , 21
1484 , 91.08 , 21
1485 , 91.85 , 21
1486 , 92.61 , 21
1487 , 93.63 , 21
Denaturing DNA Now
1488 , 94.91 , 21
1489 , 95.42 , 21
1490 , 96.44 , 21
1491 , 96.18 , 21
1492 , 96.18 , 21
1493 , 96.18 , 21
Going to Extention Temperature
1494 , 95.93 , 21
1495 , 93.38 , 21
1496 , 91.85 , 21
1497 , 89.55 , 21
1498 , 88.53 , 21
1499 , 87.00 , 21
1500 , 85.47 , 21
1501 , 83.94 , 21
1502 , 82.41 , 21
1503 , 80.37 , 21
1504 , 79.60 , 21
1505 , 78.07 , 21
1506 , 76.54 , 21
1507 , 74.50 , 21
1508 , 73.99 , 21
1509 , 72.20 , 21
1510 , 71.43 , 21
1511 , 69.90 , 21
1512 , 68.63 , 21
1513 , 67.61 , 21
1515 , 66.33 , 21
1516 , 65.31 , 21
1517 , 64.80 , 21
1518 , 64.04 , 21
1519 , 63.01 , 21
1520 , 61.99 , 21
1521 , 60.72 , 21
1522 , 60.46 , 21
1523 , 59.95 , 21
Extending DNA Now
1524 , 58.93 , 21
1525 , 57.91 , 21
1526 , 59.44 , 21
1527 , 59.70 , 21
1528 , 59.44 , 21
1529 , 59.44 , 21
1530 , 59.95 , 21
1531 , 59.95 , 21
1532 , 59.95 , 21
1533 , 60.46 , 21
1534 , 60.97 , 21
Going to Denaturing Temperature
1535 , 60.46 , 22
1536 , 63.53 , 22
1537 , 64.55 , 22
1538 , 65.82 , 22
1539 , 67.10 , 22
1540 , 69.39 , 22
1541 , 70.92 , 22
1542 , 72.71 , 22
1543 , 74.75 , 22
1544 , 75.52 , 22
1545 , 77.56 , 22
1546 , 78.83 , 22
1547 , 80.37 , 22
1548 , 81.39 , 22
1549 , 82.66 , 22
1550 , 83.94 , 22
1551 , 84.96 , 22
1552 , 85.72 , 22
1553 , 86.74 , 22
1554 , 88.02 , 22
1555 , 89.30 , 22
1556 , 90.06 , 22
1557 , 91.34 , 22
1558 , 92.36 , 22
1559 , 92.87 , 22
1560 , 93.89 , 22
Denaturing DNA Now
1561 , 94.91 , 22
1562 , 95.42 , 22
1563 , 95.42 , 22
1564 , 95.93 , 22
1565 , 96.69 , 22
1566 , 96.18 , 22
Going to Extention Temperature
1567 , 95.67 , 22
1568 , 93.63 , 22
1569 , 92.10 , 22
1570 , 90.57 , 22
1571 , 88.79 , 22
1572 , 87.25 , 22
1573 , 85.47 , 22
1574 , 83.94 , 22
1575 , 82.15 , 22
1576 , 81.13 , 22
1577 , 79.60 , 22
1578 , 78.07 , 22
1579 , 76.54 , 22
1580 , 75.26 , 22
1581 , 73.99 , 22
1582 , 72.97 , 22
1583 , 71.43 , 22
1584 , 70.41 , 22
1585 , 69.39 , 22
1586 , 68.12 , 22
1587 , 67.35 , 22
1588 , 66.33 , 22
1589 , 65.06 , 22
1590 , 64.55 , 22
1591 , 63.53 , 22
1592 , 62.50 , 22
1593 , 61.48 , 22
1594 , 60.72 , 22
1595 , 59.70 , 22
Extending DNA Now
1596 , 58.93 , 22
1597 , 58.42 , 22
1598 , 59.44 , 22
1599 , 59.95 , 22
1600 , 60.21 , 22
1601 , 59.70 , 22
1602 , 60.46 , 22
1603 , 60.46 , 22
1604 , 60.46 , 22
1605 , 60.97 , 22
1606 , 60.97 , 22
Going to Denaturing Temperature
1607 , 61.74 , 23
1608 , 63.53 , 23
1609 , 65.06 , 23
1610 , 66.33 , 23
1611 , 68.88 , 23
1612 , 70.16 , 23
1613 , 71.95 , 23
1614 , 73.99 , 23
1615 , 75.52 , 23
1616 , 77.30 , 23
1617 , 78.83 , 23
1618 , 80.37 , 23
1619 , 81.64 , 23
1620 , 82.92 , 23
1621 , 83.94 , 23
1622 , 84.70 , 23
1623 , 86.74 , 23
1624 , 86.74 , 23
1625 , 88.27 , 23
1626 , 89.55 , 23
1627 , 91.08 , 23
1628 , 91.59 , 23
1629 , 92.61 , 23
1630 , 93.12 , 23
Denaturing DNA Now
1631 , 93.63 , 23
1632 , 94.40 , 23
1633 , 95.93 , 23
1634 , 96.44 , 23
1635 , 95.42 , 23
Going to Extention Temperature
1636 , 95.93 , 23
1637 , 93.38 , 23
1638 , 91.59 , 23
1639 , 90.06 , 23
1640 , 88.53 , 23
1641 , 87.00 , 23
1642 , 85.47 , 23
1643 , 83.94 , 23
1644 , 82.15 , 23
1645 , 80.62 , 23
1646 , 79.09 , 23
1647 , 77.56 , 23
1648 , 76.54 , 23
1649 , 74.75 , 23
1650 , 73.73 , 23
1651 , 72.46 , 23
1652 , 71.43 , 23
1653 , 69.65 , 23
1654 , 69.14 , 23
1655 , 67.86 , 23
1656 , 66.84 , 23
1657 , 65.82 , 23
1658 , 64.80 , 23
1659 , 63.53 , 23
1660 , 62.76 , 23
1661 , 61.99 , 23
1662 , 61.23 , 23
1663 , 60.46 , 23
1664 , 59.44 , 23
Extending DNA Now
1665 , 58.93 , 23
1666 , 57.91 , 23
1667 , 59.70 , 23
1668 , 59.19 , 23
1669 , 59.95 , 23
1670 , 59.70 , 23
1671 , 59.95 , 23
1672 , 59.70 , 23
1673 , 60.46 , 23
1674 , 60.46 , 23
1675 , 60.46 , 23
Going to Denaturing Temperature
1676 , 61.23 , 24
1677 , 63.27 , 24
1678 , 64.29 , 24
1679 , 65.06 , 24
1680 , 66.84 , 24
1681 , 68.88 , 24
1682 , 70.92 , 24
1683 , 72.20 , 24
1684 , 73.73 , 24
1685 , 75.52 , 24
1686 , 77.05 , 24
1687 , 78.32 , 24
1688 , 79.60 , 24
1689 , 80.88 , 24
1690 , 82.15 , 24
1691 , 83.17 , 24
1692 , 84.45 , 24
1693 , 85.72 , 24
1694 , 86.49 , 24
1695 , 87.25 , 24
1696 , 88.79 , 24
1697 , 90.32 , 24
1698 , 91.08 , 24
1699 , 91.59 , 24
1700 , 92.36 , 24
1701 , 94.14 , 24
Denaturing DNA Now
1702 , 94.65 , 24
1703 , 94.91 , 24
1704 , 96.69 , 24
1705 , 97.46 , 24
1706 , 97.46 , 24
Going to Extention Temperature
1707 , 97.20 , 24
1708 , 94.91 , 24
1709 , 93.12 , 24
1710 , 91.08 , 24
1711 , 89.81 , 24
1712 , 88.27 , 24
1713 , 86.49 , 24
1714 , 84.70 , 24
1715 , 83.43 , 24
1716 , 82.15 , 24
1717 , 80.37 , 24
1718 , 78.58 , 24
1719 , 77.56 , 24
1720 , 76.03 , 24
1721 , 74.75 , 24
1722 , 73.22 , 24
1723 , 72.20 , 24
1724 , 70.92 , 24
1725 , 69.90 , 24
1726 , 68.63 , 24
1727 , 67.61 , 24
1728 , 66.59 , 24
1729 , 65.57 , 24
1730 , 64.80 , 24
1731 , 63.53 , 24
1732 , 62.50 , 24
1733 , 61.48 , 24
1734 , 60.72 , 24
1735 , 59.70 , 24
Extending DNA Now
1736 , 58.42 , 24
1737 , 58.17 , 24
1738 , 59.95 , 24
1739 , 58.93 , 24
1740 , 60.21 , 24
1741 , 59.95 , 24
1742 , 59.95 , 24
1743 , 59.95 , 24
1744 , 60.72 , 24
1745 , 60.72 , 24
1746 , 60.97 , 24
Going to Denaturing Temperature
1747 , 61.74 , 25
1748 , 63.53 , 25
1749 , 64.29 , 25
1750 , 66.59 , 25
1751 , 68.37 , 25
1752 , 69.90 , 25
1753 , 71.18 , 25
1754 , 73.48 , 25
1755 , 74.75 , 25
1756 , 76.03 , 25
1757 , 77.56 , 25
1758 , 79.60 , 25
1759 , 80.62 , 25
1760 , 82.15 , 25
1761 , 83.17 , 25
1762 , 84.70 , 25
1763 , 85.47 , 25
1764 , 85.98 , 25
1765 , 87.25 , 25
1766 , 88.79 , 25
1767 , 90.57 , 25
1768 , 91.08 , 25
1769 , 92.61 , 25
1770 , 93.12 , 25
Denaturing DNA Now
1771 , 93.89 , 25
1772 , 95.16 , 25
1773 , 95.93 , 25
1774 , 95.42 , 25
1775 , 95.67 , 25
1776 , 95.93 , 25
Going to Extention Temperature
1777 , 96.18 , 25
1778 , 93.12 , 25
1779 , 91.34 , 25
1780 , 89.55 , 25
1781 , 88.53 , 25
1782 , 86.74 , 25
1783 , 85.21 , 25
1784 , 83.68 , 25
1785 , 81.90 , 25
1786 , 81.13 , 25
1787 , 79.09 , 25
1788 , 77.81 , 25
1789 , 76.28 , 25
1790 , 74.50 , 25
1791 , 73.48 , 25
1792 , 72.46 , 25
1793 , 71.18 , 25
1794 , 69.90 , 25
1795 , 68.88 , 25
1796 , 67.86 , 25
1797 , 66.59 , 25
1798 , 65.57 , 25
1799 , 64.80 , 25
1800 , 63.53 , 25
1801 , 62.76 , 25
1802 , 61.99 , 25
1803 , 61.23 , 25
1804 , 60.21 , 25
1805 , 59.44 , 25
Extending DNA Now
1806 , 58.42 , 25
1807 , 58.17 , 25
1808 , 59.95 , 25
1809 , 59.19 , 25
1810 , 59.70 , 25
1811 , 59.70 , 25
1812 , 59.70 , 25
1813 , 59.95 , 25
1814 , 60.21 , 25
1815 , 60.21 , 25
1816 , 60.46 , 25
Going to Denaturing Temperature
1817 , 61.23 , 26
1818 , 63.78 , 26
1819 , 64.55 , 26
1820 , 66.08 , 26
1821 , 67.61 , 26
1822 , 69.14 , 26
1823 , 71.43 , 26
1824 , 72.46 , 26
1825 , 74.50 , 26
1826 , 76.28 , 26
1827 , 77.81 , 26
1828 , 78.83 , 26
1829 , 80.37 , 26
1830 , 81.64 , 26
1831 , 83.17 , 26
1832 , 84.19 , 26
1833 , 85.21 , 26
1834 , 86.23 , 26
1835 , 87.76 , 26
1836 , 89.04 , 26
1837 , 89.81 , 26
1838 , 91.08 , 26
1839 , 92.36 , 26
1840 , 93.38 , 26
Denaturing DNA Now
1841 , 93.89 , 26
1842 , 94.91 , 26
1843 , 96.18 , 26
1844 , 96.44 , 26
1845 , 97.20 , 26
Going to Extention Temperature
1846 , 96.95 , 26
1847 , 94.40 , 26
1848 , 92.36 , 26
1849 , 91.08 , 26
1850 , 89.55 , 26
1851 , 87.76 , 26
1852 , 86.74 , 26
1853 , 84.45 , 26
1854 , 82.92 , 26
1855 , 81.64 , 26
1856 , 80.11 , 26
1857 , 78.58 , 26
1858 , 77.30 , 26
1859 , 76.54 , 26
1860 , 73.73 , 26
1861 , 73.22 , 26
1862 , 71.43 , 26
1863 , 70.67 , 26
1864 , 69.39 , 26
1865 , 68.12 , 26
1866 , 67.10 , 26
1867 , 65.82 , 26
1868 , 65.06 , 26
1869 , 64.29 , 26
1870 , 63.01 , 26
1871 , 62.25 , 26
1872 , 61.48 , 26
1873 , 60.97 , 26
1874 , 59.70 , 26
Extending DNA Now
1875 , 59.19 , 26
1876 , 58.17 , 26
1877 , 59.44 , 26
1878 , 58.93 , 26
1879 , 59.19 , 26
1880 , 58.93 , 26
1881 , 59.44 , 26
1882 , 59.70 , 26
1883 , 60.21 , 26
1884 , 60.21 , 26
1885 , 60.72 , 26
Going to Denaturing Temperature
1886 , 60.21 , 27
1887 , 63.53 , 27
1888 , 64.80 , 27
1889 , 66.08 , 27
1890 , 67.35 , 27
1891 , 69.39 , 27
1892 , 71.69 , 27
1893 , 72.97 , 27
1894 , 73.99 , 27
1895 , 75.77 , 27
1896 , 77.56 , 27
1897 , 79.09 , 27
1898 , 80.62 , 27
1899 , 81.90 , 27
1900 , 82.92 , 27
1901 , 84.19 , 27
1902 , 85.98 , 27
1903 , 86.23 , 27
1904 , 87.25 , 27
1905 , 89.04 , 27
1906 , 90.06 , 27
1907 , 91.34 , 27
1908 , 92.36 , 27
1909 , 92.87 , 27
1910 , 93.38 , 27
Denaturing DNA Now
1911 , 94.40 , 27
1912 , 95.67 , 27
1913 , 96.44 , 27
1914 , 96.69 , 27
1915 , 96.18 , 27
1916 , 96.18 , 27
Going to Extention Temperature
1917 , 96.18 , 27
1918 , 94.40 , 27
1919 , 92.61 , 27
1920 , 91.59 , 27
1921 , 89.81 , 27
1922 , 88.02 , 27
1923 , 85.47 , 27
1924 , 84.19 , 27
1925 , 82.66 , 27
1926 , 81.39 , 27
1927 , 79.60 , 27
1928 , 77.81 , 27
1929 , 76.54 , 27
1930 , 75.26 , 27
1931 , 73.73 , 27
1932 , 72.97 , 27
1933 , 71.69 , 27
1934 , 70.16 , 27
1935 , 68.88 , 27
1936 , 68.37 , 27
1937 , 67.10 , 27
1938 , 65.82 , 27
1939 , 64.80 , 27
1940 , 63.78 , 27
1941 , 63.01 , 27
1942 , 61.74 , 27
1943 , 60.97 , 27
1944 , 59.95 , 27
Extending DNA Now
1945 , 59.44 , 27
1946 , 58.17 , 27
1947 , 59.70 , 27
1948 , 59.95 , 27
1949 , 59.95 , 27
1950 , 59.44 , 27
1951 , 59.44 , 27
1952 , 59.95 , 27
1953 , 59.95 , 27
1954 , 60.72 , 27
1955 , 60.46 , 27
Going to Denaturing Temperature
1956 , 61.23 , 28
1957 , 63.78 , 28
1958 , 64.80 , 28
1959 , 66.59 , 28
1960 , 67.86 , 28
1961 , 69.90 , 28
1962 , 71.69 , 28
1963 , 73.22 , 28
1964 , 74.75 , 28
1965 , 77.05 , 28
1966 , 77.81 , 28
1967 , 79.60 , 28
1968 , 81.13 , 28
1969 , 82.41 , 28
1970 , 83.94 , 28
1971 , 84.70 , 28
1972 , 85.98 , 28
1973 , 87.25 , 28
1974 , 88.53 , 28
1975 , 89.81 , 28
1976 , 90.06 , 28
1977 , 91.59 , 28
1978 , 92.61 , 28
1979 , 93.63 , 28
Denaturing DNA Now
1980 , 94.40 , 28
1981 , 95.16 , 28
1982 , 95.93 , 28
1983 , 95.42 , 28
1984 , 96.18 , 28
1985 , 96.44 , 28
Going to Extention Temperature
1986 , 96.44 , 28
1987 , 94.14 , 28
1988 , 92.61 , 28
1989 , 91.08 , 28
1990 , 89.04 , 28
1991 , 87.76 , 28
1992 , 85.21 , 28
1993 , 83.68 , 28
1994 , 82.41 , 28
1995 , 80.88 , 28
1996 , 78.83 , 28
1997 , 77.56 , 28
1998 , 76.03 , 28
1999 , 74.75 , 28
2000 , 72.97 , 28
2001 , 71.95 , 28
2002 , 70.67 , 28
2003 , 69.39 , 28
2004 , 68.88 , 28
2005 , 67.86 , 28
2006 , 67.10 , 28
2007 , 65.82 , 28
2008 , 64.55 , 28
2009 , 63.27 , 28
2010 , 62.76 , 28
2011 , 61.48 , 28
2012 , 61.23 , 28
2013 , 60.21 , 28
2014 , 59.44 , 28
Extending DNA Now
2015 , 58.68 , 28
2016 , 58.17 , 28
2017 , 59.70 , 28
2018 , 59.70 , 28
2019 , 59.19 , 28
2020 , 58.93 , 28
2021 , 59.70 , 28
2022 , 60.21 , 28
2023 , 60.21 , 28
2024 , 60.46 , 28
2025 , 60.72 , 28
Going to Denaturing Temperature
2026 , 60.97 , 29
2027 , 63.53 , 29
2028 , 64.29 , 29
2029 , 65.82 , 29
2030 , 67.86 , 29
2031 , 69.65 , 29
2032 , 71.69 , 29
2033 , 72.46 , 29
2034 , 74.50 , 29
2035 , 76.03 , 29
2036 , 77.30 , 29
2037 , 79.09 , 29
2038 , 81.13 , 29
2039 , 81.90 , 29
2040 , 83.68 , 29
2041 , 84.96 , 29
2042 , 85.98 , 29
2043 , 87.76 , 29
2044 , 89.04 , 29
2045 , 89.30 , 29
2046 , 90.57 , 29
2047 , 91.34 , 29
2048 , 92.61 , 29
2049 , 93.38 , 29
Denaturing DNA Now
2050 , 94.14 , 29
2051 , 95.16 , 29
2052 , 94.91 , 29
2053 , 95.67 , 29
2054 , 96.18 , 29
2055 , 96.69 , 29
Going to Extention Temperature
2056 , 96.69 , 29
2057 , 93.63 , 29
2058 , 92.10 , 29
2059 , 90.06 , 29
2060 , 88.27 , 29
2061 , 87.25 , 29
2062 , 85.47 , 29
2063 , 83.68 , 29
2064 , 82.92 , 29
2065 , 81.13 , 29
2066 , 79.60 , 29
2067 , 78.32 , 29
2068 , 77.30 , 29
2069 , 75.52 , 29
2070 , 74.24 , 29
2071 , 72.46 , 29
2072 , 71.95 , 29
2073 , 70.41 , 29
2074 , 68.88 , 29
2075 , 68.12 , 29
2076 , 67.10 , 29
2077 , 66.33 , 29
2078 , 65.57 , 29
2079 , 64.29 , 29
2080 , 63.27 , 29
2081 , 61.99 , 29
2082 , 61.23 , 29
2083 , 60.21 , 29
2084 , 59.44 , 29
Extending DNA Now
2085 , 58.68 , 29
2086 , 57.66 , 29
2087 , 59.19 , 29
2088 , 59.70 , 29
2089 , 60.21 , 29
2090 , 59.95 , 29
2091 , 59.95 , 29
2092 , 60.46 , 29
2093 , 60.72 , 29
2094 , 61.74 , 29
2095 , 61.23 , 29
Going to Denaturing Temperature
2096 , 61.23 , 30
2097 , 63.78 , 30
2098 , 64.80 , 30
2099 , 66.33 , 30
2100 , 68.12 , 30
2101 , 69.65 , 30
2102 , 71.18 , 30
2103 , 72.97 , 30
2104 , 74.50 , 30
2105 , 76.54 , 30
2106 , 77.56 , 30
2107 , 79.34 , 30
2108 , 80.62 , 30
2109 , 81.90 , 30
2110 , 83.94 , 30
2111 , 84.70 , 30
2112 , 85.72 , 30
2113 , 87.25 , 30
2114 , 88.79 , 30
2115 , 89.55 , 30
2116 , 91.34 , 30
2117 , 92.10 , 30
2118 , 93.63 , 30
Denaturing DNA Now
2119 , 93.89 , 30
2120 , 94.65 , 30
2121 , 95.42 , 30
2122 , 96.69 , 30
2123 , 96.95 , 30
Going to Extention Temperature
2124 , 97.20 , 30
2125 , 94.65 , 30
2126 , 92.87 , 30
2127 , 91.34 , 30
2128 , 90.57 , 30
2129 , 89.04 , 30
2130 , 87.51 , 30
2131 , 85.21 , 30
2132 , 84.19 , 30
2133 , 82.41 , 30
2134 , 80.11 , 30
2135 , 79.09 , 30
2136 , 77.56 , 30
2137 , 76.03 , 30
2138 , 75.26 , 30
2139 , 73.48 , 30
2140 , 72.20 , 30
2141 , 71.18 , 30
2142 , 70.16 , 30
2143 , 68.63 , 30
2144 , 67.86 , 30
2145 , 66.59 , 30
2146 , 65.82 , 30
2147 , 64.29 , 30
2148 , 63.53 , 30
2149 , 63.01 , 30
2150 , 61.48 , 30
2151 , 60.97 , 30
2152 , 59.95 , 30
Extending DNA Now
2153 , 59.19 , 30
2154 , 58.42 , 30
2155 , 59.44 , 30
2156 , 59.95 , 30
2157 , 59.70 , 30
2158 , 59.95 , 30
2159 , 60.21 , 30
2160 , 60.46 , 30
2161 , 60.46 , 30
2162 , 60.97 , 30
2163 , 61.48 , 30
Going to Denaturing Temperature
2164 , 61.74 , 31
2165 , 64.04 , 31
2166 , 64.80 , 31
2167 , 66.33 , 31
2168 , 68.12 , 31
2169 , 69.65 , 31
2170 , 71.69 , 31
2171 , 73.48 , 31
2172 , 74.24 , 31
2173 , 77.05 , 31
2174 , 78.07 , 31
2175 , 78.83 , 31
2176 , 80.88 , 31
2177 , 82.66 , 31
2178 , 83.68 , 31
2179 , 84.70 , 31
2180 , 85.98 , 31
2181 , 87.00 , 31
2182 , 88.53 , 31
2183 , 89.81 , 31
2184 , 90.57 , 31
2185 , 91.08 , 31
2186 , 92.61 , 31
2187 , 93.12 , 31
Denaturing DNA Now
2188 , 93.63 , 31
2189 , 94.40 , 31
2190 , 95.67 , 31
2191 , 96.44 , 31
2192 , 96.44 , 31
Going to Extention Temperature
2193 , 96.44 , 31
2194 , 94.14 , 31
2195 , 92.61 , 31
2196 , 90.83 , 31
2197 , 89.55 , 31
2198 , 88.02 , 31
2199 , 86.23 , 31
2200 , 84.70 , 31
2201 , 83.17 , 31
2202 , 81.90 , 31
2203 , 79.34 , 31
2204 , 78.58 , 31
2205 , 77.05 , 31
2206 , 76.03 , 31
2207 , 74.50 , 31
2208 , 73.48 , 31
2209 , 72.20 , 31
2210 , 70.92 , 31
2211 , 69.39 , 31
2212 , 68.37 , 31
2213 , 67.35 , 31
2214 , 66.59 , 31
2215 , 65.06 , 31
2216 , 64.80 , 31
2217 , 63.53 , 31
2218 , 62.50 , 31
2219 , 61.99 , 31
2220 , 61.23 , 31
2221 , 59.95 , 31
Extending DNA Now
2222 , 59.19 , 31
2223 , 58.42 , 31
2224 , 59.19 , 31
2225 , 59.44 , 31
2226 , 59.70 , 31
2227 , 59.70 , 31
2228 , 59.70 , 31
2229 , 59.95 , 31
2230 , 60.72 , 31
2231 , 60.72 , 31
2232 , 61.23 , 31
Going to Denaturing Temperature
2233 , 61.48 , 32
2234 , 63.27 , 32
2235 , 64.55 , 32
2236 , 65.82 , 32
2237 , 67.61 , 32
2238 , 69.90 , 32
2239 , 71.95 , 32
2240 , 73.48 , 32
2241 , 75.52 , 32
2242 , 76.79 , 32
2243 , 78.83 , 32
2244 , 80.37 , 32
2245 , 81.13 , 32
2246 , 82.41 , 32
2247 , 84.19 , 32
2248 , 84.96 , 32
2249 , 86.23 , 32
2250 , 87.51 , 32
2251 , 88.53 , 32
2252 , 89.30 , 32
2253 , 90.57 , 32
2254 , 91.85 , 32
2255 , 93.12 , 32
Denaturing DNA Now
2256 , 93.89 , 32
2257 , 94.65 , 32
2258 , 95.42 , 32
2259 , 96.18 , 32
2260 , 96.44 , 32
Going to Extention Temperature
2261 , 96.69 , 32
2262 , 94.14 , 32
2263 , 92.61 , 32
2264 , 91.08 , 32
2265 , 89.30 , 32
2266 , 88.02 , 32
2267 , 86.23 , 32
2268 , 84.19 , 32
2269 , 83.17 , 32
2270 , 81.39 , 32
2271 , 79.60 , 32
2272 , 77.81 , 32
2273 , 76.79 , 32
2274 , 75.52 , 32
2275 , 74.24 , 32
2276 , 72.97 , 32
2277 , 71.69 , 32
2278 , 70.67 , 32
2279 , 69.39 , 32
2280 , 68.12 , 32
2281 , 67.10 , 32
2282 , 65.82 , 32
2284 , 64.80 , 32
2285 , 64.29 , 32
2286 , 63.53 , 32
2287 , 62.25 , 32
2288 , 61.48 , 32
2289 , 60.72 , 32
2290 , 59.70 , 32
Extending DNA Now
2291 , 58.93 , 32
2292 , 57.91 , 32
2293 , 59.19 , 32
2294 , 59.70 , 32
2295 , 59.19 , 32
2296 , 59.70 , 32
2297 , 59.70 , 32
2298 , 59.70 , 32
2299 , 60.72 , 32
2300 , 60.21 , 32
2301 , 60.97 , 32
Going to Denaturing Temperature
2302 , 61.48 , 33
2303 , 63.01 , 33
2304 , 64.80 , 33
2305 , 66.59 , 33
2306 , 67.61 , 33
2307 , 69.39 , 33
2308 , 71.69 , 33
2309 , 73.73 , 33
2310 , 74.75 , 33
2311 , 76.28 , 33
2312 , 78.07 , 33
2313 , 79.09 , 33
2314 , 81.13 , 33
2315 , 82.92 , 33
2316 , 84.19 , 33
2317 , 85.21 , 33
2318 , 86.49 , 33
2319 , 87.51 , 33
2320 , 88.79 , 33
2321 , 89.81 , 33
2322 , 90.32 , 33
2323 , 91.34 , 33
2324 , 92.36 , 33
2325 , 93.38 , 33
Denaturing DNA Now
2326 , 94.14 , 33
2327 , 94.65 , 33
2328 , 95.42 , 33
2329 , 95.67 , 33
2330 , 96.18 , 33
Going to Extention Temperature
2331 , 96.18 , 33
2332 , 93.89 , 33
2333 , 92.61 , 33
2334 , 91.08 , 33
2335 , 89.55 , 33
2336 , 87.51 , 33
2337 , 85.72 , 33
2338 , 84.45 , 33
2339 , 82.92 , 33
2340 , 80.88 , 33
2341 , 79.85 , 33
2342 , 78.32 , 33
2343 , 77.30 , 33
2344 , 75.52 , 33
2345 , 73.48 , 33
2346 , 73.22 , 33
2347 , 71.43 , 33
2348 , 70.41 , 33
2349 , 69.39 , 33
2350 , 68.12 , 33
2351 , 67.10 , 33
2352 , 66.08 , 33
2353 , 65.06 , 33
2354 , 63.78 , 33
2355 , 62.76 , 33
2356 , 62.50 , 33
2357 , 61.48 , 33
2358 , 60.72 , 33
2359 , 59.44 , 33
Extending DNA Now
2360 , 59.19 , 33
2361 , 58.17 , 33
2362 , 59.70 , 33
2363 , 59.95 , 33
2364 , 59.44 , 33
2365 , 59.44 , 33
2366 , 59.70 , 33
2367 , 59.70 , 33
2368 , 60.72 , 33
2369 , 60.97 , 33
2370 , 60.97 , 33
Going to Denaturing Temperature
2371 , 61.23 , 34
2372 , 63.53 , 34
2373 , 64.80 , 34
2374 , 65.82 , 34
2375 , 67.86 , 34
2376 , 69.65 , 34
2377 , 71.69 , 34
2378 , 73.22 , 34
2379 , 75.26 , 34
2380 , 77.05 , 34
2381 , 77.81 , 34
2382 , 79.34 , 34
2383 , 81.13 , 34
2384 , 82.66 , 34
2385 , 84.19 , 34
2386 , 85.47 , 34
2387 , 86.74 , 34
2388 , 88.02 , 34
2389 , 89.04 , 34
2390 , 90.06 , 34
2391 , 90.83 , 34
2392 , 92.10 , 34
2393 , 92.87 , 34
2394 , 94.14 , 34
Denaturing DNA Now
2395 , 94.91 , 34
2396 , 95.42 , 34
2397 , 95.67 , 34
2398 , 96.44 , 34
2399 , 96.44 , 34
2400 , 96.18 , 34
Going to Extention Temperature
2401 , 96.18 , 34
2402 , 93.89 , 34
2403 , 92.10 , 34
2404 , 90.06 , 34
2405 , 88.53 , 34
2406 , 87.25 , 34
2407 , 85.72 , 34
2408 , 84.19 , 34
2409 , 81.64 , 34
2410 , 80.88 , 34
2411 , 79.60 , 34
2412 , 78.07 , 34
2413 , 76.54 , 34
2414 , 75.26 , 34
2415 , 73.99 , 34
2416 , 72.20 , 34
2417 , 71.69 , 34
2418 , 69.90 , 34
2419 , 68.88 , 34
2420 , 68.12 , 34
2421 , 66.59 , 34
2422 , 65.57 , 34
2423 , 64.29 , 34
2424 , 63.53 , 34
2425 , 62.50 , 34
2426 , 61.74 , 34
2427 , 60.97 , 34
2428 , 60.21 , 34
2429 , 59.44 , 34
Extending DNA Now
2430 , 58.42 , 34
2431 , 57.40 , 34
2432 , 58.68 , 34
2433 , 58.93 , 34
2434 , 59.19 , 34
2435 , 59.70 , 34
2436 , 59.95 , 34
2437 , 59.70 , 34
2438 , 60.72 , 34
2439 , 60.72 , 34
2440 , 60.97 , 34
Going to Denaturing Temperature
2441 , 61.23 , 35
2442 , 63.01 , 35
2443 , 65.06 , 35
2444 , 66.08 , 35
2445 , 67.61 , 35
2446 , 69.90 , 35
2447 , 71.69 , 35
2448 , 72.97 , 35
2449 , 75.01 , 35
2450 , 76.54 , 35
2451 , 77.56 , 35
2452 , 79.09 , 35
2453 , 80.37 , 35
2454 , 81.64 , 35
2455 , 83.68 , 35
2456 , 84.19 , 35
2457 , 85.72 , 35
2458 , 87.76 , 35
2459 , 89.30 , 35
2460 , 90.06 , 35
2461 , 91.08 , 35
2462 , 91.59 , 35
2463 , 92.61 , 35
2464 , 93.89 , 35
Denaturing DNA Now
2465 , 95.16 , 35
2466 , 95.42 , 35
2467 , 95.93 , 35
2468 , 95.93 , 35
2469 , 97.20 , 35
Going to Extention Temperature
2470 , 96.44 , 35
2471 , 94.40 , 35
2472 , 92.61 , 35
2473 , 91.34 , 35
2474 , 89.81 , 35
2475 , 87.76 , 35
2476 , 86.23 , 35
2477 , 84.45 , 35
2478 , 82.92 , 35
2479 , 81.13 , 35
2480 , 79.85 , 35
2481 , 78.32 , 35
2482 , 76.79 , 35
2483 , 75.77 , 35
2484 , 74.24 , 35
2485 , 72.71 , 35
2486 , 71.69 , 35
2487 , 70.67 , 35
2488 , 69.39 , 35
2489 , 68.12 , 35
2490 , 67.35 , 35
2491 , 65.82 , 35
2492 , 64.80 , 35
2493 , 63.78 , 35
2494 , 63.27 , 35
2495 , 61.99 , 35
2496 , 60.72 , 35
2497 , 60.21 , 35
2498 , 59.70 , 35
Extending DNA Now
2499 , 58.68 , 35
2500 , 57.91 , 35
2501 , 59.19 , 35
2502 , 60.21 , 35
2503 , 59.44 , 35
2504 , 59.19 , 35
2505 , 59.70 , 35
2506 , 59.95 , 35
2507 , 60.21 , 35
2508 , 60.72 , 35
2509 , 60.97 , 35
Going to Denaturing Temperature
2510 , 60.97 , 36
2511 , 63.53 , 36
2512 , 64.04 , 36
2513 , 65.82 , 36
2514 , 67.35 , 36
2515 , 68.88 , 36
2516 , 70.92 , 36
2517 , 72.71 , 36
2518 , 74.50 , 36
2519 , 76.28 , 36
2520 , 77.30 , 36
2521 , 79.34 , 36
2522 , 80.62 , 36
2523 , 82.41 , 36
2524 , 83.68 , 36
2525 , 84.96 , 36
2526 , 86.49 , 36
2527 , 87.51 , 36
2528 , 88.53 , 36
2529 , 89.81 , 36
2530 , 90.57 , 36
2531 , 91.85 , 36
2532 , 91.59 , 36
2533 , 93.63 , 36
Denaturing DNA Now
2534 , 94.65 , 36
2535 , 95.42 , 36
2536 , 96.44 , 36
2537 , 95.93 , 36
2538 , 96.69 , 36
2539 , 96.44 , 36
Going to Extention Temperature
2540 , 96.69 , 36
2541 , 94.14 , 36
2542 , 92.61 , 36
2543 , 91.08 , 36
2544 , 89.55 , 36
2545 , 87.76 , 36
2546 , 86.49 , 36
2547 , 85.21 , 36
2548 , 83.43 , 36
2549 , 81.90 , 36
2550 , 80.37 , 36
2551 , 79.09 , 36
2552 , 77.56 , 36
2553 , 76.03 , 36
2554 , 74.75 , 36
2555 , 73.73 , 36
2556 , 72.20 , 36
2557 , 71.18 , 36
2558 , 69.90 , 36
2559 , 69.14 , 36
2560 , 67.35 , 36
2561 , 66.84 , 36
2562 , 65.57 , 36
2563 , 64.80 , 36
2564 , 63.27 , 36
2565 , 63.01 , 36
2566 , 61.48 , 36
2567 , 60.72 , 36
2568 , 60.21 , 36
2569 , 59.44 , 36
Extending DNA Now
2570 , 58.17 , 36
2571 , 57.40 , 36
2572 , 58.42 , 36
2573 , 58.68 , 36
2574 , 59.44 , 36
2575 , 58.93 , 36
2576 , 59.70 , 36
2577 , 59.44 , 36
2578 , 59.95 , 36
2579 , 60.46 , 36
2580 , 60.72 , 36
