0 , 25.00 , 0
1 , 24.49 , 0
2 , 24.49 , 0
3 , 24.74 , 0
4 , 24.23 , 0
5 , 24.74 , 0
6 , 23.98 , 0
7 , 24.74 , 0
8 , 24.49 , 0
9 , 24.49 , 0
10 , 24.23 , 80
11 , 24.74 , 80
12 , 27.55 , 80
13 , 29.08 , 80
14 , 32.14 , 80
15 , 34.95 , 80
16 , 41.58 , 80
17 , 51.53 , 80
18 , 58.17 , 80
19 , 63.78 , 80
20 , 67.35 , 80
21 , 71.43 , 80
22 , 74.50 , 80
23 , 77.30 , 80
24 , 79.60 , 80
25 , 82.41 , 80
26 , 84.45 , 80
27 , 87.25 , 80
28 , 89.81 , 80
29 , 91.85 , 80
30 , 94.14 , 80
31 , 95.67 , 80
32 , 97.20 , 80
33 , 99.25 , 80
34 , 100.78 , 80
35 , 102.56 , 80
36 , 103.84 , 80
37 , 104.86 , 80
38 , 106.39 , 80
39 , 106.39 , 80
40 , 107.41 , 80
41 , 108.69 , 80
42 , 108.94 , 80
43 , 110.22 , 80
44 , 110.98 , 80
45 , 111.75 , 80
46 , 112.77 , 80
47 , 112.51 , 80
48 , 112.51 , 80
49 , 113.53 , 80
50 , 113.79 , 80
51 , 115.07 , 80
52 , 115.32 , 80
53 , 115.58 , 80
54 , 115.32 , 80
55 , 115.07 , 80
56 , 115.83 , 80
57 , 116.34 , 80
58 , 115.83 , 80
59 , 116.09 , 80
60 , 116.85 , 80
61 , 116.34 , 80
62 , 116.34 , 80
63 , 117.11 , 80
64 , 117.36 , 80
65 , 116.85 , 80
66 , 117.11 , 80
67 , 117.11 , 80
68 , 117.11 , 80
69 , 117.11 , 80
70 , 117.36 , 80
71 , 117.11 , 80
72 , 117.87 , 80
73 , 117.87 , 80
74 , 118.38 , 80
75 , 118.38 , 80
76 , 118.13 , 80
77 , 117.36 , 80
78 , 117.62 , 80
79 , 117.87 , 80
80 , 117.62 , 80
81 , 118.13 , 80
82 , 117.62 , 80
83 , 117.36 , 80
84 , 117.36 , 80
85 , 117.36 , 80
86 , 117.11 , 80
87 , 117.62 , 80
88 , 117.62 , 80
89 , 117.87 , 80
90 , 116.85 , 80
91 , 116.85 , 80
92 , 116.85 , 80
93 , 117.62 , 80
94 , 117.36 , 80
95 , 117.11 , 80
96 , 117.11 , 80
97 , 115.83 , 80
98 , 116.85 , 80
99 , 116.34 , 80
100 , 116.60 , 80
101 , 116.60 , 80
102 , 116.34 , 80
103 , 116.09 , 80
104 , 116.34 , 80
105 , 115.58 , 80
106 , 115.32 , 80
107 , 115.58 , 80
108 , 115.58 , 80
109 , 115.07 , 80
110 , 115.58 , 80
111 , 115.07 , 80
112 , 115.83 , 80
113 , 114.81 , 80
114 , 115.58 , 80
115 , 115.07 , 80
116 , 114.30 , 80
117 , 114.56 , 80
118 , 114.56 , 80
119 , 113.02 , 80
120 , 113.28 , 80
121 , 113.79 , 80
122 , 113.28 , 80
123 , 112.77 , 80
124 , 113.02 , 80
125 , 113.02 , 80
126 , 111.75 , 80
127 , 112.00 , 80
128 , 112.00 , 80
129 , 111.49 , 80
130 , 111.75 , 0
131 , 99.76 , 0
132 , 94.40 , 0
133 , 90.06 , 0
134 , 86.74 , 0
135 , 83.94 , 0
136 , 80.62 , 0
137 , 78.32 , 0
138 , 76.28 , 0
139 , 74.24 , 0
140 , 72.46 , 0
141 , 70.16 , 0
142 , 68.63 , 0
143 , 66.59 , 0
144 , 64.80 , 0
145 , 63.53 , 0
146 , 61.99 , 0
147 , 60.21 , 0
148 , 58.93 , 0
149 , 57.91 , 0
150 , 57.40 , 0
151 , 55.62 , 0
152 , 54.59 , 0
153 , 53.83 , 0
154 , 52.81 , 0
155 , 51.79 , 0
156 , 50.26 , 0
157 , 49.24 , 0
158 , 48.22 , 0
159 , 47.96 , 0
160 , 46.94 , 0
161 , 45.92 , 0
162 , 45.15 , 0
163 , 44.64 , 0
164 , 43.88 , 0
165 , 43.37 , 0
166 , 42.86 , 0
167 , 42.09 , 0
168 , 41.58 , 0
169 , 41.07 , 0
170 , 40.56 , 0
171 , 40.05 , 0
172 , 39.03 , 0
173 , 39.03 , 0
174 , 38.52 , 0
175 , 38.01 , 0
176 , 37.50 , 0
177 , 36.73 , 0
178 , 36.73 , 0
179 , 35.97 , 0
180 , 35.46 , 0
181 , 35.20 , 0
182 , 34.95 , 0
183 , 34.69 , 0
184 , 34.18 , 0
185 , 33.93 , 0
186 , 33.67 , 0
187 , 33.16 , 0
188 , 32.91 , 0
189 , 32.91 , 0
190 , 32.40 , 0
191 , 32.14 , 0
192 , 31.89 , 0
193 , 31.12 , 0
194 , 31.38 , 0
195 , 31.12 , 0
196 , 30.61 , 0
197 , 30.10 , 0
198 , 29.85 , 0
199 , 30.10 , 0
200 , 29.59 , 0
201 , 29.59 , 0
202 , 29.59 , 0
203 , 29.34 , 0
204 , 28.82 , 0
205 , 28.82 , 0
206 , 28.57 , 0
207 , 28.31 , 0
208 , 28.31 , 0
209 , 28.06 , 0
210 , 27.80 , 0
211 , 27.80 , 0
212 , 27.80 , 0
213 , 27.55 , 0
214 , 27.04 , 0
215 , 26.78 , 0
216 , 27.04 , 0
217 , 27.29 , 0
218 , 26.78 , 0
219 , 27.29 , 0
220 , 26.78 , 0
221 , 26.53 , 0
222 , 26.27 , 0
223 , 26.27 , 0
224 , 26.02 , 0
225 , 26.27 , 0
226 , 26.27 , 0
227 , 26.02 , 0
228 , 25.76 , 0
229 , 25.76 , 0
230 , 25.76 , 0
231 , 25.51 , 0
232 , 25.25 , 0
233 , 25.51 , 0
234 , 25.25 , 0
235 , 24.74 , 0
236 , 24.74 , 0
237 , 25.25 , 0
238 , 25.00 , 0
239 , 24.49 , 0
240 , 24.49 , 0
241 , 24.74 , 0
242 , 24.74 , 0
243 , 24.74 , 0
244 , 24.23 , 0
245 , 24.49 , 0
246 , 24.49 , 0
247 , 23.98 , 0
248 , 24.74 , 0
249 , 24.23 , 0
250 , 24.23 , 0

