Please wait for the temperature to reach 95
0 , 27.29 , 0
1 , 29.85 , 0
2 , 34.69 , 0
3 , 37.50 , 0
4 , 39.80 , 0
5 , 42.60 , 0
6 , 46.17 , 0
7 , 49.24 , 0
8 , 53.06 , 0
9 , 55.36 , 0
10 , 58.17 , 0
11 , 60.97 , 0
12 , 64.04 , 0
13 , 66.33 , 0
14 , 68.37 , 0
15 , 70.41 , 0
16 , 72.97 , 0
17 , 75.01 , 0
18 , 76.28 , 0
19 , 77.56 , 0
20 , 79.34 , 0
21 , 81.13 , 0
22 , 81.90 , 0
23 , 83.68 , 0
24 , 84.96 , 0
25 , 85.47 , 0
26 , 86.74 , 0
27 , 87.76 , 0
28 , 89.04 , 0
29 , 89.30 , 0
30 , 90.32 , 0
31 , 90.06 , 0
32 , 91.59 , 0
33 , 92.10 , 0
34 , 92.61 , 0
35 , 93.12 , 0
Temperature has reached 95, please wait 30s for the initial denaturing to complete
36 , 92.87 , 0
37 , 93.89 , 0
38 , 93.38 , 0
39 , 93.89 , 0
40 , 94.14 , 0
41 , 93.89 , 0
42 , 94.91 , 0
43 , 94.65 , 0
44 , 94.91 , 0
45 , 95.42 , 0
46 , 95.42 , 0
47 , 95.16 , 0
48 , 94.14 , 0
49 , 93.38 , 0
50 , 93.38 , 0
51 , 92.87 , 0
52 , 92.61 , 0
53 , 92.61 , 0
54 , 93.12 , 0
55 , 94.40 , 0
56 , 95.16 , 0
Initial Denaturing has completed, Amplification Loop will start now
Going to Denaturing Temperature
Denaturing DNA Now
57 , 95.67 , 1
58 , 94.65 , 1
59 , 94.40 , 1
60 , 94.65 , 1
61 , 93.89 , 1
Going to Extention Temperature
62 , 93.38 , 1
63 , 90.57 , 1
64 , 88.27 , 1
65 , 85.98 , 1
66 , 83.94 , 1
67 , 81.64 , 1
68 , 79.60 , 1
69 , 77.30 , 1
70 , 75.01 , 1
71 , 73.73 , 1
72 , 71.43 , 1
73 , 70.16 , 1
74 , 68.12 , 1
75 , 66.59 , 1
76 , 64.80 , 1
77 , 63.53 , 1
78 , 62.25 , 1
79 , 61.23 , 1
80 , 60.46 , 1
81 , 58.93 , 1
Extending DNA Now
82 , 57.91 , 1
83 , 57.15 , 1
84 , 58.17 , 1
85 , 58.42 , 1
86 , 58.68 , 1
87 , 59.44 , 1
88 , 59.70 , 1
89 , 59.95 , 1
90 , 60.72 , 1
91 , 61.23 , 1
92 , 62.25 , 1
Going to Denaturing Temperature
93 , 61.74 , 2
94 , 64.04 , 2
95 , 65.31 , 2
96 , 68.37 , 2
97 , 70.92 , 2
98 , 73.73 , 2
99 , 75.01 , 2
100 , 77.81 , 2
101 , 79.85 , 2
102 , 81.39 , 2
103 , 83.17 , 2
104 , 84.70 , 2
105 , 85.98 , 2
106 , 87.25 , 2
107 , 88.27 , 2
108 , 89.55 , 2
109 , 90.06 , 2
110 , 91.08 , 2
111 , 91.08 , 2
112 , 92.10 , 2
113 , 92.61 , 2
114 , 93.12 , 2
Denaturing DNA Now
115 , 93.63 , 2
116 , 93.89 , 2
117 , 93.89 , 2
118 , 94.91 , 2
119 , 95.16 , 2
Going to Extention Temperature
120 , 95.16 , 2
121 , 92.61 , 2
122 , 90.32 , 2
123 , 88.27 , 2
124 , 85.47 , 2
125 , 82.92 , 2
126 , 80.88 , 2
127 , 78.83 , 2
128 , 76.54 , 2
129 , 74.50 , 2
130 , 72.46 , 2
131 , 70.16 , 2
132 , 68.63 , 2
133 , 67.10 , 2
134 , 65.57 , 2
135 , 63.78 , 2
136 , 62.25 , 2
137 , 61.23 , 2
138 , 59.95 , 2
Extending DNA Now
139 , 58.68 , 2
140 , 57.15 , 2
141 , 58.68 , 2
142 , 59.19 , 2
143 , 59.19 , 2
144 , 59.70 , 2
145 , 60.46 , 2
146 , 60.97 , 2
147 , 61.48 , 2
148 , 62.25 , 2
149 , 62.76 , 2
Going to Denaturing Temperature
150 , 63.01 , 3
151 , 64.80 , 3
152 , 68.12 , 3
153 , 70.16 , 3
154 , 72.71 , 3
155 , 75.52 , 3
156 , 78.07 , 3
157 , 79.60 , 3
158 , 81.13 , 3
159 , 83.68 , 3
160 , 84.45 , 3
161 , 86.74 , 3
162 , 87.25 , 3
163 , 88.53 , 3
164 , 89.55 , 3
165 , 90.32 , 3
166 , 90.83 , 3
167 , 91.59 , 3
168 , 92.36 , 3
169 , 93.63 , 3
Denaturing DNA Now
170 , 93.89 , 3
171 , 94.14 , 3
172 , 94.65 , 3
173 , 95.16 , 3
174 , 94.40 , 3
175 , 94.40 , 3
Going to Extention Temperature
176 , 93.63 , 3
177 , 90.57 , 3
178 , 87.51 , 3
179 , 84.70 , 3
180 , 82.66 , 3
181 , 80.11 , 3
182 , 77.81 , 3
183 , 75.26 , 3
184 , 72.97 , 3
185 , 70.67 , 3
186 , 68.88 , 3
187 , 67.61 , 3
188 , 65.82 , 3
189 , 63.78 , 3
190 , 62.25 , 3
191 , 60.97 , 3
192 , 59.70 , 3
Extending DNA Now
193 , 58.42 , 3
194 , 56.89 , 3
195 , 58.17 , 3
196 , 58.68 , 3
197 , 58.93 , 3
198 , 59.44 , 3
199 , 60.21 , 3
200 , 60.21 , 3
201 , 60.97 , 3
202 , 61.74 , 3
203 , 61.74 , 3
Going to Denaturing Temperature
204 , 62.50 , 4
205 , 64.55 , 4
206 , 67.10 , 4
207 , 69.90 , 4
208 , 72.71 , 4
209 , 75.52 , 4
210 , 78.07 , 4
211 , 79.34 , 4
212 , 81.90 , 4
213 , 84.19 , 4
214 , 85.21 , 4
215 , 86.49 , 4
216 , 88.27 , 4
217 , 89.04 , 4
218 , 89.30 , 4
219 , 90.83 , 4
220 , 90.83 , 4
221 , 91.59 , 4
222 , 92.61 , 4
223 , 92.87 , 4
224 , 93.63 , 4
Denaturing DNA Now
225 , 94.14 , 4
226 , 94.40 , 4
227 , 94.14 , 4
228 , 94.14 , 4
229 , 94.40 , 4
Going to Extention Temperature
230 , 94.40 , 4
231 , 92.10 , 4
232 , 88.79 , 4
233 , 85.47 , 4
234 , 82.92 , 4
235 , 80.11 , 4
236 , 76.54 , 4
237 , 75.01 , 4
238 , 72.71 , 4
239 , 69.90 , 4
240 , 68.63 , 4
241 , 66.33 , 4
242 , 64.80 , 4
243 , 63.01 , 4
244 , 61.74 , 4
245 , 60.21 , 4
246 , 58.42 , 4
Extending DNA Now
247 , 57.15 , 4
248 , 56.13 , 4
249 , 56.89 , 4
250 , 57.91 , 4
251 , 58.93 , 4
252 , 59.70 , 4
253 , 60.21 , 4
254 , 60.72 , 4
255 , 61.74 , 4
256 , 61.99 , 4
257 , 62.25 , 4
Going to Denaturing Temperature
258 , 63.27 , 5
259 , 65.31 , 5
260 , 68.37 , 5
261 , 70.92 , 5
262 , 73.48 , 5
263 , 75.52 , 5
264 , 77.81 , 5
265 , 80.11 , 5
266 , 81.90 , 5
267 , 83.68 , 5
268 , 85.98 , 5
269 , 86.49 , 5
270 , 88.27 , 5
271 , 89.55 , 5
272 , 90.32 , 5
273 , 90.83 , 5
274 , 91.08 , 5
275 , 92.10 , 5
276 , 92.10 , 5
277 , 91.85 , 5
278 , 92.61 , 5
279 , 93.12 , 5
Denaturing DNA Now
280 , 92.87 , 5
281 , 93.38 , 5
282 , 93.12 , 5
283 , 92.61 , 5
284 , 93.12 , 5
285 , 93.12 , 5
Going to Extention Temperature
286 , 92.61 , 5
287 , 89.81 , 5
288 , 85.98 , 5
289 , 82.41 , 5
290 , 78.83 , 5
291 , 75.77 , 5
292 , 73.48 , 5
293 , 70.67 , 5
294 , 68.88 , 5
295 , 66.59 , 5
296 , 64.55 , 5
297 , 63.01 , 5
298 , 61.23 , 5
299 , 59.70 , 5
Extending DNA Now
300 , 57.91 , 5
301 , 56.13 , 5
302 , 57.15 , 5
303 , 58.42 , 5
304 , 58.93 , 5
305 , 59.95 , 5
306 , 60.46 , 5
307 , 61.23 , 5
308 , 61.48 , 5
309 , 61.23 , 5
310 , 62.25 , 5
Going to Denaturing Temperature
311 , 62.25 , 6
312 , 64.29 , 6
313 , 67.86 , 6
314 , 71.18 , 6
315 , 73.99 , 6
316 , 76.28 , 6
317 , 78.07 , 6
318 , 79.60 , 6
319 , 80.88 , 6
320 , 82.41 , 6
321 , 83.68 , 6
322 , 83.94 , 6
323 , 85.47 , 6
324 , 85.98 , 6
325 , 81.13 , 6
326 , 83.68 , 6
327 , 85.47 , 6
328 , 87.00 , 6
329 , 89.04 , 6
330 , 90.83 , 6
331 , 91.59 , 6
332 , 92.61 , 6
333 , 93.63 , 6
Denaturing DNA Now
334 , 94.40 , 6
335 , 93.89 , 6
336 , 94.14 , 6
337 , 93.89 , 6
338 , 94.40 , 6
Going to Extention Temperature
339 , 94.14 , 6
340 , 91.59 , 6
341 , 88.53 , 6
342 , 85.21 , 6
343 , 82.15 , 6
344 , 79.60 , 6
345 , 76.79 , 6
346 , 74.24 , 6
347 , 71.95 , 6
348 , 69.65 , 6
349 , 67.61 , 6
350 , 65.82 , 6
351 , 64.04 , 6
352 , 62.50 , 6
353 , 60.72 , 6
354 , 59.44 , 6
Extending DNA Now
355 , 58.42 , 6
356 , 56.38 , 6
357 , 57.40 , 6
358 , 58.17 , 6
359 , 59.19 , 6
360 , 59.44 , 6
361 , 60.97 , 6
362 , 61.48 , 6
363 , 61.74 , 6
364 , 62.50 , 6
365 , 63.27 , 6
Going to Denaturing Temperature
366 , 63.78 , 7
367 , 66.08 , 7
368 , 68.88 , 7
369 , 71.69 , 7
370 , 74.50 , 7
371 , 77.56 , 7
372 , 79.85 , 7
373 , 82.15 , 7
374 , 84.45 , 7
375 , 85.72 , 7
376 , 87.25 , 7
377 , 88.02 , 7
378 , 88.53 , 7
379 , 89.55 , 7
380 , 90.32 , 7
381 , 91.59 , 7
382 , 92.36 , 7
383 , 92.36 , 7
384 , 92.36 , 7
385 , 93.12 , 7
Denaturing DNA Now
386 , 93.63 , 7
387 , 93.89 , 7
388 , 94.14 , 7
389 , 93.89 , 7
390 , 93.89 , 7
Going to Extention Temperature
391 , 93.12 , 7
392 , 91.34 , 7
393 , 87.25 , 7
394 , 83.68 , 7
395 , 80.62 , 7
396 , 77.56 , 7
397 , 75.01 , 7
398 , 72.46 , 7
399 , 70.41 , 7
400 , 68.37 , 7
401 , 66.08 , 7
402 , 64.04 , 7
403 , 62.50 , 7
404 , 60.72 , 7
405 , 58.93 , 7
Extending DNA Now
406 , 57.15 , 7
407 , 56.13 , 7
408 , 57.15 , 7
409 , 57.91 , 7
410 , 59.19 , 7
411 , 59.95 , 7
412 , 60.72 , 7
413 , 61.23 , 7
414 , 61.74 , 7
415 , 62.50 , 7
416 , 63.01 , 7
Going to Denaturing Temperature
417 , 63.27 , 8
418 , 65.57 , 8
419 , 68.12 , 8
420 , 71.18 , 8
421 , 74.75 , 8
422 , 77.56 , 8
423 , 79.60 , 8
424 , 81.64 , 8
425 , 83.17 , 8
426 , 84.45 , 8
427 , 85.72 , 8
428 , 87.25 , 8
429 , 87.51 , 8
430 , 88.79 , 8
431 , 88.79 , 8
432 , 89.55 , 8
433 , 90.06 , 8
434 , 90.32 , 8
435 , 90.83 , 8
436 , 91.08 , 8
437 , 91.85 , 8
438 , 91.85 , 8
439 , 92.61 , 8
440 , 92.61 , 8
441 , 92.87 , 8
442 , 92.61 , 8
443 , 92.36 , 8
444 , 92.61 , 8
445 , 92.36 , 8
446 , 92.10 , 8
447 , 90.83 , 8
448 , 91.59 , 8
449 , 91.59 , 8
450 , 91.59 , 8
451 , 90.83 , 8
452 , 91.59 , 8
453 , 91.08 , 8
454 , 91.08 , 8
455 , 91.08 , 8
456 , 91.08 , 8
457 , 90.57 , 8
458 , 90.57 , 8
459 , 90.57 , 8
460 , 91.08 , 8
461 , 91.08 , 8
462 , 90.32 , 8
463 , 89.81 , 8
464 , 89.55 , 8
465 , 87.00 , 8
466 , 87.76 , 8
467 , 88.02 , 8
468 , 88.53 , 8
469 , 88.53 , 8
470 , 89.04 , 8
471 , 89.55 , 8
472 , 89.30 , 8
473 , 89.81 , 8
474 , 90.32 , 8
475 , 90.57 , 8
476 , 90.06 , 8
477 , 90.32 , 8
478 , 89.04 , 8
479 , 90.32 , 8
480 , 91.59 , 8
481 , 92.87 , 8
482 , 92.87 , 8
483 , 93.12 , 8
Denaturing DNA Now
484 , 94.14 , 8
485 , 93.89 , 8
486 , 94.65 , 8
487 , 94.40 , 8
488 , 95.16 , 8
Going to Extention Temperature
489 , 95.42 , 8
490 , 93.63 , 8
491 , 89.04 , 8
492 , 85.47 , 8
493 , 81.13 , 8
494 , 78.32 , 8
495 , 75.01 , 8
496 , 72.71 , 8
497 , 70.67 , 8
498 , 68.63 , 8
499 , 65.82 , 8
500 , 64.80 , 8
501 , 62.50 , 8
502 , 60.46 , 8
503 , 59.19 , 8
Extending DNA Now
504 , 58.17 , 8
505 , 56.89 , 8
506 , 57.40 , 8
507 , 58.17 , 8
508 , 58.17 , 8
509 , 59.70 , 8
510 , 60.21 , 8
511 , 60.97 , 8
512 , 61.99 , 8
513 , 61.74 , 8
514 , 62.50 , 8
Going to Denaturing Temperature
515 , 62.25 , 9
516 , 65.06 , 9
517 , 67.86 , 9
518 , 70.92 , 9
519 , 73.73 , 9
520 , 76.03 , 9
521 , 78.07 , 9
522 , 79.60 , 9
523 , 81.39 , 9
524 , 82.92 , 9
525 , 84.70 , 9
526 , 85.47 , 9
527 , 86.23 , 9
528 , 86.74 , 9
529 , 87.51 , 9
530 , 88.53 , 9
531 , 89.04 , 9
532 , 90.06 , 9
533 , 89.30 , 9
534 , 90.83 , 9
535 , 90.32 , 9
536 , 91.08 , 9
537 , 91.34 , 9
538 , 91.34 , 9
539 , 91.85 , 9
540 , 91.85 , 9
541 , 91.34 , 9
542 , 92.10 , 9
543 , 91.34 , 9
544 , 92.36 , 9
545 , 92.36 , 9
546 , 92.36 , 9
547 , 92.61 , 9
548 , 93.38 , 9
Denaturing DNA Now
549 , 92.87 , 9
550 , 93.12 , 9
551 , 92.87 , 9
552 , 92.10 , 9
553 , 92.36 , 9
Going to Extention Temperature
554 , 92.61 , 9
555 , 88.53 , 9
556 , 84.70 , 9
557 , 80.62 , 9
558 , 76.79 , 9
559 , 74.75 , 9
560 , 71.69 , 9
561 , 69.14 , 9
562 , 67.10 , 9
563 , 65.06 , 9
564 , 63.27 , 9
565 , 61.48 , 9
566 , 59.44 , 9
Extending DNA Now
567 , 58.17 , 9
568 , 56.13 , 9
569 , 57.40 , 9
570 , 58.17 , 9
571 , 58.68 , 9
572 , 58.68 , 9
573 , 59.44 , 9
574 , 59.70 , 9
575 , 60.21 , 9
576 , 60.21 , 9
577 , 59.95 , 9
Going to Denaturing Temperature
578 , 60.21 , 10
579 , 62.76 , 10
580 , 66.59 , 10
581 , 69.65 , 10
582 , 71.69 , 10
583 , 75.01 , 10
584 , 77.05 , 10
585 , 77.81 , 10
586 , 79.60 , 10
587 , 80.62 , 10
588 , 81.39 , 10
589 , 82.41 , 10
590 , 83.43 , 10
591 , 84.45 , 10
592 , 84.45 , 10
593 , 84.96 , 10
594 , 86.49 , 10
595 , 87.00 , 10
596 , 88.02 , 10
597 , 88.27 , 10
598 , 88.79 , 10
599 , 88.79 , 10
600 , 88.27 , 10
601 , 88.79 , 10
602 , 88.53 , 10
603 , 88.53 , 10
604 , 88.27 , 10
605 , 88.02 , 10
606 , 88.79 , 10
607 , 88.27 , 10
608 , 88.53 , 10
609 , 88.79 , 10
610 , 88.53 , 10
611 , 88.27 , 10
612 , 88.27 , 10
613 , 88.27 , 10
614 , 88.02 , 10
615 , 87.51 , 10
616 , 87.51 , 10
617 , 87.76 , 10
618 , 87.00 , 10
619 , 87.51 , 10
620 , 87.25 , 10
621 , 87.00 , 10
622 , 86.74 , 10
623 , 86.49 , 10
624 , 86.49 , 10
625 , 86.74 , 10
626 , 87.00 , 10
627 , 87.25 , 10
628 , 86.74 , 10
629 , 87.25 , 10
630 , 86.23 , 10
631 , 87.00 , 10
632 , 86.74 , 10
633 , 85.47 , 10
634 , 85.98 , 10
635 , 86.23 , 10
636 , 85.72 , 10
637 , 84.96 , 10
638 , 85.21 , 10
639 , 84.96 , 10
640 , 85.21 , 10
641 , 84.45 , 10
642 , 84.96 , 10
643 , 84.70 , 10
644 , 84.96 , 10
645 , 85.47 , 10
646 , 85.21 , 10
647 , 84.96 , 10
648 , 86.23 , 10
649 , 86.23 , 10
650 , 86.23 , 10
651 , 86.23 , 10
652 , 86.49 , 10
653 , 86.74 , 10
654 , 87.51 , 10
655 , 87.00 , 10
656 , 87.00 , 10
657 , 87.51 , 10
658 , 87.25 , 10
659 , 78.83 , 10
660 , 80.62 , 10
661 , 81.64 , 10
662 , 82.66 , 10
663 , 82.92 , 10
664 , 83.43 , 10
665 , 84.45 , 10
666 , 84.70 , 10
667 , 84.45 , 10
668 , 84.96 , 10
669 , 84.96 , 10
670 , 84.96 , 10
671 , 85.21 , 10
672 , 84.96 , 10
673 , 84.96 , 10
674 , 85.47 , 10
675 , 85.47 , 10
676 , 85.47 , 10
677 , 85.72 , 10
678 , 86.23 , 10
679 , 86.23 , 10
680 , 86.23 , 10
681 , 86.49 , 10
682 , 85.98 , 10
683 , 85.98 , 10
684 , 86.74 , 10
685 , 85.98 , 10
686 , 86.23 , 10
687 , 85.98 , 10
688 , 85.72 , 10
689 , 85.72 , 10
690 , 85.72 , 10
691 , 85.98 , 10
692 , 85.21 , 10
693 , 85.47 , 10
694 , 85.72 , 10
695 , 85.21 , 10
696 , 84.96 , 10
697 , 85.21 , 10
698 , 85.72 , 10
699 , 84.19 , 10
700 , 83.94 , 10
701 , 84.45 , 10
702 , 84.45 , 10
703 , 84.70 , 10
704 , 85.72 , 10
705 , 85.47 , 10
706 , 85.72 , 10
707 , 85.47 , 10
708 , 85.47 , 10
709 , 86.23 , 10
710 , 85.98 , 10
711 , 87.00 , 10
712 , 86.74 , 10
713 , 86.74 , 10
714 , 87.25 , 10
715 , 87.00 , 10
716 , 87.00 , 10
717 , 87.25 , 10
718 , 86.74 , 10
719 , 87.00 , 10
720 , 87.25 , 10
721 , 87.00 , 10
722 , 87.25 , 10
723 , 87.25 , 10
724 , 86.49 , 10
725 , 87.25 , 10
726 , 87.00 , 10
727 , 87.00 , 10
728 , 86.74 , 10
729 , 85.98 , 10
730 , 86.23 , 10
731 , 85.98 , 10
732 , 85.47 , 10
733 , 84.70 , 10
735 , 84.19 , 10
736 , 84.45 , 10
737 , 84.45 , 10
738 , 84.45 , 10
739 , 84.45 , 10
740 , 84.45 , 10
741 , 84.70 , 10
742 , 84.45 , 10
743 , 83.94 , 10
744 , 84.19 , 10
745 , 83.43 , 10
746 , 83.43 , 10
747 , 83.94 , 10
748 , 74.75 , 10
749 , 76.54 , 10
750 , 78.07 , 10
751 , 79.60 , 10
752 , 81.64 , 10
753 , 82.92 , 10
754 , 83.68 , 10
755 , 84.96 , 10
756 , 85.47 , 10
757 , 85.72 , 10
758 , 85.98 , 10
759 , 85.21 , 10
760 , 85.98 , 10
761 , 85.98 , 10
762 , 87.00 , 10
763 , 87.25 , 10
764 , 87.51 , 10
765 , 88.02 , 10
766 , 87.76 , 10
767 , 87.76 , 10
768 , 88.53 , 10
769 , 88.53 , 10
770 , 88.02 , 10
771 , 88.53 , 10
772 , 88.53 , 10
773 , 88.79 , 10
774 , 88.79 , 10
775 , 88.79 , 10
776 , 89.04 , 10
777 , 89.30 , 10
778 , 89.04 , 10
779 , 88.53 , 10
780 , 88.53 , 10
781 , 88.79 , 10
782 , 88.53 , 10
783 , 88.53 , 10
784 , 88.27 , 10
785 , 87.76 , 10
786 , 88.53 , 10
787 , 88.02 , 10
788 , 88.02 , 10
789 , 88.02 , 10
790 , 87.00 , 10
791 , 87.25 , 10
792 , 87.51 , 10
793 , 86.23 , 10
794 , 86.49 , 10
795 , 85.98 , 10
796 , 85.98 , 10
797 , 85.72 , 10
798 , 85.47 , 10
799 , 85.21 , 10
800 , 84.70 , 10
801 , 84.96 , 10
802 , 85.21 , 10
803 , 84.96 , 10
804 , 84.70 , 10
805 , 84.96 , 10
806 , 84.96 , 10
807 , 84.70 , 10
808 , 84.45 , 10
809 , 84.96 , 10
810 , 84.45 , 10
811 , 83.94 , 10
812 , 84.19 , 10
813 , 83.68 , 10
814 , 83.94 , 10
815 , 83.17 , 10
816 , 83.68 , 10
817 , 84.19 , 10
818 , 83.68 , 10
819 , 82.92 , 10
820 , 82.92 , 10
821 , 83.17 , 10
822 , 82.66 , 10
823 , 82.66 , 10
824 , 82.92 , 10
825 , 82.92 , 10
826 , 82.92 , 10
827 , 83.43 , 10
828 , 83.17 , 10
829 , 83.17 , 10
830 , 83.43 , 10
831 , 83.68 , 10
832 , 83.43 , 10
833 , 83.68 , 10
834 , 83.43 , 10
835 , 83.43 , 10
836 , 83.43 , 10
837 , 83.43 , 10
838 , 83.17 , 10
839 , 83.17 , 10
840 , 83.17 , 10
841 , 82.66 , 10
842 , 83.43 , 10
843 , 83.68 , 10
844 , 82.41 , 10
845 , 83.68 , 10
846 , 83.94 , 10
847 , 83.68 , 10
848 , 84.19 , 10
849 , 84.19 , 10
850 , 83.94 , 10
851 , 84.19 , 10
852 , 84.45 , 10
853 , 84.19 , 10
854 , 83.94 , 10
855 , 84.45 , 10
856 , 84.45 , 10
857 , 84.45 , 10
858 , 84.96 , 10
859 , 85.21 , 10
860 , 85.21 , 10
861 , 82.15 , 10
862 , 80.88 , 10
863 , 80.11 , 10
864 , 80.11 , 10
865 , 80.88 , 10
866 , 80.37 , 10
867 , 80.37 , 10
868 , 81.39 , 10
869 , 81.90 , 10
870 , 81.39 , 10
871 , 82.41 , 10
872 , 82.41 , 10
873 , 82.66 , 10
874 , 82.92 , 10
875 , 83.17 , 10
876 , 83.43 , 10
877 , 83.68 , 10
878 , 83.94 , 10
879 , 84.70 , 10
880 , 84.70 , 10
881 , 85.21 , 10
882 , 85.72 , 10
883 , 85.98 , 10
884 , 86.23 , 10
885 , 84.45 , 10
886 , 83.17 , 10
887 , 82.41 , 10
888 , -8.43 , 10
889 , 82.41 , 10
890 , 82.41 , 10
891 , 82.66 , 10
892 , 83.43 , 10
893 , 83.43 , 10
894 , 83.17 , 10
895 , 83.17 , 10
896 , 84.19 , 10
897 , 84.70 , 10
898 , 84.70 , 10
899 , 84.70 , 10
900 , 84.96 , 10
901 , 85.47 , 10
902 , 85.98 , 10
903 , 85.72 , 10
904 , 85.98 , 10
905 , 86.23 , 10
906 , 87.00 , 10
907 , 87.51 , 10
908 , 87.00 , 10
909 , 87.00 , 10
910 , 87.25 , 10
911 , 88.02 , 10
912 , 88.27 , 10
913 , 88.53 , 10
914 , 89.04 , 10
915 , 89.81 , 10
916 , 89.55 , 10
917 , 90.06 , 10
918 , 91.08 , 10
919 , 91.08 , 10
920 , 91.34 , 10
921 , 91.34 , 10
922 , 91.59 , 10
923 , 91.34 , 10
924 , 91.85 , 10
925 , 91.85 , 10
926 , 92.36 , 10
927 , 92.87 , 10
928 , 92.87 , 10
929 , 92.36 , 10
930 , 92.61 , 10
931 , 93.12 , 10
Denaturing DNA Now
932 , 92.61 , 10
933 , 92.36 , 10
934 , 92.61 , 10
935 , 92.10 , 10
936 , 91.85 , 10
Going to Extention Temperature
937 , 92.10 , 10
938 , 81.90 , 10
939 , 75.77 , 10
940 , 71.18 , 10
941 , 67.10 , 10
942 , 63.01 , 10
943 , 60.21 , 10
944 , 57.66 , 10
Extending DNA Now
945 , 54.85 , 10
946 , 53.57 , 10
947 , 56.13 , 10
948 , 56.64 , 10
949 , 56.64 , 10
950 , 56.89 , 10
951 , 56.89 , 10
952 , 56.38 , 10
953 , 56.13 , 10
954 , 56.13 , 10
955 , 55.62 , 10
Going to Denaturing Temperature
956 , 55.87 , 11
957 , 61.99 , 11
958 , 66.33 , 11
959 , 69.39 , 11
960 , 72.46 , 11
961 , 74.24 , 11
962 , 76.79 , 11
963 , 78.32 , 11
964 , 79.60 , 11
965 , 80.62 , 11
966 , 81.90 , 11
967 , 83.17 , 11
968 , 83.94 , 11
969 , 84.19 , 11
970 , 83.68 , 11
971 , 84.45 , 11
972 , 85.47 , 11
973 , 85.21 , 11
974 , 86.49 , 11
975 , 86.74 , 11
976 , 87.25 , 11
977 , 87.00 , 11
978 , 88.02 , 11
979 , 87.00 , 11
980 , 87.76 , 11
981 , 88.02 , 11
982 , 88.53 , 11
983 , 88.79 , 11
984 , 88.27 , 11
985 , 88.79 , 11
986 , 89.55 , 11
987 , 89.30 , 11
988 , 89.04 , 11
989 , 88.53 , 11
990 , 89.30 , 11
991 , 89.55 , 11
992 , 90.32 , 11
993 , 90.83 , 11
994 , 91.08 , 11
995 , 91.08 , 11
996 , 91.34 , 11
997 , 91.85 , 11
998 , 91.85 , 11
999 , 92.61 , 11
1000 , 92.61 , 11
1001 , 92.10 , 11
1002 , 91.59 , 11
1003 , 92.36 , 11
1004 , 92.10 , 11
1005 , 92.36 , 11
1006 , 91.85 , 11
1007 , 91.85 , 11
1008 , 92.36 , 11
1009 , 91.85 , 11
1010 , 91.85 , 11
1011 , 91.85 , 11
1012 , 91.85 , 11
1013 , 92.36 , 11
1014 , 92.36 , 11
1015 , 92.87 , 11
1016 , 93.89 , 11
Denaturing DNA Now
1017 , 93.38 , 11
1018 , 93.38 , 11
1019 , 93.89 , 11
1020 , 93.63 , 11
1021 , 93.89 , 11
Going to Extention Temperature
1022 , 93.38 , 11
1023 , 81.90 , 11
1024 , 75.26 , 11
1025 , 70.16 , 11
1026 , 66.08 , 11
1027 , 61.99 , 11
1028 , 59.44 , 11
Extending DNA Now
1029 , 56.64 , 11
1030 , 54.08 , 11
1031 , 56.64 , 11
1032 , 57.40 , 11
1033 , 56.64 , 11
1034 , 56.38 , 11
1035 , 56.13 , 11
1036 , 56.38 , 11
1037 , 55.87 , 11
1038 , 56.13 , 11
1039 , 55.87 , 11
Going to Denaturing Temperature
1040 , 56.13 , 12
1041 , 63.01 , 12
1042 , 66.59 , 12
1043 , 70.41 , 12
1044 , 72.46 , 12
1045 , 75.26 , 12
1046 , 77.30 , 12
1047 , 79.34 , 12
1048 , 80.62 , 12
1049 , 81.64 , 12
1050 , 82.92 , 12
1051 , 82.92 , 12
1052 , 83.68 , 12
1053 , 84.96 , 12
1054 , 84.96 , 12
1055 , 85.98 , 12
1056 , 86.23 , 12
1057 , 86.74 , 12
1058 , 87.25 , 12
1059 , 88.02 , 12
1060 , 87.51 , 12
1061 , 88.02 , 12
1062 , 88.27 , 12
1063 , 88.53 , 12
1064 , 89.04 , 12
1065 , 89.55 , 12
1066 , 89.04 , 12
1067 , 89.30 , 12
1068 , 89.30 , 12
1069 , 89.30 , 12
1070 , 90.57 , 12
1071 , 90.83 , 12
1072 , 91.34 , 12
1073 , 91.85 , 12
1074 , 92.10 , 12
1075 , 2.29 , 12
1076 , 92.61 , 12
1077 , 93.38 , 12
Denaturing DNA Now
1078 , 93.12 , 12
1079 , 93.89 , 12
1080 , 93.38 , 12
1081 , 93.89 , 12
1082 , 93.38 , 12
Going to Extention Temperature
1083 , 93.12 , 12
1084 , 80.88 , 12
1085 , 74.50 , 12
1086 , 69.14 , 12
1087 , 65.57 , 12
1088 , 61.48 , 12
1089 , 58.42 , 12
Extending DNA Now
1090 , 55.62 , 12
1091 , 53.83 , 12
1092 , 56.89 , 12
1093 , 57.66 , 12
1094 , 57.66 , 12
1095 , 57.40 , 12
1096 , 57.40 , 12
1097 , 57.15 , 12
1098 , 57.15 , 12
1099 , 56.38 , 12
1100 , 56.38 , 12
