0 , 23.98 , 0
1 , 23.98 , 0
2 , 23.98 , 0
3 , 23.72 , 0
4 , 23.72 , 0
5 , 23.21 , 0
6 , 23.72 , 0
7 , 23.21 , 0
8 , 23.72 , 0
9 , 23.47 , 0
10 , 23.21 , 20
11 , 23.72 , 20
12 , 24.23 , 20
13 , 24.74 , 20
14 , 25.25 , 20
15 , 25.25 , 20
16 , 26.02 , 20
17 , 26.02 , 20
18 , 26.53 , 20
19 , 26.53 , 20
20 , 26.27 , 20
21 , 27.29 , 20
22 , 27.80 , 20
23 , 27.80 , 20
24 , 28.06 , 20
25 , 28.57 , 20
26 , 28.57 , 20
27 , 28.82 , 20
28 , 28.82 , 20
29 , 29.08 , 20
30 , 29.34 , 20
31 , 29.08 , 20
32 , 29.85 , 20
33 , 30.10 , 20
34 , 29.59 , 20
35 , 29.85 , 20
36 , 29.85 , 20
37 , 30.10 , 20
38 , 30.87 , 20
39 , 30.61 , 20
40 , 30.87 , 20
41 , 30.87 , 20
42 , 31.38 , 20
43 , 31.63 , 20
44 , 31.12 , 20
45 , 31.63 , 20
46 , 31.63 , 20
47 , 31.89 , 20
48 , 31.63 , 20
49 , 32.14 , 20
50 , 31.89 , 20
51 , 31.89 , 20
52 , 32.14 , 20
53 , 32.14 , 20
54 , 32.14 , 20
55 , 32.91 , 20
56 , 32.91 , 20
57 , 32.91 , 20
58 , 32.65 , 20
59 , 33.16 , 20
60 , 32.40 , 20
61 , 32.91 , 20
62 , 33.67 , 20
63 , 32.91 , 20
64 , 33.16 , 20
65 , 33.16 , 20
66 , 33.42 , 20
67 , 33.42 , 20
68 , 33.42 , 20
69 , 33.67 , 20
70 , 33.42 , 20
71 , 33.42 , 20
72 , 33.93 , 20
73 , 34.18 , 20
74 , 33.67 , 20
75 , 33.93 , 20
76 , 34.44 , 20
77 , 34.18 , 20
78 , 33.67 , 20
79 , 34.69 , 20
80 , 34.69 , 20
81 , 34.44 , 20
82 , 34.18 , 20
83 , 34.95 , 20
84 , 34.69 , 20
85 , 34.95 , 20
86 , 34.95 , 20
87 , 34.95 , 20
88 , 35.20 , 20
89 , 34.95 , 20
90 , 35.20 , 20
91 , 34.95 , 20
92 , 34.69 , 20
93 , 34.95 , 20
94 , 35.20 , 20
95 , 35.20 , 20
96 , 35.20 , 20
97 , 35.46 , 20
98 , 35.20 , 20
99 , 35.46 , 20
100 , 35.71 , 20
101 , 35.20 , 20
102 , 35.46 , 20
103 , 35.46 , 20
104 , 35.20 , 20
105 , 35.71 , 20
106 , 35.71 , 20
107 , 35.71 , 20
108 , 35.71 , 20
109 , 35.71 , 20
110 , 35.20 , 20
111 , 35.46 , 20
112 , 35.46 , 20
113 , 35.97 , 20
114 , 36.22 , 20
115 , 35.97 , 20
116 , 35.71 , 20
117 , 35.71 , 20
118 , 35.71 , 20
119 , 35.71 , 20
120 , 35.97 , 20
121 , 35.97 , 20
122 , 35.97 , 20
123 , 36.48 , 20
124 , 35.71 , 20
125 , 36.22 , 20
126 , 36.48 , 20
127 , 36.48 , 20
128 , 36.73 , 20
129 , 36.48 , 20
130 , 36.48 , 0
131 , 35.46 , 0
132 , 34.95 , 0
133 , 34.69 , 0
134 , 34.44 , 0
135 , 33.93 , 0
136 , 33.42 , 0
137 , 33.42 , 0
138 , 33.42 , 0
139 , 32.65 , 0
140 , 32.40 , 0
141 , 32.40 , 0
142 , 31.89 , 0
143 , 32.14 , 0
144 , 31.38 , 0
145 , 31.89 , 0
146 , 31.38 , 0
147 , 31.38 , 0
148 , 30.87 , 0
149 , 30.36 , 0
150 , 30.61 , 0
151 , 30.36 , 0
152 , 29.85 , 0
153 , 29.85 , 0
154 , 29.85 , 0
155 , 29.59 , 0
156 , 29.59 , 0
157 , 29.59 , 0
158 , 29.34 , 0
159 , 29.34 , 0
160 , 28.82 , 0
161 , 28.82 , 0
162 , 28.57 , 0
163 , 28.57 , 0
164 , 28.31 , 0
165 , 28.06 , 0
166 , 27.80 , 0
167 , 28.06 , 0
168 , 28.06 , 0
169 , 27.80 , 0
170 , 27.55 , 0
171 , 27.80 , 0
172 , 27.55 , 0
173 , 27.55 , 0
174 , 27.29 , 0
175 , 26.53 , 0
176 , 27.04 , 0
177 , 26.53 , 0
178 , 26.02 , 0
179 , 26.78 , 0
180 , 26.78 , 0
181 , 26.27 , 0
182 , 26.27 , 0
183 , 26.53 , 0
184 , 26.27 , 0
185 , 26.27 , 0
186 , 26.02 , 0
187 , 26.27 , 0
188 , 26.02 , 0
189 , 26.02 , 0
190 , 25.51 , 0
191 , 25.25 , 0
192 , 25.51 , 0
193 , 25.51 , 0
194 , 25.76 , 0
195 , 25.76 , 0
196 , 25.76 , 0
197 , 25.25 , 0
198 , 25.51 , 0
199 , 25.51 , 0
200 , 25.25 , 0
201 , 25.25 , 0
202 , 25.00 , 0
203 , 25.25 , 0
204 , 24.74 , 0
205 , 25.25 , 0
206 , 25.00 , 0
207 , 24.49 , 0
208 , 24.74 , 0
209 , 24.74 , 0
210 , 24.74 , 0
211 , 24.74 , 0
212 , 24.74 , 0
213 , 24.74 , 0
214 , 24.74 , 0
215 , 24.23 , 0
216 , 24.23 , 0
217 , 24.49 , 0
218 , 23.98 , 0
219 , 23.98 , 0
220 , 24.23 , 0
221 , 24.23 , 0
222 , 24.23 , 0
223 , 24.23 , 0
224 , 24.23 , 0
225 , 24.23 , 0
226 , 24.23 , 0
227 , 23.72 , 0
228 , 24.23 , 0
229 , 23.98 , 0
230 , 23.98 , 0
231 , 23.98 , 0
232 , 23.98 , 0
233 , 23.98 , 0
234 , 23.98 , 0
235 , 23.98 , 0
236 , 23.98 , 0
237 , 23.72 , 0
238 , 23.47 , 0
239 , 23.47 , 0
240 , 23.47 , 0
241 , 23.72 , 0
242 , 23.98 , 0
243 , 23.72 , 0
244 , 23.21 , 0
245 , 23.47 , 0
246 , 23.72 , 0
247 , 23.47 , 0
248 , 23.47 , 0
249 , 23.47 , 0
250 , 23.21 , 0

