0 , 23.47 , 0
1 , 23.21 , 0
2 , 26.53 , 0
3 , 30.61 , 0
4 , 34.18 , 0
5 , 39.29 , 0
6 , 42.86 , 0
7 , 47.45 , 0
8 , 51.53 , 0
9 , 55.36 , 0
10 , 59.70 , 0
11 , 63.01 , 0
12 , 66.08 , 0
13 , 69.65 , 0
14 , 73.48 , 0
15 , 75.77 , 0
16 , 78.83 , 0
17 , 81.90 , 0
18 , 84.45 , 0
19 , 87.25 , 0
20 , 89.30 , 0
21 , 91.85 , 0
22 , 94.65 , 0
23 , 93.63 , 0
24 , 91.59 , 0
25 , 89.55 , 0
26 , 87.51 , 0
27 , 85.98 , 0
28 , 84.45 , 0
29 , 82.92 , 0
30 , 81.39 , 0
31 , 79.85 , 0
32 , 78.83 , 0
33 , 77.30 , 0
34 , 76.54 , 0
35 , 75.52 , 0
36 , 74.24 , 0
37 , 72.46 , 0
38 , 72.20 , 0
39 , 70.92 , 0
40 , 70.16 , 0
41 , 69.39 , 0
42 , 68.37 , 0
43 , 67.35 , 0
44 , 66.84 , 0
45 , 65.82 , 0
46 , 64.80 , 0
47 , 64.04 , 0
48 , 63.27 , 0
49 , 62.50 , 0
50 , 61.74 , 0
51 , 60.97 , 0
52 , 60.46 , 0
53 , 59.44 , 0
54 , 58.68 , 0
55 , 58.42 , 1
56 , 57.66 , 1
57 , 60.21 , 1
58 , 64.29 , 1
59 , 68.63 , 1
60 , 72.46 , 1
61 , 75.77 , 1
62 , 79.85 , 1
63 , 82.41 , 1
64 , 86.23 , 1
65 , 89.30 , 1
66 , 91.59 , 1
67 , 95.42 , 1
68 , 94.14 , 1
69 , 91.85 , 1
70 , 89.55 , 1
71 , 88.02 , 1
72 , 86.23 , 1
73 , 84.70 , 1
74 , 83.17 , 1
75 , 81.64 , 1
76 , 80.11 , 1
77 , 79.09 , 1
78 , 77.56 , 1
79 , 76.79 , 1
80 , 75.77 , 1
81 , 74.50 , 1
82 , 73.48 , 1
83 , 72.20 , 1
84 , 71.43 , 1
85 , 70.41 , 1
86 , 69.65 , 1
87 , 68.88 , 1
88 , 67.86 , 1
89 , 66.84 , 1
90 , 65.57 , 1
91 , 65.06 , 1
92 , 64.29 , 1
93 , 63.01 , 1
94 , 63.01 , 1
95 , 62.25 , 1
96 , 61.48 , 1
97 , 60.46 , 1
98 , 60.21 , 1
99 , 59.19 , 1
100 , 58.42 , 1
101 , 57.66 , 2
102 , 57.15 , 2
103 , 59.44 , 2
104 , 63.27 , 2
105 , 67.35 , 2
106 , 72.20 , 2
107 , 75.52 , 2
108 , 79.09 , 2
109 , 82.41 , 2
110 , 85.47 , 2
111 , 88.27 , 2
112 , 91.34 , 2
113 , 93.89 , 2
114 , 92.87 , 2
115 , 91.34 , 2
116 , 88.79 , 2
117 , 86.49 , 2
118 , 85.21 , 2
119 , 83.94 , 2
120 , 82.41 , 2
121 , 80.88 , 2
122 , 79.60 , 2
123 , 78.32 , 2
124 , 77.05 , 2
125 , 75.77 , 2
126 , 75.01 , 2
127 , 73.73 , 2
128 , 72.97 , 2
129 , 71.95 , 2
130 , 70.92 , 2
131 , 70.16 , 2
132 , 69.14 , 2
133 , 68.37 , 2
134 , 67.35 , 2
135 , 66.33 , 2
136 , 65.06 , 2
137 , 64.80 , 2
138 , 63.78 , 2
139 , 62.76 , 2
140 , 62.25 , 2
141 , 61.48 , 2
142 , 60.97 , 2
143 , 59.95 , 2
144 , 59.70 , 2
145 , 58.93 , 3
146 , 58.68 , 3
147 , 60.46 , 3
148 , 63.78 , 3
149 , 68.88 , 3
150 , 72.71 , 3
151 , 76.54 , 3
152 , 79.34 , 3
153 , 82.66 , 3
154 , 85.72 , 3
155 , 88.79 , 3
156 , 91.08 , 3
157 , 93.89 , 3
158 , 93.38 , 3
159 , 91.08 , 3
160 , 89.30 , 3
161 , 87.25 , 3
162 , 85.72 , 3
163 , 83.94 , 3
164 , 82.66 , 3
165 , 81.13 , 3
166 , 79.85 , 3
167 , 78.58 , 3
168 , 77.30 , 3
169 , 75.77 , 3
170 , 75.01 , 3
171 , 73.99 , 3
172 , 73.22 , 3
173 , 71.69 , 3
174 , 70.92 , 3
175 , 69.90 , 3
176 , 68.88 , 3
177 , 68.12 , 3
178 , 66.59 , 3
179 , 66.59 , 3
180 , 65.82 , 3
181 , 64.80 , 3
182 , 64.04 , 3
183 , 63.27 , 3
184 , 62.25 , 3
185 , 61.74 , 3
186 , 60.97 , 3
187 , 60.72 , 3
188 , 59.44 , 3
189 , 58.93 , 3
190 , 58.42 , 4
191 , 57.91 , 4
192 , 59.95 , 4
193 , 63.27 , 4
194 , 67.35 , 4
195 , 71.69 , 4
196 , 75.01 , 4
197 , 78.58 , 4
198 , 81.90 , 4
199 , 84.70 , 4
200 , 87.00 , 4
201 , 90.06 , 4
202 , 92.87 , 4
203 , 91.59 , 4
204 , 89.81 , 4
205 , 87.51 , 4
206 , 85.98 , 4
207 , 84.19 , 4
208 , 82.15 , 4
209 , 81.13 , 4
210 , 79.85 , 4
211 , 78.07 , 4
212 , 77.30 , 4
213 , 76.03 , 4
214 , 75.01 , 4
215 , 73.73 , 4
216 , 72.71 , 4
217 , 71.69 , 4
218 , 70.67 , 4
219 , 69.90 , 4
220 , 68.88 , 4
221 , 67.61 , 4
222 , 66.84 , 4
223 , 66.08 , 4
224 , 65.57 , 4
225 , 64.55 , 4
226 , 63.78 , 4
227 , 63.01 , 4
228 , 62.50 , 4
229 , 61.48 , 4
230 , 60.21 , 4
231 , 59.70 , 4
232 , 59.44 , 4
233 , 58.68 , 5
234 , 58.17 , 5
235 , 59.70 , 5
236 , 64.04 , 5
237 , 68.63 , 5
238 , 71.69 , 5
239 , 75.26 , 5
240 , 79.34 , 5
241 , 81.13 , 5
242 , 84.45 , 5
243 , 87.00 , 5
244 , 90.32 , 5
245 , 92.36 , 5
246 , 91.85 , 5
247 , 89.55 , 5
248 , 88.02 , 5
249 , 86.49 , 5
250 , 84.45 , 5
251 , 82.66 , 5
252 , 81.90 , 5
253 , 80.11 , 5
254 , 78.83 , 5
255 , 77.30 , 5
256 , 76.28 , 5
257 , 75.52 , 5
258 , 73.99 , 5
259 , 73.22 , 5
260 , 72.46 , 5
261 , 70.16 , 5
262 , 70.16 , 5
263 , 69.14 , 5
264 , 67.61 , 5
265 , 67.35 , 5
266 , 66.33 , 5
267 , 65.82 , 5
268 , 64.80 , 5
269 , 64.04 , 5
270 , 63.27 , 5
271 , 61.99 , 5
272 , 61.74 , 5
273 , 60.97 , 5
274 , 60.21 , 5
275 , 59.70 , 5
276 , 58.68 , 5
277 , 57.91 , 6
278 , 57.66 , 6
279 , 59.95 , 6
280 , 63.53 , 6
281 , 67.61 , 6
282 , 71.43 , 6
283 , 75.01 , 6
284 , 78.58 , 6
285 , 80.88 , 6
286 , 84.19 , 6
287 , 87.00 , 6
288 , 90.32 , 6
289 , 92.10 , 6
290 , 92.36 , 6
291 , 90.32 , 6
292 , 88.27 , 6
293 , 86.23 , 6
294 , 84.70 , 6
295 , 83.17 , 6
296 , 81.90 , 6
297 , 80.62 , 6
298 , 79.34 , 6
299 , 78.07 , 6
300 , 76.79 , 6
301 , 75.77 , 6
302 , 74.50 , 6
303 , 72.97 , 6
304 , 71.95 , 6
305 , 71.43 , 6
306 , 70.41 , 6
307 , 69.14 , 6
308 , 68.12 , 6
309 , 67.35 , 6
310 , 66.59 , 6
311 , 66.33 , 6
312 , 64.80 , 6
313 , 64.29 , 6
314 , 63.78 , 6
315 , 62.76 , 6
316 , 61.99 , 6
317 , 61.23 , 6
318 , 60.46 , 6
319 , 59.95 , 6
320 , 58.93 , 6
321 , 58.17 , 7
322 , 57.91 , 7
323 , 60.21 , 7
324 , 63.53 , 7
325 , 68.12 , 7
326 , 71.69 , 7
327 , 75.26 , 7
328 , 78.07 , 7
329 , 81.39 , 7
330 , 84.45 , 7
331 , 86.74 , 7
332 , 89.81 , 7
333 , 92.36 , 7
334 , 94.91 , 7
335 , 94.14 , 7
336 , 92.10 , 7
337 , 90.32 , 7
338 , 88.27 , 7
339 , 86.49 , 7
340 , 84.96 , 7
341 , 83.68 , 7
342 , 82.15 , 7
343 , 80.88 , 7
344 , 79.60 , 7
345 , 78.32 , 7
346 , 77.05 , 7
347 , 76.03 , 7
348 , 74.75 , 7
349 , 73.22 , 7
350 , 72.20 , 7
351 , 71.69 , 7
352 , 70.41 , 7
353 , 69.65 , 7
354 , 68.88 , 7
355 , 67.86 , 7
356 , 67.10 , 7
357 , 66.33 , 7
358 , 65.31 , 7
359 , 64.55 , 7
360 , 63.78 , 7
361 , 62.76 , 7
362 , 61.99 , 7
363 , 61.48 , 7
364 , 60.72 , 7
365 , 59.70 , 7
366 , 59.19 , 7
367 , 58.68 , 8
368 , 58.42 , 8
369 , 60.21 , 8
370 , 64.29 , 8
371 , 66.84 , 8
372 , 70.92 , 8
373 , 75.01 , 8
374 , 78.58 , 8
375 , 81.64 , 8
376 , 84.70 , 8
377 , 86.49 , 8
378 , 88.79 , 8
379 , 91.59 , 8
380 , 93.63 , 8
381 , 93.63 , 8
382 , 91.59 , 8
383 , 89.55 , 8
384 , 87.76 , 8
385 , 85.98 , 8
386 , 84.45 , 8
387 , 82.66 , 8
388 , 81.64 , 8
389 , 80.11 , 8
390 , 79.09 , 8
391 , 77.81 , 8
392 , 76.54 , 8
393 , 75.52 , 8
394 , 74.50 , 8
395 , 73.22 , 8
396 , 72.20 , 8
397 , 71.18 , 8
398 , 70.67 , 8
399 , 69.65 , 8
400 , 68.37 , 8
401 , 67.61 , 8
402 , 66.59 , 8
403 , 66.08 , 8
404 , 65.31 , 8
405 , 64.04 , 8
406 , 63.53 , 8
407 , 62.25 , 8
408 , 61.99 , 8
409 , 61.48 , 8
410 , 60.46 , 8
411 , 59.95 , 8
412 , 59.19 , 8
413 , 58.68 , 9
414 , 57.91 , 9
415 , 60.46 , 9
416 , 62.76 , 9
417 , 67.61 , 9
418 , 71.18 , 9
419 , 74.50 , 9
420 , 78.07 , 9
421 , 80.88 , 9
422 , 83.68 , 9
423 , 86.23 , 9
424 , 88.27 , 9
425 , 91.08 , 9
426 , 93.63 , 9
427 , 92.87 , 9
428 , 90.83 , 9
429 , 89.04 , 9
430 , 87.51 , 9
431 , 85.72 , 9
432 , 84.19 , 9
433 , 82.66 , 9
434 , 81.39 , 9
435 , 79.85 , 9
436 , 78.58 , 9
437 , 77.30 , 9
438 , 76.28 , 9
439 , 74.75 , 9
440 , 73.48 , 9
441 , 72.97 , 9
442 , 71.69 , 9
443 , 70.67 , 9
444 , 69.90 , 9
445 , 69.14 , 9
446 , 68.37 , 9
447 , 66.84 , 9
448 , 66.33 , 9
449 , 65.57 , 9
450 , 64.29 , 9
451 , 64.04 , 9
452 , 63.01 , 9
453 , 62.50 , 9
454 , 61.74 , 9
455 , 61.23 , 9
456 , 59.95 , 9
457 , 59.70 , 9
458 , 58.93 , 10
459 , 58.42 , 10
460 , 60.72 , 10
461 , 63.53 , 10
462 , 67.35 , 10
463 , 70.92 , 10
464 , 74.50 , 10
465 , 77.30 , 10
466 , 81.13 , 10
467 , 83.43 , 10
468 , 86.23 , 10
469 , 89.04 , 10
470 , 91.08 , 10
471 , 92.87 , 10
472 , 93.12 , 10
473 , 91.08 , 10
474 , 89.30 , 10
475 , 87.25 , 10
476 , 85.72 , 10
477 , 84.19 , 10
478 , 82.66 , 10
479 , 81.39 , 10
480 , 79.60 , 10
481 , 78.58 , 10
482 , 77.30 , 10
483 , 76.28 , 10
484 , 75.01 , 10
485 , 73.99 , 10
486 , 72.71 , 10
487 , 72.20 , 10
488 , 70.67 , 10
489 , 70.16 , 10
490 , 69.14 , 10
491 , 67.86 , 10
492 , 67.35 , 10
493 , 66.33 , 10
494 , 65.57 , 10
495 , 65.06 , 10
496 , 63.78 , 10
497 , 62.76 , 10
498 , 62.25 , 10
499 , 61.74 , 10
500 , 60.97 , 10
501 , 59.95 , 10
502 , 59.44 , 10
503 , 58.93 , 11
504 , 58.42 , 11
505 , 60.97 , 11
506 , 64.04 , 11
507 , 66.84 , 11
508 , 71.18 , 11
509 , 74.75 , 11
510 , 77.81 , 11
511 , 80.88 , 11
512 , 82.92 , 11
513 , 85.72 , 11
514 , 88.53 , 11
515 , 90.57 , 11
516 , 92.10 , 11
517 , 92.10 , 11
518 , 89.55 , 11
519 , 87.76 , 11
520 , 85.72 , 11
521 , 84.70 , 11
522 , 82.92 , 11
523 , 81.64 , 11
524 , 80.11 , 11
525 , 78.83 , 11
526 , 77.30 , 11
527 , 76.54 , 11
528 , 75.01 , 11
529 , 74.24 , 11
530 , 73.22 , 11
531 , 72.20 , 11
532 , 70.92 , 11
533 , 69.65 , 11
534 , 69.39 , 11
535 , 68.12 , 11
536 , 66.84 , 11
537 , 66.84 , 11
538 , 65.82 , 11
539 , 65.06 , 11
540 , 64.04 , 11
541 , 63.53 , 11
542 , 62.76 , 11
543 , 61.99 , 11
544 , 60.97 , 11
545 , 59.95 , 11
546 , 59.70 , 11
547 , 58.93 , 12
548 , 58.68 , 12
549 , 60.72 , 12
550 , 63.78 , 12
551 , 67.61 , 12
552 , 71.18 , 12
553 , 73.99 , 12
554 , 77.05 , 12
555 , 79.85 , 12
556 , 82.92 , 12
557 , 85.47 , 12
558 , 88.27 , 12
559 , 90.57 , 12
560 , 92.61 , 12
561 , 92.36 , 12
562 , 90.32 , 12
563 , 88.27 , 12
564 , 86.74 , 12
565 , 84.96 , 12
566 , 83.68 , 12
567 , 82.15 , 12
568 , 80.88 , 12
569 , 79.60 , 12
570 , 78.32 , 12
571 , 77.30 , 12
572 , 75.52 , 12
573 , 74.50 , 12
574 , 73.48 , 12
575 , 72.71 , 12
576 , 71.95 , 12
577 , 70.67 , 12
578 , 69.90 , 12
579 , 69.14 , 12
580 , 67.61 , 12
581 , 67.10 , 12
582 , 66.33 , 12
583 , 65.57 , 12
584 , 64.80 , 12
585 , 64.04 , 12
586 , 63.01 , 12
587 , 62.25 , 12
588 , 61.48 , 12
589 , 60.72 , 12
590 , 59.44 , 12
591 , 58.93 , 12
592 , 58.93 , 13
593 , 58.42 , 13
594 , 60.21 , 13
595 , 63.53 , 13
596 , 66.59 , 13
597 , 70.92 , 13
598 , 73.73 , 13
599 , 76.54 , 13
600 , 79.85 , 13
601 , 82.15 , 13
602 , 84.96 , 13
603 , 87.25 , 13
604 , 89.81 , 13
605 , 91.34 , 13
606 , 94.14 , 13
607 , 93.38 , 13
608 , 91.59 , 13
609 , 89.55 , 13
610 , 87.76 , 13
611 , 86.23 , 13
612 , 84.70 , 13
613 , 83.17 , 13
614 , 81.39 , 13
615 , 80.37 , 13
616 , 79.09 , 13
617 , 77.81 , 13
618 , 77.05 , 13
619 , 75.52 , 13
620 , 74.50 , 13
621 , 73.48 , 13
622 , 72.46 , 13
623 , 70.92 , 13
624 , 70.41 , 13
625 , 69.65 , 13
626 , 68.88 , 13
627 , 67.86 , 13
628 , 67.10 , 13
629 , 66.33 , 13
630 , 65.31 , 13
631 , 64.55 , 13
632 , 63.78 , 13
633 , 62.50 , 13
634 , 62.25 , 13
635 , 61.48 , 13
636 , 60.72 , 13
637 , 59.95 , 13
638 , 59.44 , 13
639 , 58.42 , 14
640 , 58.68 , 14
641 , 59.95 , 14
642 , 62.76 , 14
643 , 66.59 , 14
644 , 70.41 , 14
645 , 73.48 , 14
646 , 76.79 , 14
647 , 79.09 , 14
648 , 82.66 , 14
649 , 84.96 , 14
650 , 86.49 , 14
651 , 89.55 , 14
652 , 91.34 , 14
653 , 93.63 , 14
654 , 93.12 , 14
655 , 91.59 , 14
656 , 89.55 , 14
657 , 87.76 , 14
658 , 85.98 , 14
659 , 84.45 , 14
660 , 83.17 , 14
661 , 81.64 , 14
662 , 80.62 , 14
663 , 78.83 , 14
664 , 77.81 , 14
665 , 76.28 , 14
666 , 75.77 , 14
667 , 74.50 , 14
668 , 73.48 , 14
669 , 72.46 , 14
670 , 71.69 , 14
671 , 70.92 , 14
672 , 69.65 , 14
673 , 68.63 , 14
674 , 67.86 , 14
675 , 66.84 , 14
676 , 65.82 , 14
677 , 65.31 , 14
678 , 64.55 , 14
679 , 63.27 , 14
680 , 62.76 , 14
681 , 62.25 , 14
682 , 61.48 , 14
683 , 60.97 , 14
684 , 60.21 , 14
685 , 59.44 , 14
686 , 58.68 , 14
687 , 57.91 , 15
688 , 57.40 , 15
689 , 60.21 , 15
690 , 62.50 , 15
691 , 66.08 , 15
692 , 68.63 , 15
693 , 72.97 , 15
694 , 76.28 , 15
695 , 78.83 , 15
696 , 81.90 , 15
697 , 83.43 , 15
698 , 86.49 , 15
699 , 88.53 , 15
700 , 90.32 , 15
701 , 93.12 , 15
702 , 92.36 , 15
703 , 90.32 , 15
704 , 88.53 , 15
705 , 86.74 , 15
706 , 85.21 , 15
707 , 83.68 , 15
708 , 81.64 , 15
709 , 80.88 , 15
710 , 79.60 , 15
711 , 78.32 , 15
712 , 77.05 , 15
713 , 75.52 , 15
714 , 74.50 , 15
715 , 73.73 , 15
716 , 72.46 , 15
717 , 71.69 , 15
718 , 70.67 , 15
719 , 69.39 , 15
720 , 68.63 , 15
721 , 67.86 , 15
722 , 67.10 , 15
723 , 66.08 , 15
724 , 65.31 , 15
725 , 64.55 , 15
726 , 64.04 , 15
727 , 63.01 , 15
728 , 62.25 , 15
729 , 61.48 , 15
730 , 60.72 , 15
731 , 59.95 , 15
732 , 59.44 , 15
733 , 58.42 , 16
734 , 58.17 , 16
735 , 60.72 , 16
736 , 63.01 , 16
737 , 66.59 , 16
738 , 69.39 , 16
739 , 73.48 , 16
740 , 76.28 , 16
741 , 78.58 , 16
742 , 81.39 , 16
743 , 83.94 , 16
744 , 87.00 , 16
745 , 88.79 , 16
746 , 91.08 , 16
747 , 92.61 , 16
748 , 92.36 , 16
749 , 90.57 , 16
750 , 88.79 , 16
751 , 87.00 , 16
752 , 85.21 , 16
753 , 83.68 , 16
754 , 82.41 , 16
755 , 80.62 , 16
756 , 79.60 , 16
757 , 78.32 , 16
758 , 77.30 , 16
759 , 76.03 , 16
760 , 75.01 , 16
761 , 73.99 , 16
762 , 72.97 , 16
763 , 71.95 , 16
764 , 70.67 , 16
765 , 70.16 , 16
766 , 68.63 , 16
767 , 67.86 , 16
768 , 66.84 , 16
769 , 65.82 , 16
770 , 65.31 , 16
771 , 64.80 , 16
772 , 64.04 , 16
773 , 63.01 , 16
774 , 62.50 , 16
775 , 61.48 , 16
776 , 60.46 , 16
777 , 60.46 , 16
778 , 59.44 , 16
779 , 58.93 , 16
780 , 58.17 , 17
781 , 57.66 , 17
782 , 60.46 , 17
783 , 62.50 , 17
784 , 66.33 , 17
785 , 69.65 , 17
786 , 72.97 , 17
787 , 75.52 , 17
788 , 78.83 , 17
789 , 81.39 , 17
790 , 82.66 , 17
791 , 85.47 , 17
792 , 87.76 , 17
793 , 90.32 , 17
794 , 92.10 , 17
795 , 91.59 , 17
796 , 89.55 , 17
797 , 88.02 , 17
798 , 86.23 , 17
799 , 84.45 , 17
800 , 82.92 , 17
801 , 81.39 , 17
802 , 80.11 , 17
803 , 78.83 , 17
804 , 77.56 , 17
805 , 76.54 , 17
806 , 75.26 , 17
807 , 74.24 , 17
808 , 73.22 , 17
809 , 72.20 , 17
810 , 71.18 , 17
811 , 69.90 , 17
812 , 69.39 , 17
813 , 67.86 , 17
814 , 67.10 , 17
815 , 66.59 , 17
816 , 65.31 , 17
817 , 65.06 , 17
818 , 64.29 , 17
819 , 63.27 , 17
820 , 62.50 , 17
821 , 61.48 , 17
822 , 61.23 , 17
823 , 60.46 , 17
824 , 59.70 , 17
826 , 58.93 , 17
827 , 58.17 , 18
828 , 58.17 , 18
829 , 60.46 , 18
830 , 62.50 , 18
831 , 67.10 , 18
832 , 69.65 , 18
833 , 72.71 , 18
834 , 75.77 , 18
835 , 79.09 , 18
836 , 81.64 , 18
837 , 83.94 , 18
838 , 85.98 , 18
839 , 87.76 , 18
840 , 89.81 , 18
841 , 92.10 , 18
842 , 94.14 , 18
843 , 93.38 , 18
844 , 91.34 , 18
845 , 89.30 , 18
846 , 87.76 , 18
847 , 85.98 , 18
848 , 84.70 , 18
849 , 82.66 , 18
850 , 81.90 , 18
851 , 80.37 , 18
852 , 79.09 , 18
853 , 78.07 , 18
854 , 76.54 , 18
855 , 75.26 , 18
856 , 74.50 , 18
857 , 73.73 , 18
858 , 72.46 , 18
859 , 71.43 , 18
860 , 70.67 , 18
861 , 69.39 , 18
862 , 68.63 , 18
863 , 68.12 , 18
864 , 66.84 , 18
865 , 66.33 , 18
866 , 65.06 , 18
867 , 64.29 , 18
868 , 63.78 , 18
869 , 62.76 , 18
870 , 61.74 , 18
871 , 61.74 , 18
872 , 60.97 , 18
873 , 59.70 , 18
874 , 59.19 , 18
875 , 58.42 , 19
876 , 57.91 , 19
877 , 59.44 , 19
878 , 63.27 , 19
879 , 66.59 , 19
880 , 70.16 , 19
881 , 73.22 , 19
882 , 76.03 , 19
883 , 78.58 , 19
884 , 80.62 , 19
885 , 83.43 , 19
886 , 85.98 , 19
887 , 87.00 , 19
888 , 90.06 , 19
889 , 91.59 , 19
890 , 91.34 , 19
891 , 89.30 , 19
892 , 87.25 , 19
893 , 85.47 , 19
894 , 83.94 , 19
895 , 82.66 , 19
896 , 81.39 , 19
897 , 80.11 , 19
898 , 78.58 , 19
899 , 77.56 , 19
900 , 76.03 , 19
901 , 75.26 , 19
902 , 74.24 , 19
903 , 72.20 , 19
904 , 71.69 , 19
905 , 70.92 , 19
906 , 70.16 , 19
907 , 69.14 , 19
908 , 68.12 , 19
909 , 67.35 , 19
910 , 66.59 , 19
911 , 65.57 , 19
912 , 65.06 , 19
913 , 63.78 , 19
914 , 63.27 , 19
915 , 62.50 , 19
916 , 61.48 , 19
917 , 60.97 , 19
918 , 60.46 , 19
919 , 59.70 , 19
920 , 58.68 , 19
921 , 57.91 , 20
922 , 57.66 , 20
923 , 60.21 , 20
924 , 62.25 , 20
925 , 65.82 , 20
926 , 68.88 , 20
927 , 71.95 , 20
928 , 75.52 , 20
929 , 77.30 , 20
930 , 79.85 , 20
931 , 82.92 , 20
932 , 85.21 , 20
933 , 87.00 , 20
934 , 88.53 , 20
935 , 91.34 , 20
936 , 93.12 , 20
937 , 92.61 , 20
938 , 90.06 , 20
939 , 89.04 , 20
940 , 87.25 , 20
941 , 85.98 , 20
942 , 83.94 , 20
943 , 82.66 , 20
944 , 81.13 , 20
945 , 79.85 , 20
946 , 78.58 , 20
947 , 77.56 , 20
948 , 76.28 , 20
949 , 74.75 , 20
950 , 73.99 , 20
951 , 72.97 , 20
952 , 71.95 , 20
953 , 71.18 , 20
954 , 70.16 , 20
955 , 68.63 , 20
956 , 68.37 , 20
957 , 67.35 , 20
958 , 66.33 , 20
959 , 65.57 , 20
960 , 64.29 , 20
961 , 63.78 , 20
962 , 63.01 , 20
963 , 61.99 , 20
964 , 61.48 , 20
965 , 60.46 , 20
966 , 59.95 , 20
967 , 58.93 , 20
968 , 58.42 , 21
969 , 58.17 , 21
970 , 59.44 , 21
971 , 63.01 , 21
972 , 66.33 , 21
973 , 69.39 , 21
974 , 72.97 , 21
975 , 75.01 , 21
976 , 77.30 , 21
977 , 79.34 , 21
978 , 82.92 , 21
979 , 84.19 , 21
980 , 87.00 , 21
981 , 88.53 , 21
982 , 90.57 , 21
983 , 91.85 , 21
984 , 91.59 , 21
985 , 89.81 , 21
986 , 88.02 , 21
987 , 86.23 , 21
988 , 84.19 , 21
989 , 83.17 , 21
990 , 81.64 , 21
991 , 80.11 , 21
992 , 78.83 , 21
993 , 77.56 , 21
994 , 76.28 , 21
995 , 75.26 , 21
996 , 74.24 , 21
997 , 72.97 , 21
998 , 71.95 , 21
999 , 71.18 , 21
1000 , 69.90 , 21
1001 , 69.14 , 21
1002 , 68.12 , 21
1003 , 66.84 , 21
1004 , 66.33 , 21
1005 , 65.57 , 21
1006 , 64.55 , 21
1007 , 64.04 , 21
1008 , 63.01 , 21
1009 , 62.25 , 21
1010 , 61.48 , 21
1011 , 60.46 , 21
1012 , 60.21 , 21
1013 , 59.44 , 21
1014 , 58.93 , 21
1015 , 58.17 , 22
1016 , 57.66 , 22
1017 , 59.44 , 22
1018 , 62.76 , 22
1019 , 66.08 , 22
1020 , 69.65 , 22
1021 , 72.20 , 22
1022 , 75.01 , 22
1023 , 77.81 , 22
1024 , 79.85 , 22
1025 , 82.92 , 22
1026 , 84.45 , 22
1027 , 87.00 , 22
1028 , 89.30 , 22
1029 , 91.59 , 22
1030 , 92.61 , 22
1031 , 92.36 , 22
1032 , 90.57 , 22
1033 , 89.04 , 22
1034 , 87.00 , 22
1035 , 85.21 , 22
1036 , 84.19 , 22
1037 , 81.90 , 22
1038 , 80.88 , 22
1039 , 79.85 , 22
1040 , 78.58 , 22
1041 , 77.56 , 22
1042 , 76.28 , 22
1043 , 75.26 , 22
1044 , 73.99 , 22
1045 , 73.22 , 22
1046 , 71.95 , 22
1047 , 71.18 , 22
1048 , 69.90 , 22
1049 , 68.88 , 22
1050 , 68.12 , 22
1051 , 67.61 , 22
1052 , 66.33 , 22
1053 , 65.57 , 22
1054 , 64.80 , 22
1055 , 64.29 , 22
1056 , 63.27 , 22
1057 , 62.50 , 22
1058 , 62.25 , 22
1059 , 61.23 , 22
1060 , 60.46 , 22
1061 , 59.70 , 22
1062 , 59.19 , 22
1063 , 58.68 , 23
1064 , 57.91 , 23
1065 , 60.72 , 23
1066 , 62.76 , 23
1067 , 65.82 , 23
1068 , 68.88 , 23
1069 , 72.46 , 23
1070 , 75.52 , 23
1071 , 77.56 , 23
1072 , 80.37 , 23
1073 , 82.15 , 23
1074 , 84.70 , 23
1075 , 86.49 , 23
1076 , 88.02 , 23
1077 , 90.83 , 23
1078 , 92.10 , 23
1079 , 91.34 , 23
1080 , 90.06 , 23
1081 , 88.02 , 23
1082 , 85.98 , 23
1083 , 84.19 , 23
1084 , 82.92 , 23
1085 , 81.64 , 23
1086 , 80.37 , 23
1087 , 78.83 , 23
1088 , 78.07 , 23
1089 , 76.28 , 23
1090 , 75.77 , 23
1091 , 74.75 , 23
1092 , 73.48 , 23
1093 , 71.69 , 23
1094 , 71.43 , 23
1095 , 70.16 , 23
1096 , 69.14 , 23
1097 , 68.63 , 23
1098 , 67.35 , 23
1099 , 66.84 , 23
1100 , 66.08 , 23
1101 , 64.80 , 23
1102 , 64.29 , 23
1103 , 63.53 , 23
1104 , 63.01 , 23
1105 , 62.25 , 23
1106 , 61.48 , 23
1107 , 60.21 , 23
1108 , 59.70 , 23
1109 , 59.44 , 23
1110 , 58.68 , 24
1111 , 58.17 , 24
1112 , 60.72 , 24
1113 , 62.76 , 24
1114 , 66.59 , 24
1115 , 69.39 , 24
1116 , 72.71 , 24
1117 , 75.26 , 24
1118 , 77.56 , 24
1119 , 80.62 , 24
1120 , 82.66 , 24
1121 , 84.70 , 24
1122 , 86.49 , 24
1123 , 88.02 , 24
1124 , 90.57 , 24
1125 , 92.10 , 24
1126 , 91.08 , 24
1127 , 89.30 , 24
1128 , 87.76 , 24
1129 , 85.98 , 24
1130 , 84.19 , 24
1131 , 82.92 , 24
1132 , 81.13 , 24
1133 , 80.11 , 24
1134 , 78.83 , 24
1135 , 77.56 , 24
1136 , 76.28 , 24
1137 , 75.26 , 24
1138 , 74.24 , 24
1139 , 73.22 , 24
1140 , 72.20 , 24
1141 , 71.18 , 24
1142 , 70.16 , 24
1143 , 69.39 , 24
1144 , 68.37 , 24
1145 , 67.35 , 24
1146 , 66.59 , 24
1147 , 65.82 , 24
1148 , 64.80 , 24
1149 , 64.29 , 24
1150 , 63.53 , 24
1151 , 62.76 , 24
1152 , 61.74 , 24
1153 , 61.23 , 24
1154 , 59.95 , 24
1155 , 59.70 , 24
1156 , 58.93 , 25
1157 , 58.42 , 25
1158 , 59.95 , 25
1159 , 64.04 , 25
1160 , 67.35 , 25
1161 , 69.65 , 25
1162 , 72.71 , 25
1163 , 75.52 , 25
1164 , 78.83 , 25
1165 , 81.13 , 25
1166 , 83.43 , 25
1167 , 84.96 , 25
1168 , 87.00 , 25
1169 , 89.55 , 25
1170 , 91.59 , 25
1171 , 92.87 , 25
1172 , 92.36 , 25
1173 , 90.57 , 25
1174 , 88.27 , 25
1175 , 87.00 , 25
1176 , 85.72 , 25
1177 , 83.94 , 25
1178 , 81.90 , 25
1179 , 81.13 , 25
1180 , 79.85 , 25
1181 , 78.32 , 25
1182 , 77.56 , 25
1183 , 76.03 , 25
1184 , 74.50 , 25
1185 , 73.73 , 25
1186 , 72.97 , 25
1187 , 72.20 , 25
1188 , 70.92 , 25
1189 , 70.16 , 25
1190 , 68.88 , 25
1191 , 68.12 , 25
1192 , 67.35 , 25
1193 , 66.59 , 25
1194 , 65.82 , 25
1195 , 64.80 , 25
1196 , 63.78 , 25
1197 , 63.01 , 25
1198 , 62.50 , 25
1199 , 61.74 , 25
1200 , 60.97 , 25
1201 , 60.46 , 25
1202 , 59.95 , 25
1203 , 58.93 , 25
1204 , 58.42 , 26
1205 , 57.40 , 26
1206 , 59.95 , 26
1207 , 62.25 , 26
1208 , 65.82 , 26
1209 , 69.14 , 26
1210 , 72.46 , 26
1211 , 75.01 , 26
1212 , 77.81 , 26
1213 , 79.60 , 26
1214 , 82.15 , 26
1215 , 83.94 , 26
1216 , 86.23 , 26
1217 , 88.79 , 26
1218 , 89.81 , 26
1219 , 91.85 , 26
1220 , 93.63 , 26
1221 , 93.12 , 26
1222 , 91.34 , 26
1223 , 89.30 , 26
1224 , 87.25 , 26
1225 , 85.98 , 26
1226 , 83.94 , 26
1227 , 82.66 , 26
1228 , 81.64 , 26
1229 , 80.11 , 26
1230 , 78.83 , 26
1231 , 77.30 , 26
1232 , 76.54 , 26
1233 , 75.52 , 26
1234 , 74.24 , 26
1235 , 72.71 , 26
1236 , 72.20 , 26
1237 , 71.18 , 26
1238 , 69.90 , 26
1239 , 69.39 , 26
1240 , 68.63 , 26
1241 , 67.10 , 26
1242 , 66.59 , 26
1243 , 65.82 , 26
1244 , 64.80 , 26
1245 , 64.29 , 26
1246 , 63.53 , 26
1247 , 62.76 , 26
1248 , 61.99 , 26
1249 , 60.97 , 26
1250 , 60.46 , 26
1251 , 59.44 , 26
1252 , 58.93 , 26
1253 , 58.68 , 27
1254 , 57.66 , 27
1255 , 59.70 , 27
1256 , 62.76 , 27
1257 , 65.82 , 27
1258 , 68.88 , 27
1259 , 71.95 , 27
1260 , 75.26 , 27
1261 , 77.81 , 27
1262 , 80.88 , 27
1263 , 82.66 , 27
1264 , 85.21 , 27
1265 , 87.00 , 27
1266 , 88.27 , 27
1267 , 90.83 , 27
1268 , 91.08 , 27
1269 , 91.85 , 27
1270 , 89.55 , 27
1271 , 88.02 , 27
1272 , 86.23 , 27
1273 , 84.45 , 27
1274 , 83.43 , 27
1275 , 81.64 , 27
1276 , 80.62 , 27
1277 , 79.09 , 27
1278 , 78.07 , 27
1279 , 76.79 , 27
1280 , 75.52 , 27
1281 , 74.50 , 27
1282 , 73.48 , 27
1283 , 72.46 , 27
1284 , 71.43 , 27
1285 , 70.67 , 27
1286 , 69.39 , 27
1287 , 68.88 , 27
1288 , 67.35 , 27
1289 , 66.84 , 27
1290 , 65.82 , 27
1291 , 65.31 , 27
1292 , 64.04 , 27
1293 , 63.53 , 27
1294 , 62.50 , 27
1295 , 61.99 , 27
1296 , 61.48 , 27
1297 , 60.46 , 27
1298 , 59.95 , 27
1299 , 59.19 , 27
1300 , 57.91 , 28
1301 , 57.91 , 28
1302 , 60.21 , 28
1303 , 62.76 , 28
1304 , 66.08 , 28
1305 , 69.90 , 28
1306 , 72.46 , 28
1307 , 75.26 , 28
1308 , 77.56 , 28
1309 , 80.11 , 28
1310 , 82.15 , 28
1311 , 84.45 , 28
1312 , 86.23 , 28
1313 , 88.53 , 28
1314 , 90.57 , 28
1315 , 91.59 , 28
1316 , 91.08 , 28
1317 , 89.55 , 28
1318 , 87.51 , 28
1319 , 85.47 , 28
1320 , 84.19 , 28
1321 , 82.66 , 28
1322 , 81.13 , 28
1323 , 79.85 , 28
1324 , 78.83 , 28
1325 , 77.56 , 28
1326 , 76.28 , 28
1327 , 75.01 , 28
1328 , 73.99 , 28
1329 , 72.71 , 28
1330 , 71.69 , 28
1331 , 70.67 , 28
1332 , 69.90 , 28
1333 , 68.88 , 28
1334 , 67.86 , 28
1335 , 67.10 , 28
1336 , 66.33 , 28
1337 , 65.57 , 28
1338 , 64.55 , 28
1339 , 63.78 , 28
1340 , 63.01 , 28
1341 , 61.99 , 28
1342 , 61.23 , 28
1343 , 60.46 , 28
1344 , 60.21 , 28
1345 , 59.44 , 28
1346 , 58.68 , 28
1347 , 58.42 , 29
1348 , 57.15 , 29
1349 , 59.70 , 29
1350 , 63.27 , 29
1351 , 66.08 , 29
1352 , 69.14 , 29
1353 , 72.20 , 29
1354 , 73.73 , 29
1355 , 76.54 , 29
1356 , 79.60 , 29
1357 , 82.15 , 29
1358 , 83.94 , 29
1359 , 85.98 , 29
1360 , 87.76 , 29
1361 , 89.55 , 29
1362 , 91.34 , 29
1363 , 92.36 , 29
1364 , 92.36 , 29
1365 , 90.57 , 29
1366 , 88.79 , 29
1367 , 87.00 , 29
1368 , 85.21 , 29
1369 , 83.94 , 29
1370 , 82.66 , 29
1371 , 81.13 , 29
1372 , 79.60 , 29
1373 , 78.58 , 29
1374 , 77.30 , 29
1375 , 76.28 , 29
1376 , 75.01 , 29
1377 , 74.24 , 29
1378 , 72.97 , 29
1379 , 71.95 , 29
1380 , 70.92 , 29
1381 , 69.90 , 29
1382 , 69.14 , 29
1383 , 68.12 , 29
1384 , 67.10 , 29
1385 , 66.08 , 29
1386 , 65.57 , 29
1387 , 64.80 , 29
1388 , 63.53 , 29
1389 , 63.01 , 29
1390 , 62.50 , 29
1391 , 61.74 , 29
1392 , 61.23 , 29
1393 , 60.21 , 29
1394 , 59.70 , 29
1395 , 58.68 , 29
1396 , 58.17 , 30
1397 , 57.91 , 30
1398 , 59.44 , 30
1399 , 61.99 , 30
1400 , 65.82 , 30
1401 , 68.63 , 30
1402 , 71.69 , 30
1403 , 74.50 , 30
1404 , 77.05 , 30
1405 , 79.34 , 30
1406 , 81.39 , 30
1407 , 84.19 , 30
1408 , 86.74 , 30
1409 , 87.51 , 30
1410 , 89.30 , 30
1411 , 91.34 , 30
1412 , 92.87 , 30
1413 , 91.85 , 30
1414 , 90.06 , 30
1415 , 87.76 , 30
1416 , 86.49 , 30
1417 , 84.96 , 30
1418 , 83.17 , 30
1419 , 81.90 , 30
1420 , 80.37 , 30
1421 , 79.09 , 30
1422 , 78.07 , 30
1423 , 76.28 , 30
1424 , 75.26 , 30
1425 , 74.50 , 30
1426 , 72.71 , 30
1427 , 71.95 , 30
1428 , 70.92 , 30
1429 , 70.16 , 30
1430 , 69.39 , 30
1431 , 68.12 , 30
1432 , 67.35 , 30
1433 , 66.84 , 30
1434 , 65.82 , 30
1435 , 65.06 , 30
1436 , 63.53 , 30
1437 , 63.53 , 30
1438 , 62.76 , 30
1439 , 61.48 , 30
1440 , 61.23 , 30
1441 , 60.46 , 30
1442 , 59.95 , 30
1443 , 59.19 , 30
