0 , 26.78 , 0
1 , 26.78 , 0
2 , 26.02 , 0
3 , 26.27 , 0
4 , 26.02 , 0
5 , 26.27 , 0
6 , 26.53 , 0
7 , 26.27 , 0
8 , 26.27 , 0
9 , 26.02 , 0
10 , 25.76 , 60
11 , 25.51 , 60
12 , 28.06 , 60
13 , 30.87 , 60
14 , 32.91 , 60
15 , 35.20 , 60
16 , 36.99 , 60
17 , 39.54 , 60
18 , 42.35 , 60
19 , 45.92 , 60
20 , 50.51 , 60
21 , 53.32 , 60
22 , 56.38 , 60
23 , 58.42 , 60
24 , 60.21 , 60
25 , 62.76 , 60
26 , 64.29 , 60
27 , 66.33 , 60
28 , 68.12 , 60
29 , 69.65 , 60
30 , 71.18 , 60
31 , 72.71 , 60
32 , 73.99 , 60
33 , 75.26 , 60
34 , 76.54 , 60
35 , 78.32 , 60
36 , 79.34 , 60
37 , 80.62 , 60
38 , 80.88 , 60
39 , 82.66 , 60
40 , 83.43 , 60
41 , 84.70 , 60
42 , 85.47 , 60
43 , 86.23 , 60
44 , 87.00 , 60
45 , 87.25 , 60
46 , 88.02 , 60
47 , 88.02 , 60
48 , 89.55 , 60
49 , 89.55 , 60
50 , 90.32 , 60
51 , 90.83 , 60
52 , 91.08 , 60
53 , 91.85 , 60
54 , 92.10 , 60
55 , 92.10 , 60
56 , 92.87 , 60
57 , 93.12 , 60
58 , 93.63 , 60
59 , 94.14 , 60
60 , 94.40 , 60
61 , 94.40 , 60
62 , 95.16 , 60
63 , 95.42 , 60
64 , 95.16 , 60
65 , 95.16 , 60
66 , 96.44 , 60
67 , 96.18 , 60
68 , 96.95 , 60
69 , 96.69 , 60
70 , 97.20 , 60
71 , 97.72 , 60
72 , 97.72 , 60
73 , 98.23 , 60
74 , 99.25 , 60
75 , 98.99 , 60
76 , 99.76 , 60
77 , 98.23 , 60
78 , 96.69 , 60
79 , 96.95 , 60
80 , 97.46 , 60
81 , 97.97 , 60
82 , 98.74 , 60
83 , 98.99 , 60
84 , 99.25 , 60
85 , 98.99 , 60
86 , 98.74 , 60
87 , 99.50 , 60
88 , 100.01 , 60
89 , 100.01 , 60
90 , 100.27 , 60
91 , 100.27 , 60
92 , 100.52 , 60
93 , 100.52 , 60
94 , 100.52 , 60
95 , 101.03 , 60
96 , 100.52 , 60
97 , 100.52 , 60
98 , 100.52 , 60
99 , 100.52 , 60
100 , 100.52 , 60
101 , 100.78 , 60
102 , 100.78 , 60
103 , 100.52 , 60
104 , 100.78 , 60
105 , 100.52 , 60
106 , 100.01 , 60
107 , 100.78 , 60
108 , 100.52 , 60
109 , 101.03 , 60
110 , 100.27 , 60
111 , 100.52 , 60
112 , 100.52 , 60
113 , 100.27 , 60
114 , 100.27 , 60
115 , 100.27 , 60
116 , 100.01 , 60
117 , 99.76 , 60
118 , 99.76 , 60
119 , 99.25 , 60
120 , 99.50 , 60
121 , 100.01 , 60
122 , 99.76 , 60
123 , 99.76 , 60
124 , 100.27 , 60
125 , 99.76 , 60
126 , 100.01 , 60
127 , 99.76 , 60
128 , 99.76 , 60
129 , 100.27 , 60
130 , 100.52 , 0
131 , 96.44 , 0
132 , 93.63 , 0
133 , 91.34 , 0
134 , 89.04 , 0
135 , 86.49 , 0
136 , 83.94 , 0
137 , 81.90 , 0
138 , 79.85 , 0
139 , 78.07 , 0
140 , 76.03 , 0
141 , 74.50 , 0
142 , 72.97 , 0
143 , 70.67 , 0
144 , 69.39 , 0
145 , 68.12 , 0
146 , 66.84 , 0
147 , 65.57 , 0
148 , 64.29 , 0
149 , 62.76 , 0
150 , 61.74 , 0
151 , 60.21 , 0
152 , 59.44 , 0
153 , 58.17 , 0
154 , 57.40 , 0
155 , 55.87 , 0
156 , 55.62 , 0
157 , 54.34 , 0
158 , 53.57 , 0
159 , 52.81 , 0
160 , 51.79 , 0
161 , 50.77 , 0
162 , 50.00 , 0
163 , 48.98 , 0
164 , 48.47 , 0
165 , 48.22 , 0
166 , 47.20 , 0
167 , 46.69 , 0
168 , 46.17 , 0
169 , 44.90 , 0
170 , 44.90 , 0
171 , 44.39 , 0
172 , 43.37 , 0
173 , 42.60 , 0
174 , 42.09 , 0
175 , 41.84 , 0
176 , 41.33 , 0
177 , 40.31 , 0
178 , 40.56 , 0
179 , 39.80 , 0
180 , 39.29 , 0
181 , 39.03 , 0
182 , 38.27 , 0
183 , 38.01 , 0
184 , 37.76 , 0
185 , 37.50 , 0
186 , 36.99 , 0
187 , 36.99 , 0
188 , 36.48 , 0
189 , 35.97 , 0
190 , 35.71 , 0
191 , 35.46 , 0
192 , 35.20 , 0
193 , 34.95 , 0
194 , 34.18 , 0
195 , 33.67 , 0
196 , 33.42 , 0
197 , 33.16 , 0
198 , 33.42 , 0
199 , 32.40 , 0
200 , 32.65 , 0
201 , 32.40 , 0
202 , 32.14 , 0
203 , 31.89 , 0
204 , 31.89 , 0
205 , 31.63 , 0
206 , 31.38 , 0
207 , 31.38 , 0
208 , 31.12 , 0
209 , 30.61 , 0
210 , 30.61 , 0
211 , 30.36 , 0
212 , 30.10 , 0
213 , 29.85 , 0
214 , 29.59 , 0
215 , 29.08 , 0
216 , 29.34 , 0
217 , 29.34 , 0
218 , 28.57 , 0
219 , 28.57 , 0
220 , 28.06 , 0
221 , 28.31 , 0
222 , 28.06 , 0
223 , 28.31 , 0
224 , 28.31 , 0
225 , 27.55 , 0
226 , 27.29 , 0
227 , 27.80 , 0
228 , 27.04 , 0
229 , 27.55 , 0
230 , 27.04 , 0
231 , 26.78 , 0
232 , 27.29 , 0
233 , 27.04 , 0
234 , 26.53 , 0
235 , 26.78 , 0
236 , 25.76 , 0
237 , 26.53 , 0
238 , 26.53 , 0
239 , 26.27 , 0
240 , 26.27 , 0
241 , 25.76 , 0
242 , 26.27 , 0
243 , 25.51 , 0
244 , 25.76 , 0
245 , 25.76 , 0
246 , 25.51 , 0
247 , 25.51 , 0
248 , 25.25 , 0
249 , 25.51 , 0
250 , 25.25 , 0
