0 , 30.10 , 0
1 , 29.08 , 0
2 , 28.82 , 0
3 , 29.08 , 0
4 , 29.08 , 0
5 , 29.08 , 0
6 , 28.82 , 0
7 , 28.57 , 0
8 , 28.82 , 0
9 , 28.31 , 0
10 , 28.57 , 20
11 , 28.06 , 20
12 , 28.31 , 20
13 , 27.80 , 20
14 , 27.80 , 20
15 , 27.80 , 20
16 , 27.55 , 20
17 , 27.29 , 20
18 , 27.55 , 20
19 , 27.29 , 20
20 , 27.55 , 20
21 , 27.55 , 20
22 , 27.04 , 20
23 , 27.29 , 20
24 , 27.04 , 20
25 , 27.04 , 20
26 , 26.78 , 20
27 , 26.53 , 20
28 , 26.53 , 20
29 , 26.02 , 20
30 , 26.78 , 20
31 , 26.53 , 20
32 , 26.78 , 20
33 , 27.04 , 20
34 , 27.04 , 20
35 , 28.06 , 20
36 , 27.29 , 20
37 , 27.80 , 20
38 , 27.04 , 20
39 , 28.06 , 20
40 , 28.31 , 20
41 , 28.06 , 20
42 , 28.06 , 20
43 , 28.31 , 20
44 , 27.55 , 20
45 , 27.80 , 20
46 , 27.80 , 20
47 , 27.29 , 20
48 , 28.06 , 20
49 , 28.31 , 20
50 , 28.57 , 20
51 , 28.31 , 20
52 , 28.57 , 20
53 , 28.57 , 20
54 , 28.31 , 20
55 , 27.80 , 20
56 , 28.06 , 20
57 , 28.57 , 20
58 , 28.57 , 20
59 , 28.57 , 20
60 , 28.31 , 20
61 , 28.57 , 20
62 , 28.31 , 20
63 , 28.57 , 20
64 , 28.57 , 20
65 , 28.57 , 20
66 , 28.57 , 20
67 , 28.57 , 20
68 , 28.82 , 20
69 , 28.57 , 20
70 , 27.55 , 20
71 , 28.57 , 20
72 , 28.57 , 20
73 , 27.55 , 20
74 , 28.57 , 20
75 , 28.31 , 20
76 , 27.80 , 20
77 , 28.57 , 20
78 , 28.31 , 20
79 , 28.31 , 20
80 , 28.06 , 20
81 , 28.57 , 20
82 , 28.06 , 20
83 , 28.31 , 20
84 , 28.31 , 20
85 , 28.31 , 20
86 , 28.06 , 20
87 , 28.57 , 20
88 , 27.80 , 20
89 , 28.31 , 20
90 , 28.06 , 20
91 , 28.31 , 20
92 , 28.31 , 20
93 , 28.31 , 20
94 , 28.31 , 20
95 , 28.06 , 20
96 , 28.57 , 20
97 , 28.31 , 20
98 , 28.57 , 20
99 , 28.31 , 20
100 , 28.06 , 20
101 , 28.06 , 20
102 , 28.31 , 20
103 , 28.31 , 20
104 , 27.80 , 20
105 , 28.31 , 20
106 , 28.31 , 20
107 , 28.57 , 20
108 , 28.57 , 20
109 , 28.82 , 20
110 , 28.57 , 20
111 , 28.57 , 20
112 , 28.82 , 20
113 , 28.82 , 20
114 , 29.08 , 20
115 , 28.31 , 20
116 , 28.57 , 20
117 , 28.57 , 20
118 , 28.82 , 20
119 , 28.82 , 20
120 , 28.57 , 20
121 , 29.08 , 20
122 , 28.31 , 20
123 , 28.57 , 20
124 , 29.08 , 20
125 , 28.57 , 20
126 , 29.08 , 20
127 , 29.08 , 20
128 , 28.82 , 20
129 , 29.08 , 20
130 , 29.08 , 0
131 , 27.80 , 0
132 , 28.06 , 0
133 , 27.80 , 0
134 , 27.55 , 0
135 , 27.55 , 0
136 , 27.29 , 0
137 , 27.29 , 0
138 , 27.04 , 0
139 , 26.78 , 0
140 , 26.53 , 0
141 , 26.78 , 0
142 , 26.53 , 0
143 , 26.27 , 0
144 , 26.53 , 0
145 , 26.27 , 0
146 , 26.27 , 0
147 , 25.76 , 0
148 , 26.02 , 0
149 , 26.02 , 0
150 , 26.02 , 0
151 , 26.02 , 0
152 , 25.76 , 0
153 , 25.51 , 0
154 , 25.76 , 0
155 , 25.76 , 0
156 , 25.51 , 0
157 , 25.25 , 0
158 , 25.25 , 0
159 , 25.25 , 0
160 , 25.25 , 0
161 , 25.51 , 0
162 , 25.25 , 0
163 , 25.51 , 0
164 , 25.00 , 0
165 , 25.00 , 0
166 , 25.00 , 0
167 , 24.74 , 0
168 , 25.25 , 0
169 , 24.74 , 0
170 , 25.00 , 0
171 , 24.74 , 0
172 , 24.74 , 0
173 , 24.49 , 0
174 , 24.74 , 0
175 , 24.49 , 0
176 , 24.49 , 0
177 , 24.49 , 0
178 , 24.49 , 0
179 , 24.49 , 0
180 , 23.98 , 0
181 , 24.74 , 0
182 , 24.49 , 0
183 , 24.23 , 0
184 , 24.23 , 0
185 , 24.23 , 0
186 , 24.23 , 0
187 , 23.98 , 0
188 , 23.98 , 0
189 , 24.23 , 0
190 , 23.98 , 0
191 , 23.98 , 0
192 , 23.98 , 0
193 , 23.72 , 0
194 , 23.98 , 0
195 , 23.98 , 0
196 , 23.98 , 0
197 , 23.98 , 0
198 , 23.47 , 0
199 , 23.72 , 0
200 , 23.72 , 0
201 , 23.98 , 0
202 , 23.47 , 0
203 , 23.72 , 0
204 , 23.72 , 0
205 , 23.47 , 0
206 , 23.72 , 0
207 , 23.72 , 0
208 , 23.47 , 0
209 , 23.72 , 0
210 , 23.72 , 0
211 , 23.47 , 0
212 , 23.72 , 0
213 , 23.47 , 0
214 , 23.47 , 0
215 , 23.47 , 0
216 , 23.21 , 0
217 , 23.47 , 0
218 , 23.47 , 0
219 , 22.96 , 0
220 , 23.47 , 0
221 , 23.47 , 0
222 , 22.96 , 0
223 , 23.47 , 0
224 , 23.21 , 0
225 , 23.21 , 0
226 , 23.21 , 0
227 , 23.21 , 0
228 , 23.72 , 0
229 , 23.21 , 0
230 , 23.47 , 0
231 , 23.21 , 0
232 , 23.21 , 0
233 , 23.21 , 0
234 , 22.45 , 0
235 , 23.21 , 0
236 , 23.21 , 0
237 , 23.21 , 0
238 , 22.70 , 0
239 , 23.21 , 0
240 , 22.96 , 0
241 , 22.96 , 0
242 , 23.21 , 0
243 , 22.96 , 0
244 , 22.70 , 0
245 , 22.96 , 0
246 , 22.96 , 0
247 , 22.70 , 0
248 , 22.96 , 0
249 , 22.96 , 0
250 , 22.96 , 0
