0 , 23.72 , 0
1 , 23.21 , 0
2 , 23.47 , 0
3 , 23.47 , 0
4 , 23.21 , 0
5 , 22.96 , 0
6 , 23.21 , 0
7 , 23.47 , 0
8 , 23.72 , 0
9 , 23.47 , 0
10 , 23.47 , 100
11 , 23.72 , 100
12 , 30.61 , 100
13 , 32.40 , 100
14 , 33.16 , 100
15 , 36.48 , 100
16 , 38.27 , 100
17 , 39.29 , 100
18 , 39.80 , 100
19 , 40.05 , 100
20 , 41.33 , 100
21 , 41.58 , 100
22 , 42.86 , 100
23 , 44.13 , 100
24 , 44.13 , 100
25 , 44.64 , 100
26 , 45.66 , 100
27 , 45.92 , 100
28 , 47.20 , 100
29 , 47.71 , 100
30 , 48.22 , 100
31 , 48.73 , 100
32 , 49.24 , 100
33 , 50.00 , 100
34 , 50.77 , 100
35 , 51.53 , 100
36 , 51.79 , 100
37 , 52.30 , 100
38 , 52.55 , 100
39 , 53.83 , 100
40 , 54.34 , 100
41 , 54.59 , 100
42 , 54.85 , 100
43 , 55.87 , 100
44 , 56.13 , 100
45 , 56.38 , 100
46 , 56.89 , 100
47 , 56.89 , 100
48 , 57.91 , 100
49 , 58.17 , 100
50 , 58.42 , 100
51 , 59.44 , 100
52 , 59.44 , 100
53 , 58.93 , 100
54 , 59.44 , 100
55 , 59.70 , 100
56 , 60.97 , 100
57 , 60.97 , 100
58 , 61.48 , 100
59 , 61.48 , 100
60 , 61.48 , 100
61 , 62.25 , 100
62 , 63.01 , 100
63 , 62.76 , 100
64 , 62.76 , 100
65 , 63.27 , 100
66 , 63.78 , 100
67 , 63.53 , 100
68 , 63.53 , 100
69 , 63.78 , 100
70 , 63.53 , 100
71 , 63.78 , 100
72 , 64.04 , 100
73 , 64.04 , 100
74 , 64.55 , 100
75 , 64.80 , 100
76 , 65.06 , 100
77 , 65.06 , 100
78 , 65.31 , 100
79 , 65.31 , 100
80 , 65.31 , 100
81 , 65.82 , 100
82 , 65.82 , 100
83 , 65.31 , 100
84 , 65.57 , 100
85 , 65.82 , 100
86 , 65.82 , 100
87 , 66.59 , 100
88 , 66.59 , 100
89 , 66.33 , 100
90 , 66.08 , 100
91 , 66.33 , 100
92 , 66.59 , 100
93 , 66.59 , 100
94 , 66.84 , 100
95 , 66.84 , 100
96 , 66.59 , 100
97 , 66.59 , 100
98 , 67.35 , 100
99 , 67.10 , 100
100 , 67.35 , 100
101 , 67.10 , 100
102 , 67.61 , 100
103 , 68.12 , 100
104 , 67.86 , 100
105 , 67.35 , 100
106 , 67.86 , 100
107 , 68.37 , 100
108 , 68.12 , 100
109 , 67.86 , 100
110 , 67.35 , 100
111 , 68.12 , 100
112 , 68.37 , 100
113 , 68.12 , 100
114 , 67.86 , 100
115 , 68.37 , 100
116 , 68.12 , 100
117 , 67.86 , 100
118 , 68.63 , 100
119 , 68.12 , 100
120 , 68.88 , 100
121 , 68.88 , 100
122 , 68.88 , 100
123 , 69.14 , 100
124 , 69.14 , 100
125 , 68.88 , 100
126 , 68.88 , 100
127 , 68.63 , 100
128 , 68.88 , 100
129 , 68.63 , 100
130 , 68.37 , 0
131 , 61.99 , 0
132 , 60.46 , 0
133 , 59.19 , 0
134 , 58.42 , 0
135 , 57.66 , 0
136 , 56.38 , 0
137 , 56.13 , 0
138 , 55.36 , 0
139 , 54.85 , 0
140 , 54.34 , 0
141 , 53.57 , 0
142 , 53.06 , 0
143 , 52.04 , 0
144 , 51.28 , 0
145 , 50.51 , 0
146 , 50.26 , 0
147 , 49.24 , 0
148 , 49.24 , 0
149 , 48.22 , 0
150 , 47.71 , 0
151 , 47.45 , 0
152 , 46.69 , 0
153 , 45.92 , 0
154 , 45.92 , 0
155 , 45.15 , 0
156 , 44.64 , 0
157 , 43.88 , 0
158 , 43.62 , 0
159 , 42.86 , 0
160 , 42.35 , 0
161 , 42.35 , 0
162 , 41.84 , 0
163 , 41.07 , 0
164 , 40.05 , 0
165 , 40.05 , 0
166 , 40.05 , 0
167 , 39.80 , 0
168 , 39.29 , 0
169 , 39.03 , 0
170 , 38.78 , 0
171 , 38.27 , 0
172 , 38.01 , 0
173 , 37.50 , 0
174 , 37.50 , 0
175 , 36.99 , 0
176 , 36.22 , 0
177 , 36.22 , 0
178 , 35.97 , 0
179 , 35.97 , 0
180 , 35.71 , 0
181 , 34.69 , 0
182 , 34.69 , 0
183 , 34.69 , 0
184 , 34.18 , 0
185 , 34.44 , 0
186 , 33.93 , 0
187 , 33.67 , 0
188 , 33.67 , 0
189 , 33.42 , 0
190 , 33.16 , 0
191 , 33.16 , 0
192 , 31.89 , 0
193 , 32.14 , 0
194 , 32.40 , 0
195 , 32.14 , 0
196 , 31.63 , 0
197 , 31.38 , 0
198 , 31.63 , 0
199 , 31.38 , 0
200 , 31.12 , 0
201 , 31.12 , 0
202 , 30.61 , 0
203 , 30.87 , 0
204 , 30.61 , 0
205 , 30.61 , 0
206 , 30.36 , 0
207 , 30.36 , 0
208 , 29.59 , 0
209 , 29.85 , 0
210 , 29.59 , 0
211 , 29.34 , 0
212 , 29.34 , 0
213 , 28.82 , 0
214 , 29.08 , 0
215 , 28.82 , 0
216 , 29.08 , 0
217 , 28.31 , 0
218 , 28.31 , 0
219 , 28.57 , 0
220 , 28.31 , 0
221 , 28.31 , 0
222 , 27.80 , 0
223 , 28.31 , 0
224 , 27.55 , 0
225 , 27.80 , 0
226 , 27.80 , 0
227 , 27.80 , 0
228 , 27.55 , 0
229 , 27.04 , 0
230 , 26.78 , 0
231 , 27.29 , 0
232 , 27.29 , 0
233 , 27.29 , 0
234 , 26.78 , 0
235 , 27.04 , 0
236 , 26.78 , 0
237 , 26.78 , 0
238 , 27.04 , 0
239 , 26.27 , 0
240 , 26.27 , 0
241 , 26.53 , 0
242 , 26.78 , 0
243 , 26.53 , 0
244 , 26.27 , 0
245 , 26.27 , 0
246 , 26.27 , 0
247 , 26.02 , 0
248 , 26.02 , 0
249 , 25.51 , 0
250 , 25.25 , 0

