0 , 25.51 , 0
1 , 24.74 , 0
2 , 25.00 , 0
3 , 24.74 , 0
4 , 24.23 , 0
5 , 24.74 , 0
6 , 24.49 , 0
7 , 24.49 , 0
8 , 24.74 , 0
9 , 24.49 , 0
10 , 23.98 , 40
11 , 24.74 , 40
12 , 26.27 , 40
13 , 25.76 , 40
14 , 26.53 , 40
15 , 27.29 , 40
16 , 27.55 , 40
17 , 28.31 , 40
18 , 28.57 , 40
19 , 29.34 , 40
20 , 29.59 , 40
21 , 29.85 , 40
22 , 30.10 , 40
23 , 30.36 , 40
24 , 30.10 , 40
25 , 30.87 , 40
26 , 31.38 , 40
27 , 31.38 , 40
28 , 31.89 , 40
29 , 32.14 , 40
30 , 31.63 , 40
31 , 32.40 , 40
32 , 32.40 , 40
33 , 32.14 , 40
34 , 32.91 , 40
35 , 32.91 , 40
36 , 33.42 , 40
37 , 33.16 , 40
38 , 33.67 , 40
39 , 33.16 , 40
40 , 33.42 , 40
41 , 34.18 , 40
42 , 33.93 , 40
43 , 34.44 , 40
44 , 34.18 , 40
45 , 34.18 , 40
46 , 34.44 , 40
47 , 34.44 , 40
48 , 34.95 , 40
49 , 34.44 , 40
50 , 34.95 , 40
51 , 34.69 , 40
52 , 34.95 , 40
53 , 34.95 , 40
54 , 35.20 , 40
55 , 35.46 , 40
56 , 35.20 , 40
57 , 35.46 , 40
58 , 35.71 , 40
59 , 35.97 , 40
60 , 35.97 , 40
61 , 36.22 , 40
62 , 36.48 , 40
63 , 35.97 , 40
64 , 36.48 , 40
65 , 36.48 , 40
66 , 36.22 , 40
67 , 36.73 , 40
68 , 36.48 , 40
69 , 36.48 , 40
70 , 36.48 , 40
71 , 36.73 , 40
72 , 36.73 , 40
73 , 36.48 , 40
74 , 36.99 , 40
75 , 36.99 , 40
76 , 36.73 , 40
77 , 36.99 , 40
78 , 37.24 , 40
79 , 37.24 , 40
80 , 36.73 , 40
81 , 36.73 , 40
82 , 37.24 , 40
83 , 36.99 , 40
84 , 36.99 , 40
85 , 37.76 , 40
86 , 37.76 , 40
87 , 38.01 , 40
88 , 37.50 , 40
89 , 37.50 , 40
90 , 37.50 , 40
91 , 37.76 , 40
92 , 37.76 , 40
93 , 37.76 , 40
94 , 37.76 , 40
95 , 37.50 , 40
96 , 37.24 , 40
97 , 38.01 , 40
98 , 37.76 , 40
99 , 37.76 , 40
100 , 37.50 , 40
101 , 38.01 , 40
102 , 37.24 , 40
103 , 38.01 , 40
104 , 37.76 , 40
105 , 38.01 , 40
106 , 37.76 , 40
107 , 38.01 , 40
108 , 37.76 , 40
109 , 38.52 , 40
110 , 38.01 , 40
111 , 38.27 , 40
112 , 37.76 , 40
113 , 38.27 , 40
114 , 38.52 , 40
115 , 38.27 , 40
116 , 38.27 , 40
117 , 38.52 , 40
118 , 38.27 , 40
119 , 38.52 , 40
120 , 38.01 , 40
121 , 38.27 , 40
122 , 38.78 , 40
123 , 38.27 , 40
124 , 38.01 , 40
125 , 38.78 , 40
126 , 38.52 , 40
127 , 38.52 , 40
128 , 39.03 , 40
129 , 38.78 , 40
130 , 38.52 , 0
131 , 37.24 , 0
132 , 36.48 , 0
133 , 36.22 , 0
134 , 35.71 , 0
135 , 35.46 , 0
136 , 34.95 , 0
137 , 34.44 , 0
138 , 34.69 , 0
139 , 34.18 , 0
140 , 33.93 , 0
141 , 33.67 , 0
142 , 33.16 , 0
143 , 33.16 , 0
144 , 32.91 , 0
145 , 32.65 , 0
146 , 32.40 , 0
147 , 32.14 , 0
148 , 32.14 , 0
149 , 31.63 , 0
150 , 31.63 , 0
151 , 31.38 , 0
152 , 31.12 , 0
153 , 30.87 , 0
154 , 30.61 , 0
155 , 30.61 , 0
156 , 30.36 , 0
157 , 30.10 , 0
158 , 29.59 , 0
159 , 29.85 , 0
160 , 29.85 , 0
161 , 29.34 , 0
162 , 29.08 , 0
163 , 29.85 , 0
164 , 29.34 , 0
165 , 29.34 , 0
166 , 29.08 , 0
167 , 28.57 , 0
168 , 28.82 , 0
169 , 28.57 , 0
170 , 28.31 , 0
171 , 28.57 , 0
172 , 28.31 , 0
173 , 27.80 , 0
174 , 28.31 , 0
175 , 28.06 , 0
176 , 27.55 , 0
177 , 28.06 , 0
178 , 27.80 , 0
179 , 27.80 , 0
180 , 27.55 , 0
181 , 27.55 , 0
182 , 27.29 , 0
183 , 26.78 , 0
184 , 27.04 , 0
185 , 27.29 , 0
186 , 27.29 , 0
187 , 26.78 , 0
188 , 26.78 , 0
189 , 26.78 , 0
190 , 26.78 , 0
191 , 26.53 , 0
192 , 26.27 , 0
193 , 26.53 , 0
194 , 26.02 , 0
195 , 26.27 , 0
196 , 26.53 , 0
197 , 26.53 , 0
198 , 26.27 , 0
199 , 26.02 , 0
200 , 26.02 , 0
201 , 26.27 , 0
202 , 25.76 , 0
203 , 25.76 , 0
204 , 25.51 , 0
205 , 26.02 , 0
206 , 25.76 , 0
207 , 25.25 , 0
208 , 25.51 , 0
209 , 25.25 , 0
210 , 25.25 , 0
211 , 25.51 , 0
212 , 25.00 , 0
213 , 25.25 , 0
214 , 25.25 , 0
215 , 25.25 , 0
216 , 25.51 , 0
217 , 25.00 , 0
218 , 25.25 , 0
219 , 24.74 , 0
220 , 24.74 , 0
221 , 24.49 , 0
222 , 25.00 , 0
223 , 24.49 , 0
224 , 25.00 , 0
225 , 24.74 , 0
226 , 24.49 , 0
227 , 24.49 , 0
228 , 25.00 , 0
229 , 24.74 , 0
230 , 24.49 , 0
231 , 24.49 , 0
232 , 24.49 , 0
233 , 24.49 , 0
234 , 24.49 , 0
235 , 24.23 , 0
236 , 24.49 , 0
237 , 24.23 , 0
238 , 24.23 , 0
239 , 24.23 , 0
240 , 24.23 , 0
241 , 23.98 , 0
242 , 23.98 , 0
243 , 23.98 , 0
244 , 24.23 , 0
245 , 23.72 , 0
246 , 23.98 , 0
247 , 23.98 , 0
248 , 24.23 , 0
249 , 24.23 , 0
250 , 23.47 , 0
